[-5.05900815e+00  1.07120649e+01 -6.19051187e+00 -7.15862851e+00
  1.59945507e+01 -6.49337913e+00 -2.35642030e+01 -5.11480277e+00
  1.99134465e+01 -5.35556869e+00 -4.12870757e+00  1.14019562e+01
  6.33135615e+00  1.29024658e+01 -2.71828457e+01  4.88988100e+00
  2.33427801e+01 -3.56674792e+01 -2.58240962e+01  2.39689051e+01
 -1.23054961e+00  9.11647637e+00  4.80515826e+01  1.77711644e+01
 -8.54363064e+00  1.17694541e+01 -2.67872864e+01 -2.08915438e+01
  3.43202894e+00 -7.72113088e+00  1.15034023e+01 -1.89245068e+01
 -1.97383522e+01 -1.08194374e+00  2.12428361e+00  8.24803850e+00
 -4.92650640e-01  4.45488763e+00  1.87208997e+01  1.18439322e+01
  5.92365515e+00  1.17924934e+01 -6.66792418e+00 -8.05131615e+00
 -8.34348003e+00  9.67168192e+00  1.09562898e+01  4.29142322e+01
 -1.29930359e+01  5.36888815e+00  5.67930448e+00 -2.17695612e+01
  7.20827606e-01 -2.28649250e+01 -2.60879295e+01 -3.43433098e+01
 -1.17308514e+01  1.14676805e+01  3.82841345e+00  8.34702229e+00
 -7.83963921e-01 -8.70710546e+00 -1.40255898e+01  1.31655205e+01
 -3.82961900e+01  3.22817651e+00  1.09666814e+01  1.12592791e+01
 -2.09761016e+01 -1.67525726e+01  5.48576859e+00  1.81241303e+01
  1.61592380e+01 -2.72715477e+01 -1.34170307e+00  2.30463882e+01
 -3.07495461e+01 -2.12475449e+00  1.01299131e+01  7.11234726e+00
  1.93617171e+01  6.01346651e+00  7.62605601e+00 -3.91435030e+01
  1.30316029e+01 -9.71063563e+00 -4.43203385e+00  3.73042166e-01
 -3.55976754e+00 -4.03659769e+00  9.95084802e+00  1.02678002e+01
  8.43696333e+00  8.08374258e+00  4.82716540e+00 -1.81447975e+00
  2.02445645e+01 -2.69588387e+00  3.05159741e+01 -1.17760378e+01
 -4.90669005e+00 -1.73729811e+01 -2.69983946e+01 -5.86126428e+00
  1.07375653e+01 -3.28631119e+01 -1.79633174e+01  1.26755883e+01
  9.71864853e+00 -2.42023442e+01 -2.95417984e+01  2.40496090e+01
  1.50950290e+01 -2.33197848e+01  1.08933097e+01 -1.80804971e+01
  2.31269466e+01  1.65334980e+01  1.44730212e+00  1.28682755e+01
 -1.38491275e+01  1.00636978e+01 -2.69191896e+00  2.31395794e+01
  3.03368496e+00 -3.13712302e+01 -1.62361839e+01  4.07311089e+00
 -1.65702235e+01  3.70687370e+00  1.11746687e+00 -1.09527533e+01
  1.20251793e+01  4.20988777e+01  3.31569669e+00  1.72756839e+01
 -7.42004511e+00 -1.24119116e+01  1.10520004e+01  3.05104365e+00
  1.93196879e+01 -2.17186754e+00 -4.97597359e+00 -7.78783845e+00
  1.06700830e+01 -8.00532980e-01  9.77463720e+00  1.19274231e+00
  9.80128126e+00  2.44187486e+01 -2.60214633e-02  8.61635543e-01
  1.70004526e+01 -1.72720980e+01  7.04279249e+00  8.91164504e+00
 -1.21459952e+01  4.64254756e+00  1.58408054e-01 -2.64214285e+01
  1.11267486e+01  3.60000021e+00 -4.60500473e+00  1.54774650e+01
  1.14724738e+01 -3.13130420e+01  5.71037711e+00 -5.03705593e+00
  4.86822859e+00  1.37839317e+01 -1.31382160e+01 -1.23366901e+01
  2.68017222e+01 -4.13251532e+00  3.73709568e+00  3.36433317e+00
  1.96496407e+01 -9.18739716e+00 -9.83833267e+00  2.28621961e+01
 -1.27657573e+01  2.76198993e+01  1.09277668e+01  3.57752263e+01
 -4.22815905e+00 -1.88006498e+01 -7.89150094e-01  1.20947983e+01
 -1.07381372e+01 -1.19495616e+01  1.60783304e+01 -7.97085562e+00
 -2.37887526e+01 -5.56837432e+00  2.34485255e+01  1.11389150e+01
  9.76513569e+00 -2.76180686e+01  2.56044737e+00 -1.51753605e+01
  6.06249883e-02 -4.22947683e+00  1.66318381e+01  7.09232997e+00
  2.94563795e+00 -5.13849248e+00  1.83131823e+01  3.26386078e+01
  1.63163914e+01 -1.44509229e+01  4.64432028e+01  3.37206909e-01
  3.06087976e+01 -1.75625163e+01  1.16923275e+01  1.34875758e+00
  1.21952349e+01  1.05386372e+01 -2.95791232e+01  1.55234598e+01
  9.72044961e+00 -2.03798792e+01 -7.83323027e+00  1.31700472e+01
  6.26575673e+00  9.79143451e-01 -4.05229239e+00  1.01824734e+00
  2.17976519e+01 -2.08330684e+01 -5.17579577e+00 -9.92149904e+00
 -2.65065267e+01 -4.60763521e+00 -3.11660333e+00 -1.71633558e+01
 -4.93610475e+00 -5.67031761e+00 -8.17513270e+00  1.97864813e+01
  8.64112750e+00 -2.76450646e+01  1.67812214e+01 -2.84901251e+00
 -6.76299556e+00  1.67505723e+01 -3.98521682e+01 -9.83027033e+00
 -2.74372373e+00  1.56976079e+01 -3.76240821e+01  3.43834502e+00
  1.58520840e+01 -1.35486789e+01 -3.46798167e+01  2.08402646e+01
  5.15860437e+00 -1.49823228e+01  2.22430838e+01 -2.98925618e+01
 -3.22323428e+00  1.46447871e+00  6.61612968e+00  2.15358154e+01
 -2.48989893e+00 -2.38125615e+01 -2.07489524e+01 -9.87712403e+00
  4.46857169e+00 -1.49215448e+01  4.70353784e-01  1.57764731e+01
  2.34952292e+00  6.99925279e+00 -6.39004448e+00 -1.32796610e+01
 -8.38167310e+00 -1.48388272e+01 -2.12231101e-01  2.16402507e+01
 -7.43042937e+00 -1.22972972e+01 -2.93377978e+01 -5.45790653e+00
 -5.35216198e+00  9.24403039e+00 -5.22941731e+00  6.06110273e-01
 -9.78741364e+00 -8.13213317e+00 -2.16677439e+00  9.86182095e+00
  1.78368928e+01  2.22558604e+01 -2.22102082e+01 -3.50572794e+00
  6.66611603e+00 -2.25277435e+01 -3.36574742e+01 -5.00003082e+00]