[ -1.0715577    9.03790396  -9.12307661  -8.94872383  16.80366485
 -13.46365097 -37.50846183  -7.86650193  25.78819174  -4.72327108
   4.49092407  16.8145087    2.274424    21.73565069 -40.47085386
   9.44659894  28.07551774 -54.25460656 -43.47379505  39.01280365
   4.17430725  18.03849194  68.9937757   26.15226866 -16.79775276
  13.45162764 -40.13366185 -35.20644567   4.73230066 -15.57618113
  18.62408658 -25.21096851 -32.09073968   3.44306851  -1.88607048
  14.68903623  -3.74454452   4.8831114   33.88774253  23.53766238
   5.58394847  18.43804336  -6.52543072 -15.34134691 -17.11955325
  19.24081359  18.78197752  59.48822537 -23.71813507   7.60070932
   9.14672257 -33.88106258   2.35442767 -34.93933753 -43.16045893
 -51.98830538 -19.61454245  21.47010113   8.4241453   18.51855866
   0.12194262 -18.10404597 -22.81609004  22.43138573 -61.30946182
   3.65403511  18.02204632  12.05633886 -33.97533935 -21.75918949
   6.22972604  28.62580198  23.8315598  -43.64283419   0.30402742
  32.24086615 -44.52946283  -4.43728349  14.07654436  13.21181964
  28.67481178   4.82324602  13.45223803 -62.53643143  24.98417999
 -13.90953619  -8.24305361  10.54280704  -2.31272181 -10.82187579
  11.40552645  16.79276777   8.81833883  12.00906055  13.67076028
  -3.06647717  26.05040232   4.9945996   41.93920257 -13.7137647
  -7.83275456 -28.74911882 -39.92167095 -13.5145892   18.19761221
 -46.65096979 -27.97571022  20.25658216  10.8509648  -34.65644491
 -44.23851031  37.1040903   13.41750216 -30.44672304   8.87003405
 -21.17245188  35.03402767  22.00712422  -2.38954444  14.57755652
 -23.8346843   17.08777308  -4.16632915  33.00155154   4.94714173
 -47.69662643 -29.98957826   3.24303273 -28.46325181   4.43513045
   2.7820774   -9.74070319  22.29641983  60.87261663   9.28355434
  34.649467   -12.31078994 -18.65469355  21.13647808  -1.93136035
  28.88731156  -5.68003871 -12.14810819 -12.63027447  14.55595236
   2.76076613  11.05183311   4.4314533   12.86569769  34.29699572
   4.84026168   6.67873204  25.94886975 -25.32950235   5.33007438
  13.9052263  -19.41629629   2.93337582  -5.03198319 -31.41848993
  19.49684001   2.97512953  -9.33036532  19.47786663  14.2563041
 -46.23180926  11.56123884  -9.98982927   2.8953376   24.5031029
 -21.36222571 -19.93662321  49.03924207  -7.67303558   9.6407185
   1.38727417  34.54283053 -15.47391068 -13.02850867  38.30401601
 -16.36665293  44.78862186  12.13441506  52.83414661   2.04871728
 -24.46452761  -6.05551931  15.84910142 -18.78178719 -20.02623691
  23.10082832 -11.33006037 -34.57335993  -7.01159536  28.77973034
  10.93292139  15.71007873 -47.37110604  -2.41006492 -19.17053065
  -0.67457857  -7.96095126  22.66362111  14.91926179   4.79616721
 -10.32644125  34.73211461  50.5789327   27.67018617 -22.63051715
  63.14614103  -2.1118847   46.53200295 -29.18725128  15.27986175
  -6.27389789  18.65952626  18.45520692 -44.10951845  26.22682812
  19.59548717 -32.34232481  -9.24937424  20.2635085    8.2586562
  -3.86252916  -4.60151749  -2.51668998  28.21568215 -32.91673696
  -1.23849132  -8.07095762 -33.78896331 -15.22567072  -5.29550553
 -30.15464119  -6.49479457  -4.03693402 -12.19432133  33.06513835
  21.5463168  -38.42313916  31.85883642  -5.24505842 -11.98930011
  28.21079124 -61.30216296 -20.84792747  -2.37419409  24.81350173
 -60.33903086  13.27834984  28.57266293 -14.79635582 -52.5289288
  28.65408924   8.78845636 -17.43158274  37.89206326 -48.11015723
  -5.39193135   2.2208534   11.71096397  36.25934229  -2.52772491
 -39.46601235 -28.51767286 -10.35349673   9.55709856 -26.5608309
   4.65843314  24.6300657    0.42863788   2.23304908  -9.17624108
 -16.74960593 -14.44781298 -16.08295552  -6.64628161  28.63851123
 -10.78431989 -19.61519671 -44.70305944 -12.59819234 -10.31018278
  18.80833024  -7.93114988  -3.07219724 -12.85693192 -14.9889597
  -0.1057665   24.53020282  19.44053439  27.07647058 -35.76202904
 -13.60623962   0.07373703 -35.74793734 -53.92258801  -2.80255206]