[ -4.98565247   6.27528001  -6.06347268  -5.13091657  13.23103447
  -6.52701982 -22.74164061  -5.68155328  17.81497001  -5.05535035
  -2.48416275   9.39403341   0.56769302  11.51744958 -26.53180315
   5.60190858  19.38128056 -31.70839681 -22.09965162  23.16102293
   0.16332249   9.32756934  42.95148807  15.18405931  -6.91939349
   9.85495211 -23.5268922  -21.64186996   3.50993131  -5.89314636
  11.40664365 -16.15640197 -15.38771033  -1.47958097   1.26896578
   8.81014222  -1.55786732   3.15392989  19.17550228  11.33011929
   5.50101245   9.10262136  -6.09387257  -5.36669043 -12.6606478
  10.18091317   9.59020703  37.6290181  -13.98261476   5.04279387
   6.97165252 -19.45939135   0.22468482 -21.62191089 -24.11675081
 -31.07425361  -8.72081385  10.62903172   2.33973414   6.71852281
   1.07651451 -11.56556687 -13.1909501   13.83272032 -35.83724448
   1.86220696   9.16582198   7.64374283 -20.44573489 -14.93890936
   5.07940087  15.89235295  15.03568393 -25.627468     1.30225177
  21.27066524 -25.11890028  -0.80886084   8.94853664   6.09155326
  17.67639789   2.39900738   6.70640111 -36.8659544   12.72080697
  -7.92169313  -4.59253689  -0.18099573  -1.67164518  -4.30312154
   8.68858755   8.01927861   8.1050259   10.29800328   5.56695231
  -2.4636483   17.16188467  -1.15986457  27.11254394  -8.50594896
  -5.65894045 -15.67040715 -24.37019696  -8.35024286  10.63167821
 -27.92422746 -15.64412057  10.69442658   7.65623577 -20.33362518
 -28.59187042  17.60475769  12.33638516 -20.35275443   7.1502188
 -15.58313687  20.1431223   12.7833881   -0.43703681  10.57009865
 -13.83976825   7.64348667  -4.26527465  20.80010931   2.15761478
 -26.4644527  -16.33452876   3.875227   -14.74775915   3.51506469
   1.40541246  -9.28564681  11.79334499  38.48483781   3.05167601
  16.45656802  -5.39485944 -11.64170285  11.32653724   2.70067769
  18.20676928  -3.2082214   -7.03011512  -6.49918582   9.56952976
   0.7803336    9.55636868   1.92087813   9.00026979  22.09314999
   3.46632864   2.73447468  15.14663545 -17.51072459   3.8238016
  10.14626891 -12.36251363   2.93672829   0.73021727 -21.64443578
   9.86875022   3.63583913  -4.63535547  12.6869305   10.75197777
 -27.96256792   5.80909701  -5.05485768   4.05580658  13.88781451
 -15.09934204 -12.37823522  23.95096722  -3.1531849    3.62168907
   6.91536099  17.90547569  -9.84689592  -8.64420043  19.8518308
 -12.2658932   24.3096041    8.33090613  31.80034421  -0.40811665
 -14.27124349  -1.68598587  10.4555709  -11.53805447 -10.44687185
  12.37195606  -6.90673598 -20.20163088  -2.77101123  20.36285025
   8.69863707   7.39189711 -26.68634068   0.07959957 -14.29743
   1.26601233  -5.2418148   13.77996915   5.10773316   2.98430684
  -7.29091184  17.85131652  29.91644499  15.23511461 -12.02353833
  38.95127993   1.08406532  24.99227873 -14.76658581  10.01195924
   2.29964661   9.95929714   9.77030631 -24.31215815  13.69811757
  10.63528918 -17.56616138  -5.63235099  11.15635892   5.74671539
   1.1135368   -4.22026257   4.23956837  19.81571835 -21.14167047
  -0.06913919  -9.22725157 -24.15143887  -3.80439712  -3.98789295
 -16.53831274  -3.63750343  -4.48523958  -6.44614866  16.88065155
   9.27090778 -23.42968183  17.25086007  -6.36170954  -7.26430239
  14.86471118 -36.93591179 -10.45067677  -1.76624188  10.75770682
 -35.98147834   4.33076263  14.18548159  -9.79154879 -31.37190012
  17.56558933   4.75203587 -14.64160947  17.96941867 -28.18619309
  -1.75298696   1.40726044   6.09490515  19.12254116  -2.9068641
 -21.81469759 -18.38720546  -6.79627606   5.30789587 -14.69112552
   1.62635052  14.13782324   0.98468304   4.73922025  -6.29458297
 -10.69968613  -8.31129847 -12.37952123  -0.9050385   17.36617669
  -9.34043331 -11.94720171 -26.10678138  -5.28452671  -2.35358754
   7.95346139  -2.35274271  -1.29203175  -7.14175353  -8.8626071
  -1.82123264  11.14968775  19.1832009   17.49912345 -18.2059412
  -1.89219694   4.14663896 -20.36928315 -32.01040629  -5.73996362]