[ -2.36244078   1.86403286  -1.62014206  -2.41972967   9.15199881
  -6.27244666 -22.65238325  -7.09759356  18.9385192   -1.38838329
  -0.46912157   8.61345421  -6.60846663  11.20677799 -24.0708278
   6.66515298  13.92125257 -31.29515168 -22.06972864  23.55022611
   2.37152726   8.87105244  38.98223661  13.73468589  -9.30022463
   7.32018616 -21.24995337 -23.35108034   1.58554206  -6.41137251
  13.02899908 -15.04439818 -12.70052273  -0.90234242  -1.47075329
   7.85935453  -1.76433738   4.35231411  19.46577322  16.57112435
   4.86969846   7.67961187  -4.70177175  -7.56362091 -14.37021756
  10.72185568  13.12869054  32.17032564 -13.66418829   4.36770796
   4.51119098 -16.58194739  -1.42798191 -20.58293945 -21.87446873
 -27.6734764   -8.19992425  10.83693404   2.35894218   8.20133574
   2.11990913 -14.05980806 -11.20229989  10.94151682 -30.76033115
   0.2466503    9.2915183    4.69115581 -19.30296323 -11.87197068
   5.93344618  15.73827108  11.78864258 -21.56834678   1.03199196
  19.73560109 -24.27756032   0.39335038  10.33302454  10.05392297
  15.65454182   3.11690759   4.42701812 -36.60050451  13.4023637
  -9.54738525  -5.86740294   3.31646277   0.19742096  -7.63078228
   7.56525371   9.47760958   5.74273589  10.13321282   8.16975559
  -4.01975667  15.42332167   1.72803302  19.7390187   -6.05595407
  -3.64012321 -16.71925613 -22.6937934  -11.96631196  10.5085125
 -24.29872758 -15.23506262   9.35364552   5.84117574 -17.51581288
 -25.49794653  17.00217662  10.10480724 -16.34633169   6.53018733
 -12.95654389  17.67544102  10.79574324  -2.19827328   9.26268572
 -14.67764603   7.10963747  -2.69183564  17.53944219   0.91669209
 -23.85447495 -19.03113578   1.96300553 -12.13488323   3.41208339
   3.03545289  -5.99211963  13.73208184  36.51683015   2.66174349
  15.90277128  -3.59877868 -10.39546778  16.21132468   0.14842034
  17.57728213  -2.28563465  -5.210507    -2.71565225  10.39682125
   3.53816348   6.26757445   0.22136652   7.23276873  20.84329445
   2.07059097   4.79464016  13.04756711 -15.52878748  -1.41658214
  10.19387245 -12.97326034  -0.5875375   -0.96397835 -15.97261917
   8.2675413    4.93481464  -6.89732532  10.7802817    6.5452151
 -22.63446958   7.11196075  -6.52327642   5.0001156   11.96134533
 -14.54082297 -12.95336233  26.86583894  -6.07821334   1.99064012
   5.81781401  15.95473371  -8.95414465 -10.12700207  21.46491904
 -11.37799905  25.16338076   2.84829678  27.51450305   3.97114829
 -14.02237     -1.60024055   8.50773074 -11.20327395  -9.50964508
  10.40503879  -6.87583331 -18.82648055  -4.64013991  17.07275385
   7.34278371   6.55481139 -27.17581548  -4.03276209 -12.96308166
   2.17386199  -5.43138806  10.61245498   5.91436122  -0.74682861
  -6.37328622  20.84066761  29.37146746  15.67140261 -10.86923765
  34.11702922  -1.48928852  26.77619248 -14.12876938   6.30603982
  -0.86939849   8.50444084   8.72088069 -19.94149629  14.94903202
   9.42397265 -16.69603533  -4.01749969  11.3567121    7.50307664
  -2.33292638  -3.85548438   0.9310147   18.32898303 -19.98745532
   1.38964935  -3.60215007 -19.95456563  -8.64756443  -2.28064214
 -13.94457238  -4.22344417  -4.78522915  -3.60972629  16.9032122
  11.36377302 -20.08307445  17.83300613  -7.0436772   -7.37932447
  15.32598244 -36.14234703 -13.60387177   0.33205839   7.95464994
 -34.17311325   4.89435682  13.49450776  -7.37514459 -28.16109093
  16.04880288   4.30068339 -13.191617    18.0779642  -25.3286093
  -6.33310736   3.16446577   7.38597682  18.44180479  -2.20518018
 -22.36509694 -16.69596031  -3.30655169   7.05188825 -16.69001882
   2.80321574  11.22530375   0.86721165   2.61114637  -5.78977824
  -8.82696685  -7.5729838  -11.43780251  -2.34224519  15.65168598
  -9.26938508 -11.28725387 -26.99947401  -7.14034953  -1.82285228
   7.29609649  -2.51041459  -3.71041979  -8.9875517   -9.13764854
   0.11095583  15.3604245   17.53835953  12.91234291 -17.7645173
  -2.3362357   -0.59389926 -19.20158637 -31.88148867  -2.89245842]