[-4.63433993e+00  5.73275096e+00 -5.90909612e+00 -1.77052499e+00
  1.48660083e+01 -4.90705625e+00 -2.76699231e+01 -7.58483320e+00
  2.20997892e+01 -5.90379943e+00 -5.73687870e+00  8.40003505e+00
  6.71764938e-02  1.16941156e+01 -3.02978604e+01  5.77914101e+00
  2.18866864e+01 -3.77115871e+01 -2.51043299e+01  2.62245881e+01
  2.28976502e+00  1.18526842e+01  4.81290698e+01  1.87467123e+01
 -9.72215306e+00  9.20007081e+00 -2.49191154e+01 -2.69772565e+01
  3.18783421e+00 -7.17622326e+00  1.85004679e+01 -1.89832502e+01
 -1.68302012e+01 -5.06833119e+00  2.77727032e+00  9.89864794e+00
 -1.61645783e+00  6.01605782e+00  2.20048895e+01  1.38018269e+01
  6.35146541e+00  7.83325077e+00 -9.20395545e+00 -6.49829535e+00
 -1.60282412e+01  9.92342232e+00  1.09248397e+01  4.16903526e+01
 -1.47781280e+01  6.66742645e+00  6.41704166e+00 -2.27935530e+01
 -1.96332702e+00 -2.45414714e+01 -2.54376649e+01 -3.38253985e+01
 -1.09943535e+01  1.16608577e+01  4.05524002e+00  9.45403908e+00
  2.65685748e+00 -1.69326655e+01 -1.44789474e+01  1.41602822e+01
 -3.77976444e+01  1.16515649e+00  1.19933806e+01  8.78162417e+00
 -2.19198334e+01 -1.57526556e+01  6.11694113e+00  1.84242164e+01
  1.63637005e+01 -2.57728957e+01 -2.11907868e+00  2.47158302e+01
 -2.94623407e+01  1.76645075e-01  1.01210058e+01  7.22977675e+00
  2.10075638e+01  3.48764500e+00  4.36997364e+00 -4.27386441e+01
  1.22807557e+01 -1.11268709e+01 -8.25264194e+00  1.91267731e+00
 -1.91856223e+00 -6.89492147e+00  9.82473715e+00  1.00104710e+01
  7.46093817e+00  1.24298409e+01  6.11287011e+00 -3.70496820e+00
  1.99468584e+01 -2.15890123e+00  2.89903274e+01 -1.07199697e+01
 -9.07857752e+00 -1.96473178e+01 -2.88601816e+01 -1.44120703e+01
  1.06906252e+01 -2.99083428e+01 -1.56210389e+01  8.96762497e+00
  7.67017613e+00 -2.25629537e+01 -3.44242654e+01  2.08623863e+01
  1.64299617e+01 -2.17406057e+01  1.04322405e+01 -1.97761345e+01
  2.36636722e+01  1.68164156e+01  4.00464511e-01  1.23398186e+01
 -1.78164316e+01  7.51294430e+00 -7.13663880e+00  2.40263513e+01
  2.88468717e+00 -2.90189206e+01 -2.29226639e+01  1.86647963e+00
 -1.57612665e+01  3.89994989e+00  2.13279776e-01 -9.76687774e+00
  1.64291348e+01  4.35214384e+01  1.30431078e+00  1.77503062e+01
 -2.04752944e+00 -1.17642685e+01  1.44969779e+01  3.29928244e+00
  2.06457897e+01 -2.87699145e+00 -5.58274763e+00 -3.55839684e+00
  1.23710674e+01  1.71032357e+00  1.07125013e+01 -1.82145929e+00
  9.83692172e+00  2.74332052e+01  4.63912605e+00  3.76203902e+00
  1.66245920e+01 -1.89167572e+01  2.65036704e+00  1.15194909e+01
 -1.46149335e+01  1.20382267e+00  1.86869244e+00 -2.22978545e+01
  8.88041294e+00  6.69920750e+00 -7.94187157e+00  1.14343537e+01
  1.09032612e+01 -3.15071037e+01  5.37603379e+00 -6.05595995e+00
  6.22386158e+00  1.49914953e+01 -1.63016032e+01 -1.44145859e+01
  2.86043136e+01 -5.41211088e+00  4.37883974e+00  7.50291886e+00
  1.83178011e+01 -1.39470350e+01 -1.37653320e+01  2.33365758e+01
 -1.50042117e+01  2.91271991e+01  6.43151811e+00  3.55842172e+01
  7.01094553e-01 -1.71201603e+01  2.46381196e-02  9.35566134e+00
 -1.12114584e+01 -9.48081029e+00  1.30795071e+01 -7.32892531e+00
 -2.25953603e+01 -3.68557830e+00  2.09953702e+01  1.12346009e+01
  5.85265114e+00 -3.10568296e+01 -2.01176303e+00 -1.55654597e+01
  4.12964597e+00 -5.02916622e+00  1.52157363e+01  4.66478375e+00
  1.30371212e+00 -7.42631378e+00  2.14921903e+01  3.39597717e+01
  1.80228666e+01 -1.32379404e+01  4.60380721e+01 -7.36833121e-01
  2.89453819e+01 -1.73962094e+01  1.00216867e+01  7.14547475e-01
  1.09722613e+01  1.24575275e+01 -2.66406107e+01  1.53671787e+01
  9.40019679e+00 -2.03806206e+01 -9.42553059e+00  1.46080974e+01
  7.32239899e+00 -2.58673908e+00 -6.80175544e+00  2.92203458e+00
  2.54951347e+01 -2.18472017e+01 -1.55166993e+00 -7.79195705e+00
 -2.81348634e+01 -7.05248107e+00 -2.65369173e+00 -1.76423846e+01
 -3.90541332e+00 -6.53788770e+00 -4.56397990e+00  1.87938346e+01
  1.17780596e+01 -2.63061417e+01  1.93697421e+01 -8.38985015e+00
 -8.39266289e+00  1.79521334e+01 -4.36901933e+01 -1.37083914e+01
 -1.26395453e+00  1.07188239e+01 -4.32616185e+01  2.83854698e+00
  1.32386735e+01 -1.14178026e+01 -3.66856203e+01  1.95680749e+01
  5.05549662e+00 -1.80928037e+01  2.14967676e+01 -3.09335508e+01
 -5.75875116e+00  2.70801647e+00  7.90836520e+00  2.18244600e+01
 -3.58700448e+00 -2.73261870e+01 -2.15038649e+01 -7.58415415e+00
  5.85838924e+00 -1.66843105e+01  5.03249570e-01  1.36163127e+01
 -8.38488740e-01  4.70055569e+00 -7.53066152e+00 -1.30631128e+01
 -8.34151064e+00 -1.31243089e+01 -5.97996456e-02  1.91350351e+01
 -1.25921005e+01 -1.29864397e+01 -3.26869842e+01 -7.34705347e+00
 -4.14121664e+00  7.56653822e+00 -3.50991029e+00  1.05419219e-01
 -1.02913704e+01 -9.66791171e+00 -1.74321495e+00  1.50685198e+01
  2.47555938e+01  1.91835178e+01 -2.16765571e+01 -1.26715791e+00
  3.30401337e+00 -2.29497622e+01 -3.61626564e+01 -7.03333191e+00]