[-9.71192618e+00  2.01014556e+01 -1.39005115e+01 -1.33810079e+01
  2.97370691e+01 -1.76511474e+01 -5.47242379e+01 -1.12235577e+01
  4.70474714e+01 -5.01159513e+00 -7.88641995e+00  2.62804923e+01
  7.00504484e+00  2.68204135e+01 -5.75257405e+01  1.16056955e+01
  4.80996863e+01 -7.78710592e+01 -5.88628397e+01  5.59911026e+01
 -1.22850366e-01  2.58310140e+01  1.06585032e+02  3.72206165e+01
 -2.07756640e+01  2.72377809e+01 -5.63184085e+01 -4.77324097e+01
  8.54161871e+00 -1.75653819e+01  3.04086923e+01 -4.24947217e+01
 -4.41569263e+01 -4.82533080e-01  3.36195054e+00  1.97396336e+01
 -7.77696386e-01  7.41183363e+00  4.46196136e+01  2.72397240e+01
  1.03666237e+01  2.76866234e+01 -1.41379589e+01 -1.70221082e+01
 -2.53030354e+01  2.63246014e+01  2.48646143e+01  9.21379003e+01
 -3.39904600e+01  1.20191895e+01  1.77552261e+01 -4.92236493e+01
 -4.32073905e-01 -5.28535993e+01 -6.13728004e+01 -7.62738259e+01
 -2.91670262e+01  2.83267977e+01  1.15273971e+01  2.16422986e+01
 -7.85395529e-01 -2.36468171e+01 -3.42980305e+01  3.34745723e+01
 -8.99721082e+01  8.80505506e+00  2.95927499e+01  2.34167184e+01
 -4.59555377e+01 -3.30944814e+01  9.41045399e+00  4.08790167e+01
  3.72580538e+01 -6.21090555e+01 -2.98018666e-01  5.22688486e+01
 -6.67986717e+01 -3.49099992e+00  2.10130771e+01  1.82227563e+01
  4.00543041e+01  8.63555454e+00  1.74217064e+01 -8.95387261e+01
  3.43767187e+01 -2.39489091e+01 -1.08176747e+01  3.51659292e-01
 -4.11988458e+00 -1.34798156e+01  2.20296975e+01  2.26705503e+01
  1.83081238e+01  2.05444347e+01  1.72777011e+01 -2.07864884e+00
  4.53332532e+01  5.17838039e-02  6.72047243e+01 -2.28229871e+01
 -1.25758625e+01 -4.22673156e+01 -5.93322369e+01 -1.96671780e+01
  2.52775378e+01 -7.37433726e+01 -3.89739424e+01  3.28613697e+01
  2.32923667e+01 -5.16157221e+01 -6.97572724e+01  5.05761349e+01
  3.13609580e+01 -4.82296499e+01  1.99491748e+01 -3.69608679e+01
  5.26730918e+01  3.47482274e+01 -1.74099390e+00  2.89037787e+01
 -3.20249771e+01  2.11538929e+01 -4.26152138e+00  5.21379370e+01
  6.50802529e+00 -6.89266837e+01 -3.69839233e+01  9.49658403e+00
 -4.02295953e+01  7.48660578e+00  6.01139772e+00 -2.35585986e+01
  3.06111010e+01  9.68486014e+01  8.38308666e+00  4.37854756e+01
 -1.18949732e+01 -2.74122300e+01  2.94600997e+01  4.20270536e+00
  4.47667777e+01 -7.16844250e+00 -1.34039866e+01 -1.88792633e+01
  2.40717917e+01  4.73963303e+00  2.34936699e+01  5.21383261e+00
  2.15285110e+01  5.23073201e+01  4.88774306e+00  3.59463445e+00
  4.16356821e+01 -3.78820299e+01  1.37545297e+01  2.14590957e+01
 -3.00857073e+01  9.75104309e+00 -1.80674258e+00 -5.59310907e+01
  2.31413230e+01  5.09401974e+00 -1.26698975e+01  3.51610436e+01
  2.41811384e+01 -7.18932746e+01  1.48991391e+01 -1.07254945e+01
  8.64053503e+00  3.05455697e+01 -3.15599842e+01 -2.90220421e+01
  6.29410301e+01 -7.30892458e+00  8.23532109e+00  7.30191388e+00
  4.75068534e+01 -2.03148909e+01 -1.99245421e+01  5.16681993e+01
 -2.71728178e+01  6.13019937e+01  2.34994071e+01  7.97038266e+01
 -1.90587901e+00 -3.57066536e+01 -2.48035084e+00  2.62427157e+01
 -2.39808915e+01 -3.02229779e+01  3.29105121e+01 -1.63605135e+01
 -5.13810264e+01 -9.84480863e+00  5.25819614e+01  2.05049321e+01
  1.97997903e+01 -6.53290004e+01  4.24108409e+00 -3.53447219e+01
 -8.33267783e-01 -9.30528626e+00  3.59026415e+01  1.68368570e+01
  1.12811625e+01 -1.53834099e+01  4.57584609e+01  7.36526693e+01
  4.10581841e+01 -3.00005935e+01  1.02046162e+02  3.62920155e+00
  7.02989788e+01 -4.10308993e+01  2.47568081e+01  3.31128006e+00
  2.39823989e+01  2.63472117e+01 -6.58690113e+01  3.40349644e+01
  2.61030625e+01 -4.62246452e+01 -1.42101217e+01  2.93939694e+01
  1.09721925e+01 -1.53545137e+00 -9.80071982e+00  1.22849353e+00
  4.57680715e+01 -5.14586543e+01 -6.62590214e+00 -2.44200933e+01
 -5.72336637e+01 -1.62686348e+01 -1.20918751e+01 -3.99461980e+01
 -9.59291212e+00 -1.22259491e+01 -2.02154561e+01  4.62552712e+01
  2.39349616e+01 -5.69021115e+01  4.11149983e+01 -8.06621642e+00
 -1.91723146e+01  3.54913240e+01 -9.03576743e+01 -2.54188854e+01
 -2.36966106e+00  3.20364996e+01 -8.66541196e+01  1.44668142e+01
  3.60414462e+01 -2.51434359e+01 -8.01121631e+01  4.55064442e+01
  1.25442722e+01 -3.39447602e+01  4.90844466e+01 -6.99363053e+01
 -2.38464408e+00  5.55139447e+00  1.29067118e+01  4.85856273e+01
 -5.07570748e+00 -5.24452788e+01 -4.45423275e+01 -1.46273220e+01
  8.99594084e+00 -3.74485071e+01  4.14133489e+00  4.03165255e+01
  4.36324907e+00  1.31908151e+01 -1.15170924e+01 -2.91405148e+01
 -2.20041631e+01 -3.27423890e+01 -2.03533063e+00  4.54991571e+01
 -1.88479804e+01 -2.96688419e+01 -6.46544671e+01 -1.25881944e+01
 -1.44548796e+01  2.36273603e+01 -1.12901021e+01 -5.39362993e+00
 -2.26468205e+01 -1.87052851e+01 -3.37604141e+00  2.68895779e+01
  3.98883752e+01  4.58529831e+01 -4.74806304e+01 -9.07226474e+00
  8.88760947e+00 -4.79912727e+01 -7.93346175e+01 -6.44094768e+00]