[ -3.94934427  11.0974737   -7.07885517 -11.07896983  20.26501268
 -11.76204604 -35.65785063  -8.45590814  26.7483589   -3.22961161
  -2.60506977  15.94317953   3.9851031   19.94312147 -39.97742095
  10.08427562  28.82012017 -55.34989755 -41.00494229  35.09291896
   3.25815018  16.36157903  70.54930651  23.09842108 -13.78524451
  17.61694787 -39.49638152 -30.4628111    4.0674764  -12.17611493
  18.19272656 -26.70340275 -28.12009777   1.67603874  -1.59623566
  15.63665618  -2.70942169   6.96363159  28.98268442  19.58110695
   8.94181018  17.28656861  -7.82104358 -12.8111518  -16.80004599
  15.40743507  17.17935705  60.13210492 -22.06096471   6.51574966
   9.29740865 -32.61543238  -0.66141124 -33.16471685 -40.35462759
 -52.26655494 -16.83068807  20.06125609   6.73834869  15.07443449
  -1.59296515 -15.26885033 -20.02693612  22.95011344 -55.76933822
   4.11363829  16.70745385  13.82924106 -33.89361719 -25.1640602
   7.27192482  31.36031377  24.3844935  -41.97873949  -1.9223864
  34.42120179 -42.99673929  -2.67711912  14.68152063  11.93458911
  25.81976658   7.75599574  12.9804932  -60.88861915  24.38334233
 -14.08683047  -6.25286258   2.79282377  -2.71682003 -10.86202152
  13.86883621  15.01999171   9.765735    12.61666899  11.09493529
  -3.67243889  26.91680389   0.68948445  41.82351336 -14.20389518
  -7.29472207 -29.3711312  -39.4952024  -12.42876537  14.91695057
 -46.51450531 -27.57659357  18.82833129  13.50944322 -34.75326841
 -43.94661048  34.70372254  19.46713126 -33.10010935  12.15299975
 -23.47616392  33.49915058  21.21689065  -0.17834197  17.82217059
 -22.42077813  16.45093257  -1.54982595  33.72542925   2.4421528
 -45.86457224 -26.9521655    5.97667099 -25.18660756   4.35113437
   2.71680493 -14.22516601  18.51968484  62.81006346   7.34348956
  26.99605773 -10.83348499 -18.36761825  16.96117392   3.45435494
  28.59211987  -5.68318688  -8.32837075 -12.05418234  14.67787339
   2.94041277  13.72915384   1.36746079  14.37731577  35.33376122
   3.10742753   2.96449569  25.41591784 -25.58334569   7.39206666
  15.03928898 -21.59223908   4.89521879  -2.48097567 -34.81475608
  17.39788349   3.93812199  -8.47483872  24.1079904   14.76597447
 -47.16423417  10.40433828  -9.05164783   6.45875157  21.58687851
 -21.70519168 -16.59357205  43.16841611  -6.71303166   4.44690773
   4.93790527  32.38154143 -14.68976324 -15.37576335  32.69275984
 -17.0762314   42.53078192  14.80672586  51.95998903  -0.63098751
 -25.03255833  -1.748651    18.66361448 -16.17703509 -20.07087636
  22.95430393 -11.22362339 -34.75342169  -7.19398282  34.66970201
  16.0078034   14.79654414 -43.54014285  -0.08209173 -24.30188636
   1.65173609  -9.58498248  25.02787891  12.42988514   4.48404834
 -10.57014494  29.83866086  48.19692285  27.56509417 -20.75730243
  66.53057098   3.02087534  45.81040392 -26.52453382  17.16370432
   0.81144042  18.2833229   16.04167945 -43.37537229  24.56343382
  17.84850024 -30.23300709  -8.5140768   19.75081305   9.28428775
  -0.77048699  -6.21087682   0.51019097  30.06937812 -32.43420315
  -3.23601349 -12.7241488  -37.24359193  -7.82584025  -5.48318503
 -26.79446747  -6.09393394  -5.72803262 -11.46152342  28.1193334
  16.58865368 -39.42815416  28.97168713  -6.19740456 -11.42949971
  24.31521483 -58.38216741 -18.79246769  -0.73469178  23.13234674
 -57.30253949   8.805209    25.82977694 -15.47625878 -51.74274477
  30.57399815   8.12054558 -20.6830377   31.77559342 -47.18875023
  -3.648198     3.18475644   9.31296611  32.42143852  -3.69897823
 -35.71573475 -29.72723495 -13.6936842    8.39097744 -22.68759844
   3.84494541  24.15965863   4.4999057    4.18836233  -9.4439509
 -17.52777412 -16.05047633 -20.01293407  -3.04232434  30.05023116
 -10.6083071  -16.7136288  -42.89367984  -9.36868092  -9.84006595
  15.87698392  -7.36045648  -1.65090353 -13.02766268 -13.45136406
  -2.37615218  17.66952103  24.48937955  29.69823925 -33.35533739
  -6.28167846   5.28470003 -33.8664786  -51.41300318  -4.44851672]