[  -3.70070365   10.53721338  -11.62371224   -7.28795547   27.93252463
  -17.33900611  -65.54455065  -14.94420698   44.42074816   -2.9423919
   -6.18993159   20.05315688   -9.32699109   33.03966408  -72.62236073
   23.37366358   44.77332382  -91.54925935  -72.03121355   61.70200365
    6.213173     26.50424396  120.17981897   42.85719556  -27.5332919
   21.8056269   -62.12036643  -60.86324562    4.08546524  -18.97760307
   41.28422943  -45.25890424  -39.91240803   -1.58523477   -3.70394423
   29.47721676   -5.52328601   13.63978484   54.90688474   40.95324912
   11.76829473   23.83856217  -15.37849551  -16.22356268  -36.37778783
   26.82364068   33.11235749   95.89500286  -38.16449907   14.01931498
   16.06721823  -52.11436882   -2.7922636   -56.42398335  -62.15377289
  -83.32629146  -28.47013907   29.70067175   12.23113703   28.13363611
    2.04226261  -40.94596654  -26.61031798   39.41515606  -91.46409829
    4.17786709   27.28764994   17.33049586  -52.63843352  -37.85816231
   13.27133254   50.62518018   38.41486694  -68.48071364   -4.32305077
   56.70093306  -65.91830276   -1.70554764   24.99055101   21.75546586
   47.8166752    10.41645476   14.17909112 -106.68372984   41.33137738
  -26.95306743  -16.56646276   12.78358185   -0.67987918  -18.5733145
   21.6911286    22.43288611   12.54386302   29.4096492    18.97282383
  -10.01729663   40.49275572    4.89174415   61.58398007  -15.75838255
  -10.72638527  -49.5115651   -66.00514839  -29.77282845   26.06171652
  -70.81479225  -38.8475436    25.61486108   15.80273097  -54.59396849
  -75.82902839   53.42346633   28.07337991  -49.26854627   15.00566324
  -42.48948831   55.15385657   34.07803157   -4.15269178   23.18462289
  -46.56206649   25.83216334   -8.24770847   56.03763077    2.54707643
  -70.52136544  -55.12699143    5.16014157  -40.23731217    8.76459736
    6.49649648  -20.44865868   39.7074411   100.69950013    9.83031952
   49.25717569   -9.22038128  -28.37914329   33.14452802    2.38711447
   45.97654841   -9.92960323  -13.49031723  -11.54768438   28.00371315
    6.79430774   15.01949731    2.28855834   19.19318987   62.30704905
    8.93199845   11.96744101   43.81796557  -43.13950454    3.57479044
   25.19540529  -37.6039339     0.49806152   -1.951071    -48.77760562
   27.75397143    7.028065    -21.7475171    32.72883276   23.03004715
  -77.06352856   18.31760756  -16.82570672   11.29057153   36.38132443
  -35.34427013  -28.91713878   79.4883297   -18.32510852    9.77046704
    8.96796016   53.17920856  -31.81156465  -34.14309188   58.39792364
  -31.59016535   73.35892986   14.6689417    84.08992686   11.19250657
  -38.12825755   -8.07130178   24.23671512  -30.06805228  -29.61149237
   31.90745787  -20.08343569  -56.10591746   -9.66012642   49.75303135
   21.50603902   19.54644985  -73.6446395    -9.89838969  -34.48620899
    9.38596111  -17.49002356   37.34367371   22.06903125    2.58674133
  -18.49680213   55.29909005   84.25137685   50.70056289  -35.0810725
  103.30350731    1.39224609   71.69660258  -45.65618472   23.63812338
   -2.70090309   23.77485761   29.1899993   -67.21968249   48.50069247
   25.76899259  -52.31111717  -12.68165105   32.71725437   19.42216506
   -5.22733968   -8.5152871     3.1135881    51.64853904  -52.68953964
    2.02933041   -8.78508545  -61.80055442  -22.91996885   -6.12130412
  -44.76811897  -13.66330304  -11.52354562  -13.42235334   45.54517901
   32.95801907  -58.6708857    51.81891411  -13.66616178  -20.7616199
   45.30636485 -101.31957853  -38.19172412    4.98845953   33.41773803
 -101.63900618   12.84221191   39.72637508  -22.10171532  -85.23821433
   46.76015037   11.56072     -34.78912264   55.98056626  -74.95174971
  -14.73219507    5.36618643   24.83273941   56.43017389   -6.0190024
  -68.71884454  -54.44146996  -18.7952681    13.48842837  -42.38844028
    6.44020433   34.33016732    1.21439855    1.04498997  -17.32171375
  -25.36641613  -23.14575067  -29.10204401   -7.22391776   45.05211903
  -22.00659973  -29.11190499  -77.21845397  -18.20185995  -13.76678767
   24.19790944  -11.23056274   -4.54905379  -22.38652815  -25.41464113
   -3.21817187   44.62484623   46.65973663   45.86142203  -56.14298696
  -12.58578019    1.55147334  -56.39784648  -86.15498578   -8.85576044]