[ -6.7015179    6.84388202  -8.11572157  -4.83563546  21.66498611
  -7.2227239  -33.87310121 -10.19502622  27.22827066 -12.55402714
  -4.42309208  11.11706379   3.53366444  16.43653418 -41.94350367
   6.3667436   29.9511614  -51.20310331 -32.38382805  33.47501158
   2.77020044  15.08716306  61.52590999  24.30986606 -11.65567954
  12.13125326 -34.65240269 -35.35753345   5.21142983 -10.78508278
  18.82352194 -22.98472447 -22.49881507  -5.58731209   3.93717964
  13.94211331  -3.56615241   7.34889297  28.63896424  17.80601966
  10.59448711   9.85748229 -10.47309909  -9.11861854 -17.42353212
  11.63997678  13.35543065  56.54051299 -17.78063816   8.00636414
   7.61914175 -30.50581108  -0.43361405 -31.88399044 -33.47108369
 -46.28781859 -12.55656728  16.40521154   4.19726894  11.23874738
   4.14802432 -20.81800467 -19.00641345  17.51678627 -49.84009479
   1.52449802  12.52032013  12.82938308 -29.39912836 -22.10864777
   8.87666404  23.60212034  19.86567207 -34.52108365  -3.13671569
  31.00913537 -39.40771668  -2.92470481  15.04936705   8.12848027
  29.07285141   4.71054536   9.43237272 -55.28576837  16.06718906
 -13.59031269  -8.81556129   1.89930255  -4.71272547  -7.96603256
  12.60465601  13.99947685  11.29899139  15.93347799   7.76625504
  -5.19605268  25.72997184  -4.40025402  39.29127853 -15.22021973
 -12.11129031 -23.5051515  -37.7297009  -15.15717777  15.8347323
 -37.14666115 -21.57253421  10.04528198   9.38875329 -29.36760341
 -43.4381125   27.35861962  20.85206743 -30.40885111  13.42400621
 -26.01171913  29.63096353  21.65367935   3.59621637  15.28704197
 -22.51064587   9.89461729 -10.12839946  30.07912965   4.21068433
 -39.75501058 -28.48318548   2.02764986 -19.68784752   5.59306556
  -0.35984649 -13.92666377  18.44599704  55.04769195   2.6529835
  21.95299598  -7.36712529 -16.23074599  16.68059951   3.78135334
  26.77803282  -4.15309588 -10.22442747  -5.35574681  14.89752315
  -0.99492308  13.92327404  -1.7655351   14.31670959  37.08432126
   4.01990023   5.66682235  20.00494855 -26.76438586   3.67122652
  14.50796629 -17.73418829   2.52650806   1.51970462 -28.76321201
  12.79344075  10.28709561 -10.17231533  13.15434962  16.7889036
 -39.60207081   7.92585373  -7.05619159   7.0331485   21.60761264
 -21.87178125 -19.70179884  36.53876469  -6.26887978   8.12054189
  11.86795177  23.80195774 -18.87652483 -15.80158131  29.88294091
 -19.0689424   37.61509873   7.44316318  46.61341745  -1.57545432
 -22.04428974   0.49133823  13.08839717 -14.9974537  -11.61092144
  18.58207331 -10.93971173 -31.3975308   -4.27094196  28.22488337
  16.37626416  10.54681242 -40.89783163  -3.64973259 -19.96837976
   3.80817732  -7.20557537  20.351178     3.67921257  -0.99213922
  -9.23934377  26.41937922  45.17692387  20.03338001 -18.88038693
  59.1065805   -1.84071996  37.4768779  -22.13671165  14.65731026
  -0.1846595   17.25637735  15.36237049 -33.64016043  18.69391474
  12.09001745 -25.48762429 -12.2801403   18.84965366  10.84794078
  -1.05011202  -8.22177759   4.34659031  33.22736072 -27.01433234
  -2.74042498  -9.40693497 -37.14932201  -5.15704831  -2.55266097
 -24.10603595  -4.83898759  -7.91113242  -5.83647058  24.79874501
  14.9932453  -37.57436192  24.53392337 -13.16985501  -9.3119571
  23.90376262 -56.66846378 -16.1151049   -3.62028286  16.41647984
 -55.80911807   2.97359439  19.2388799  -15.5940596  -46.80717658
  24.26301486   6.33435736 -22.21749852  28.51151489 -40.27094832
  -8.97738414   1.85781077   9.02524249  28.1587145   -5.183052
 -36.24590894 -25.62546138 -12.75724984   8.46778173 -21.45441063
   1.14880664  16.05262583  -3.11114885   4.2673171  -10.59183342
 -17.37718724 -11.89647595 -15.20003101  -1.36958159  25.07104742
 -15.94952644 -16.38675049 -39.49339233  -9.54307652  -5.11543286
   9.32446523  -2.3664111    1.45360883 -11.39868252 -13.20335226
  -0.99460039  17.88483057  30.59430609  24.64468753 -27.50089461
  -2.0943371    6.84252331 -31.98580305 -46.85188661 -10.98301999]