[-3.23755777e+00  5.30934412e+00 -1.77195691e+00 -3.76231718e+00
  1.17231018e+01 -5.00778233e+00 -2.31650929e+01 -5.45604672e+00
  1.68777917e+01  3.94246979e-01 -5.69807596e+00  6.69828858e+00
 -3.99140051e+00  1.05638981e+01 -2.52390907e+01  8.93734261e+00
  1.55620057e+01 -3.27728372e+01 -2.39896510e+01  2.06925796e+01
  9.90668224e-01  7.36350693e+00  4.33455708e+01  1.39552228e+01
 -8.64188983e+00  8.61638189e+00 -2.21977798e+01 -1.90339322e+01
  1.11577538e+00 -4.10717638e+00  1.45760973e+01 -1.74310368e+01
 -1.12914183e+01 -1.78580826e+00 -9.43389087e-01  9.31135356e+00
 -1.59237577e+00  6.04861006e+00  1.68264630e+01  1.33440246e+01
  5.64771246e+00  8.57813719e+00 -6.00586955e+00 -5.23921695e+00
 -1.33318844e+01  7.79932364e+00  1.24434307e+01  3.42490548e+01
 -1.30958285e+01  4.35850493e+00  5.34174246e+00 -1.77066638e+01
 -2.75252523e+00 -1.89043056e+01 -2.08834954e+01 -2.86015265e+01
 -8.93748062e+00  9.78167468e+00  2.87888901e+00  7.78514230e+00
 -8.02799270e-01 -1.27078258e+01 -8.16409447e+00  1.40154016e+01
 -2.88972094e+01  9.07278553e-01  9.37663867e+00  6.67988386e+00
 -1.88611342e+01 -1.57212416e+01  5.39870876e+00  1.91460982e+01
  1.40892933e+01 -2.35299311e+01 -1.79625551e+00  2.12623801e+01
 -2.31060207e+01  2.10726475e+00  9.59050450e+00  7.38044228e+00
  1.52213158e+01  5.11624407e+00  3.44018514e+00 -3.73187212e+01
  1.43335556e+01 -9.27759286e+00 -5.43918412e+00  1.28954330e+00
 -9.56525686e-02 -6.88485934e+00  9.62621684e+00  7.18067139e+00
  5.06450912e+00  1.14922337e+01  4.84707642e+00 -4.14394815e+00
  1.49522580e+01 -5.08369012e-02  2.07492509e+01 -5.53461347e+00
 -2.62534072e+00 -1.77702052e+01 -2.34982324e+01 -1.04211794e+01
  7.12452440e+00 -2.56161133e+01 -1.43637201e+01  9.00549077e+00
  6.55633260e+00 -1.96614479e+01 -2.61421899e+01  1.75822340e+01
  1.27806401e+01 -1.86468963e+01  7.88616089e+00 -1.60729163e+01
  1.75825360e+01  1.14421448e+01 -9.60455801e-01  1.02933229e+01
 -1.55966017e+01  8.37973113e+00 -8.21495467e-01  1.97196186e+01
 -6.69390550e-01 -2.36508644e+01 -1.85424115e+01  3.36799004e+00
 -1.25948434e+01  3.71499491e+00  2.96077550e+00 -8.77655483e+00
  1.30484200e+01  3.74930458e+01  2.97090466e+00  1.33857356e+01
 -2.58812292e+00 -9.66685570e+00  1.06406136e+01  3.59765560e+00
  1.67468470e+01 -3.17320523e+00 -1.98604853e+00 -2.63203096e+00
  1.07094742e+01  2.89762201e+00  6.85171858e+00 -7.02107166e-01
  7.43195853e+00  2.21202339e+01  1.94816474e+00  2.38845647e+00
  1.38441004e+01 -1.50373226e+01  1.67656471e+00  1.00887748e+01
 -1.48770229e+01  1.34490618e+00  1.29729176e+00 -1.94231286e+01
  8.70272097e+00  3.92607691e+00 -6.56317778e+00  1.50251152e+01
  7.37751364e+00 -2.67484328e+01  5.59179438e+00 -5.83549771e+00
  6.15708154e+00  1.10901938e+01 -1.33523313e+01 -8.49125868e+00
  2.48853336e+01 -7.16539097e+00 -1.04467285e+00  5.12547381e+00
  1.64214059e+01 -9.76883662e+00 -1.35956798e+01  1.87567360e+01
 -1.21456825e+01  2.48244188e+01  6.48961164e+00  2.92725587e+01
  2.97903011e+00 -1.50063531e+01 -4.54304304e-01  1.03324029e+01
 -9.84376712e+00 -1.01945653e+01  1.06518153e+01 -6.69383617e+00
 -1.88048579e+01 -4.96969834e+00  1.99864520e+01  9.68123167e+00
  5.74842080e+00 -2.35638551e+01 -2.20001123e+00 -1.49037326e+01
  4.96234026e+00 -7.23118896e+00  1.41636955e+01  7.77810895e+00
 -3.23330984e-02 -6.44012955e+00  1.77109489e+01  2.81468459e+01
  1.90233329e+01 -1.12985576e+01  3.83260640e+01  2.41475482e+00
  2.58832276e+01 -1.46932800e+01  7.73351467e+00  2.95977581e+00
  7.37921563e+00  9.19930154e+00 -2.29364530e+01  1.67883344e+01
  7.93277103e+00 -1.75868143e+01 -4.01142223e+00  1.12526728e+01
  7.61515558e+00 -1.19559723e-01 -3.55990332e+00  2.82256541e+00
  1.96963693e+01 -1.91311999e+01  4.69356100e-01 -5.28243439e+00
 -2.30051137e+01 -5.64795930e+00 -3.03559882e+00 -1.34144906e+01
 -4.67396671e+00 -5.15548220e+00 -3.83825186e+00  1.30114691e+01
  9.16976981e+00 -2.11805078e+01  1.72419569e+01 -4.17897169e+00
 -7.66342559e+00  1.37547831e+01 -3.52317635e+01 -1.35221196e+01
  2.62407672e+00  1.04960216e+01 -3.43739113e+01  2.07081757e+00
  1.21104275e+01 -8.71145944e+00 -3.00464980e+01  1.80649801e+01
  3.19390829e+00 -1.45556797e+01  1.63112270e+01 -2.57254142e+01
 -4.90579596e+00  3.39777930e+00  7.90430336e+00  1.83239436e+01
 -2.38462304e+00 -2.18420729e+01 -2.10299346e+01 -7.33626393e+00
  5.28542466e+00 -1.30398624e+01  1.51040791e+00  1.20578367e+01
  3.31135849e+00  2.65141091e+00 -6.21844795e+00 -9.78997875e+00
 -8.14141508e+00 -1.36006288e+01 -4.10564609e-01  1.66508504e+01
 -7.98882502e+00 -8.69430713e+00 -2.76502973e+01 -4.41404548e+00
 -3.84417429e+00  6.51478676e+00 -3.37307153e+00 -9.79626274e-01
 -8.65952642e+00 -8.19427690e+00 -2.88860268e+00  1.24083819e+01
  1.97445111e+01  1.71746423e+01 -1.88383847e+01 -3.68853383e-01
  2.22591026e+00 -1.86183082e+01 -3.01798993e+01 -3.63214068e+00]