[ -6.12518887   8.4829616   -5.21480867  -4.99088223  17.48953027
  -8.30552629 -31.43503066  -8.90035811  27.61521571  -3.0175275
  -4.56080677  13.5159862   -2.80483575  15.80046479 -36.14077778
  11.36912234  24.33210517 -44.81650821 -31.23290472  32.17463674
  -0.39179214  12.76680696  60.36718735  22.21556727 -11.22342948
  13.10079666 -31.7613962  -30.82225338   5.12481203  -8.10778937
  17.92934197 -24.88273735 -18.84105698  -4.00354822   1.61299806
  12.51118572  -1.94773421   5.33866891  25.21752759  19.24288906
   7.23773863  10.89724097  -8.13996535  -7.93149135 -17.55399456
  12.99014498  16.59901437  51.63898972 -19.26118196   5.6438729
   6.31014664 -25.64385718  -1.95297304 -29.53064083 -31.23033652
 -43.01246312 -13.27129223  14.30281116   2.27099649   8.32223052
   2.5414881  -18.84923134 -15.84152275  18.84644242 -47.28353994
   1.62457467  14.46890762  11.83239685 -27.76960636 -20.0359832
   8.11936686  22.0636471   20.67724433 -32.19313496   1.48150591
  29.21590147 -35.50847091   1.04612155  15.71890562  11.43784752
  22.74447091   5.30753724   7.00633543 -54.71590199  17.50049293
 -12.37511786  -7.05291269   0.44801458  -1.82756366  -7.66841561
  12.46353307  12.72069167   9.90868779  15.86538624   8.77725043
  -5.79998129  24.64059589  -0.76862633  34.37193972 -10.69214419
  -6.75857564 -22.97789893 -34.69418061 -13.61173286  16.22824641
 -37.84855542 -20.48525731  13.67954046  12.39350037 -27.97096543
 -38.61107842  24.26172891  17.41310493 -26.68714049  12.92415663
 -22.35208967  27.86874211  17.36889727  -2.14292035  15.08985532
 -19.30926325  10.9888894   -3.24969412  28.22172413   1.54657416
 -35.60740967 -24.03143426   4.36934543 -19.03142221   5.44460016
   3.79853418 -12.79828489  17.18162314  53.99431827   0.38044362
  21.17590771  -6.72327735 -16.45521303  19.56198814   3.68117013
  24.85536217  -3.86941684  -7.08207187  -4.5241055   13.7860632
   2.74526722  11.78351197  -1.05857168  13.08968238  32.11134741
   3.38118114   2.7205371   21.22461733 -23.68086444   1.24626544
  14.29628002 -16.98482559   2.72846898  -0.21127364 -27.64046727
  12.67720246   3.61213917  -7.86663486  18.27974518  13.16867939
 -38.67480205   8.33779552  -7.90705165   7.39506615  16.47643775
 -20.65844791 -17.8559058   33.55893601  -5.90880137   1.93807053
   9.94678966  21.67759793 -14.75945259 -14.39251483  30.42305894
 -18.14863964  36.15539035   8.95584148  42.69405319   0.8015123
 -22.05546074  -0.07857372  14.17694534 -14.71961788 -14.48235294
  16.36090251  -7.78669778 -28.1182094   -8.33209884  27.68225772
  13.69173764   9.87952696 -36.87851663  -2.81834512 -22.1097162
   1.55678258  -7.99569459  19.26427313   7.80067573   2.80424135
 -10.39536116  26.2697421   43.10291942  21.43685888 -15.97842685
  53.65438248   1.94943906  36.13714993 -21.57476731  10.98217363
   3.53803525  10.93916583  12.63218877 -33.07422054  22.09287496
  12.07884544 -24.30883245  -6.61329814  15.46840682   9.1358938
   1.02153866  -6.8569975    5.88162413  29.02744354 -29.38933188
  -0.42401611 -12.09432811 -35.06115075  -8.31287764  -4.59060066
 -19.48985773  -4.99115312  -8.82732366  -7.81190409  23.17508048
  14.78709327 -30.97704011  23.97725292  -9.39286373 -12.54017672
  20.17815053 -54.756439   -17.37386372  -0.0775148   14.07166977
 -48.61364048   6.51020302  19.51846301 -13.92083402 -42.86623372
  26.79854978   7.71554209 -21.5846196   25.05605287 -38.42071907
  -6.08248852   2.31500843  11.17611546  27.13901851  -3.7434967
 -31.83783142 -25.9586162   -7.42683195   8.98580597 -20.82896577
   2.80866462  19.00529887   4.16332695   7.82505482  -9.37947733
 -14.8830961  -11.56981388 -19.22742825   0.88889114  24.46907783
 -14.97832766 -16.21124692 -39.47381408  -6.94469062  -0.13219135
  11.40996112  -3.86772318  -3.38337398 -13.51045631 -11.06796665
  -3.61625944  17.5092455   27.3974418   24.06503421 -24.72183835
  -0.58937533   4.51978053 -28.75073898 -45.26819714  -6.63226077]