[-2.91263255e+00  5.36509976e+00 -8.91354879e+00 -1.88242683e+00
  1.34591023e+01 -7.53042975e+00 -3.11112505e+01 -6.28182909e+00
  1.91668671e+01 -3.04207055e+00 -4.68810216e+00  6.98487295e+00
 -1.22095263e+00  1.32521869e+01 -3.28669501e+01  9.28051479e+00
  2.25488928e+01 -4.04266005e+01 -3.17543646e+01  2.59245516e+01
  2.54227517e+00  1.40900254e+01  5.47753559e+01  2.07028390e+01
 -1.22725658e+01  9.36523755e+00 -2.65717240e+01 -2.64408478e+01
  2.65483363e+00 -7.71831067e+00  2.07001061e+01 -2.07502360e+01
 -1.83848535e+01 -1.62840002e+00 -1.53452741e-02  1.42518844e+01
 -1.17151985e+00  6.18139720e+00  2.44911852e+01  1.49720582e+01
  4.34774909e+00  1.04907153e+01 -8.65888381e+00 -6.31122013e+00
 -1.61419942e+01  1.14515604e+01  1.28877176e+01  4.38561013e+01
 -1.69484165e+01  6.46264777e+00  8.29771236e+00 -2.60988264e+01
 -9.19121355e-01 -2.63747644e+01 -2.73796326e+01 -3.74601999e+01
 -1.35243334e+01  1.28207862e+01  7.13376291e+00  1.27905355e+01
  8.06647406e-01 -1.85668478e+01 -1.24839180e+01  1.93151961e+01
 -4.23719918e+01  3.69141360e+00  1.32911609e+01  1.00999430e+01
 -2.28332300e+01 -1.69871526e+01  3.77703461e+00  2.25317151e+01
  1.90470424e+01 -3.20533186e+01 -4.00085245e+00  2.56724959e+01
 -2.95947176e+01 -7.98359371e-01  8.33461430e+00  6.72835082e+00
  2.26785804e+01  3.25153894e+00  7.15758854e+00 -4.70547295e+01
  1.72796279e+01 -1.05148910e+01 -1.01346781e+01  5.19082260e+00
  1.21428394e-01 -7.97790080e+00  9.51455959e+00  1.04710084e+01
  5.77478217e+00  1.49387233e+01  7.97705149e+00 -2.26947099e+00
  1.78686477e+01  2.24191007e+00  2.97507907e+01 -6.41525184e+00
 -7.59176920e+00 -2.27944412e+01 -3.09735854e+01 -1.39905025e+01
  1.11841926e+01 -3.30831429e+01 -1.58378880e+01  1.16706944e+01
  7.31389157e+00 -2.53393649e+01 -3.64390722e+01  2.41794476e+01
  1.55720585e+01 -2.25369628e+01  8.06881144e+00 -2.01271424e+01
  2.50563830e+01  1.69713647e+01 -1.11390510e+00  1.11813776e+01
 -2.18160478e+01  1.07547912e+01 -5.34603104e+00  2.45843232e+01
  3.37171542e+00 -3.34319300e+01 -2.49349520e+01  1.75084544e+00
 -2.07741650e+01  3.27003270e+00  1.30934112e+00 -9.93175494e+00
  1.90941742e+01  4.56490411e+01  2.52270856e+00  2.40206565e+01
 -2.16192368e+00 -1.24801958e+01  1.30688723e+01  2.51111441e+00
  2.08841592e+01 -4.16478270e+00 -6.88803990e+00 -5.48273612e+00
  1.35521756e+01  3.72209730e+00  8.17684094e+00  4.96846256e-01
  9.62525170e+00  2.75509180e+01  4.95844456e+00  4.19314018e+00
  2.05368534e+01 -2.10544312e+01  4.97743295e+00  1.11427076e+01
 -1.74260346e+01 -8.19168569e-01  6.40945071e-02 -2.27896778e+01
  1.18295803e+01  2.25799753e+00 -9.50464953e+00  1.56728970e+01
  1.19263951e+01 -3.76483239e+01  7.36141462e+00 -6.08859191e+00
  4.26788995e+00  1.83631697e+01 -1.56023712e+01 -1.19221077e+01
  3.55292544e+01 -7.29534757e+00  5.36030115e+00  4.32824552e+00
  2.47357097e+01 -1.61364137e+01 -1.70917111e+01  2.51356395e+01
 -1.49956941e+01  3.16071914e+01  7.77532674e+00  3.97618260e+01
  5.52994748e+00 -1.58664824e+01 -3.14887452e+00  1.03703076e+01
 -1.33641894e+01 -1.28242326e+01  1.36626326e+01 -7.85130384e+00
 -2.43583469e+01 -3.50829399e+00  2.18949151e+01  9.89203221e+00
  6.44664182e+00 -3.29920511e+01 -3.21918826e+00 -1.51499037e+01
  4.71285180e+00 -6.94577112e+00  1.95294960e+01  9.39810376e+00
  3.21499011e+00 -8.93705405e+00  2.44489942e+01  3.63539360e+01
  2.43728713e+01 -1.62207596e+01  4.90299409e+01  1.35096198e+00
  2.98867190e+01 -2.03776064e+01  1.17732633e+01  2.34207294e-02
  1.08951420e+01  1.49129866e+01 -3.20591031e+01  2.13777018e+01
  1.28207355e+01 -2.41160928e+01 -7.69052632e+00  1.34197398e+01
  7.70339114e+00 -3.07728165e+00 -4.35326129e+00  3.21639658e+00
  2.52967478e+01 -2.32930442e+01  4.00742310e-01 -5.09289965e+00
 -2.98378248e+01 -9.41080134e+00 -5.90769657e+00 -2.14718598e+01
 -6.86103229e+00 -4.99333102e+00 -6.78207123e+00  2.11609875e+01
  1.56904116e+01 -2.64154014e+01  2.16917584e+01 -5.07085413e+00
 -9.38986772e+00  1.94849331e+01 -4.54411647e+01 -1.66747676e+01
  2.24621069e+00  1.60774205e+01 -4.70075597e+01  5.76411362e+00
  1.55213348e+01 -1.00411172e+01 -3.94787060e+01  2.01374272e+01
  4.64183107e+00 -1.65824562e+01  2.58936858e+01 -3.39687840e+01
 -5.04597045e+00  2.54289945e+00  1.06438355e+01  2.56675672e+01
 -2.49296664e+00 -2.96502731e+01 -2.61029534e+01 -8.99461966e+00
  5.53218674e+00 -1.81821999e+01  1.29481141e+00  1.71398249e+01
 -1.56209751e+00 -1.33079678e+00 -7.04787955e+00 -1.13292146e+01
 -1.03862528e+01 -1.16196450e+01 -3.03731458e+00  1.92577959e+01
 -1.20583665e+01 -1.21705492e+01 -3.47254062e+01 -7.76060929e+00
 -7.03952926e+00  1.13715315e+01 -5.00133087e+00 -2.50893023e-01
 -1.06193699e+01 -1.10490022e+01 -3.37095586e+00  1.95977117e+01
  2.21222585e+01  2.17378469e+01 -2.41326989e+01 -6.49956330e+00
  2.40524014e+00 -2.43729833e+01 -3.86601349e+01 -4.99666656e+00]