[-3.22924691e+00  7.40714064e+00 -6.84643235e+00 -4.54042473e+00
  1.28871117e+01 -8.04661665e+00 -2.95730074e+01 -6.45847554e+00
  2.16335501e+01 -8.36457111e-01 -3.02419668e+00  1.12857591e+01
 -1.15381274e+00  1.47499172e+01 -2.91442763e+01  7.44970756e+00
  2.11805625e+01 -3.76560944e+01 -3.02797419e+01  2.81424338e+01
  2.11514485e+00  1.27488757e+01  5.33203961e+01  1.92163530e+01
 -1.11463846e+01  1.13002852e+01 -2.68800911e+01 -2.57134546e+01
  3.15847944e+00 -8.23135558e+00  1.79657703e+01 -2.03362670e+01
 -2.02680443e+01 -4.90891213e-01 -5.31661361e-01  1.03292927e+01
 -7.40870598e-01  4.48484274e+00  2.37485985e+01  1.48383189e+01
  3.87088797e+00  1.27651940e+01 -7.37696386e+00 -8.93753831e+00
 -1.66878722e+01  1.42653272e+01  1.40193809e+01  4.33972109e+01
 -1.77448301e+01  6.23988022e+00  7.31476929e+00 -2.34407792e+01
 -3.56308918e-01 -2.63505671e+01 -2.97065712e+01 -3.61647920e+01
 -1.36097750e+01  1.40863107e+01  5.44060948e+00  1.21656255e+01
  1.49362667e-01 -1.36472707e+01 -1.55182870e+01  1.66389087e+01
 -4.28212646e+01  2.50026606e+00  1.42959749e+01  8.07962256e+00
 -2.47656917e+01 -1.54937114e+01  4.81438751e+00  2.08701289e+01
  1.90403189e+01 -3.15116463e+01 -7.89813950e-01  2.58158422e+01
 -3.15645407e+01 -3.67739061e-02  8.15794197e+00  8.69200538e+00
  2.01714527e+01  3.09996553e+00  5.81553746e+00 -4.58779366e+01
  1.66194236e+01 -1.07203893e+01 -7.57627337e+00  3.32655742e+00
  4.96496075e-01 -7.15875545e+00  9.69812480e+00  1.04434929e+01
  6.91256195e+00  1.08660409e+01  8.14839820e+00 -2.10472766e+00
  2.03745390e+01  2.01972433e+00  3.03969710e+01 -8.59016241e+00
 -6.19053579e+00 -2.16941409e+01 -2.91014139e+01 -1.27504218e+01
  1.13464239e+01 -3.66357450e+01 -1.86782748e+01  1.47045435e+01
  9.38047732e+00 -2.54008322e+01 -3.36249219e+01  2.43875691e+01
  1.47983364e+01 -2.17202365e+01  8.99261005e+00 -1.72058144e+01
  2.62127509e+01  1.60440075e+01 -2.72040898e+00  1.36204200e+01
 -1.78637387e+01  1.10399397e+01 -2.94783260e+00  2.51367764e+01
  2.98242430e+00 -3.29787267e+01 -2.20402627e+01  3.73260284e+00
 -2.02074232e+01  3.18111227e+00  1.25101766e+00 -8.81043060e+00
  1.74031863e+01  4.73326781e+01  3.56949349e+00  2.34646597e+01
 -4.60829715e+00 -1.36656722e+01  1.60058279e+01  2.75969855e+00
  2.16968154e+01 -3.39165937e+00 -5.73796681e+00 -7.95530503e+00
  1.31870137e+01  4.26837305e+00  1.02197244e+01  2.27705608e+00
  8.74233768e+00  2.46284693e+01  4.68617549e+00  3.18488791e+00
  2.01377429e+01 -1.83015352e+01  5.20041964e+00  1.19226083e+01
 -1.63733683e+01  1.35284623e+00 -5.76456005e-01 -2.53901287e+01
  1.15776451e+01  2.30475890e+00 -6.49515437e+00  1.74638588e+01
  9.78453647e+00 -3.47989961e+01  7.57510190e+00 -7.54837465e+00
  5.40540774e+00  1.62997633e+01 -1.60133415e+01 -1.36670427e+01
  3.38061839e+01 -5.46620952e+00  3.35531410e+00  2.52216448e+00
  2.36953337e+01 -1.13388567e+01 -1.29797736e+01  2.55983618e+01
 -1.43081741e+01  3.09895783e+01  1.03796768e+01  3.88103102e+01
  2.29999105e+00 -1.82068831e+01 -2.47846795e+00  1.12036520e+01
 -1.36789786e+01 -1.41436722e+01  1.54330617e+01 -7.30169126e+00
 -2.39996925e+01 -4.39429126e+00  2.19610525e+01  9.27259402e+00
  7.46086131e+00 -3.24974833e+01  6.62638343e-01 -1.64037015e+01
  3.03741460e+00 -5.42851305e+00  1.70066302e+01  9.13358708e+00
  4.86506677e+00 -8.35440011e+00  2.51886122e+01  3.56888345e+01
  2.27503811e+01 -1.53817144e+01  4.92316560e+01  1.35303646e+00
  3.30275902e+01 -1.91067199e+01  1.18657173e+01  8.87613926e-01
  1.09292723e+01  1.22664463e+01 -3.20537073e+01  1.89876161e+01
  1.39986595e+01 -2.35654061e+01 -7.74328882e+00  1.43095901e+01
  5.83196215e+00 -3.52116250e+00 -4.61392019e+00  7.82488659e-01
  2.35487683e+01 -2.55341228e+01 -1.28408783e+00 -8.66657268e+00
 -2.75943877e+01 -1.01453947e+01 -5.02049416e+00 -1.95015610e+01
 -5.95866998e+00 -4.46641740e+00 -8.08519810e+00  2.18900231e+01
  1.33547617e+01 -2.61074294e+01  2.22860930e+01 -3.58397272e+00
 -9.14196551e+00  1.91640437e+01 -4.47067447e+01 -1.46489793e+01
 -3.72890683e-01  1.36245770e+01 -4.38127676e+01  7.27064956e+00
  1.70454432e+01 -1.14360043e+01 -3.87723857e+01  2.22668535e+01
  5.76880900e+00 -1.68464307e+01  2.46493149e+01 -3.51761016e+01
 -1.95209614e+00  2.74794735e+00  9.58969705e+00  2.48792908e+01
 -2.27522447e+00 -2.66531362e+01 -2.44079585e+01 -6.35275309e+00
  6.21190622e+00 -1.87669266e+01  2.08314130e+00  1.80318478e+01
  1.33864342e+00  4.37400354e+00 -6.53884018e+00 -1.20757664e+01
 -8.87816446e+00 -1.45308458e+01 -2.12046915e+00  2.09466094e+01
 -9.62880714e+00 -1.35070532e+01 -3.43094323e+01 -7.92011696e+00
 -5.57713088e+00  1.22186405e+01 -6.48725776e+00 -2.05615699e+00
 -1.10899880e+01 -1.05810473e+01 -2.25351020e+00  1.70830632e+01
  2.04923773e+01  2.16276066e+01 -2.39271758e+01 -5.52411848e+00
  1.22259153e+00 -2.37559459e+01 -3.85947280e+01 -3.36899934e+00]