[-4.58126563e+00  5.64825342e+00 -7.01478724e+00 -6.58488660e+00
  1.89180596e+01 -1.00327220e+01 -3.67149473e+01 -1.20555352e+01
  2.73068592e+01 -7.26327600e+00 -1.78390462e+00  1.26428587e+01
 -3.55629052e+00  1.97243511e+01 -4.50864156e+01  1.23317007e+01
  2.74075383e+01 -5.38610897e+01 -3.84371429e+01  3.81914273e+01
  3.34371471e+00  1.53250562e+01  6.78732639e+01  2.41748141e+01
 -1.30507234e+01  1.32364139e+01 -3.70288368e+01 -3.73933552e+01
  4.78038983e+00 -1.10453698e+01  2.03660606e+01 -2.51454414e+01
 -2.16134719e+01 -1.50632454e+00 -6.17217174e-01  1.68823227e+01
 -4.54546384e+00  6.70848832e+00  3.23469003e+01  2.20606051e+01
  9.87554952e+00  1.23590612e+01 -8.21359515e+00 -8.79045268e+00
 -2.16629343e+01  1.61672608e+01  1.82262858e+01  5.85785971e+01
 -2.20869348e+01  7.71230993e+00  9.18924868e+00 -2.98741898e+01
 -2.28247804e-01 -3.29217857e+01 -3.71248780e+01 -5.03006633e+01
 -1.35817465e+01  1.79970284e+01  3.89306303e+00  1.31816485e+01
  3.38808846e+00 -2.44671915e+01 -1.88537853e+01  2.16639052e+01
 -5.46161345e+01  1.82949729e+00  1.28623927e+01  1.02959013e+01
 -3.19307179e+01 -2.25698020e+01  9.69654332e+00  2.71084691e+01
  2.10315841e+01 -3.91651325e+01  7.40589436e-02  3.26105142e+01
 -3.92643771e+01 -3.14953728e+00  1.65249178e+01  9.78597396e+00
  2.88833974e+01  4.78295549e+00  9.31880705e+00 -6.27520683e+01
  2.20687134e+01 -1.53130023e+01 -8.33941482e+00  3.33088489e+00
 -2.71703375e+00 -8.93134151e+00  1.25164340e+01  1.36747596e+01
  1.03485792e+01  1.77480368e+01  1.00825469e+01 -5.74919794e+00
  2.51153417e+01  4.63973192e-01  3.77309783e+01 -1.15878289e+01
 -8.85557414e+00 -2.48483090e+01 -3.84667241e+01 -1.64057275e+01
  1.84264147e+01 -3.90480507e+01 -2.28457951e+01  1.32164633e+01
  9.84742054e+00 -3.00722578e+01 -4.43476985e+01  2.76697476e+01
  1.77815291e+01 -3.04513210e+01  8.88684441e+00 -2.54712951e+01
  3.06269224e+01  1.84761830e+01 -5.10800338e-01  1.38907635e+01
 -2.48282769e+01  1.21656438e+01 -7.05398442e+00  3.26813157e+01
  9.71620109e-01 -4.22686747e+01 -3.05538961e+01  2.99957589e+00
 -2.13737775e+01  5.88242290e+00  2.72356511e+00 -1.38671438e+01
  2.02596372e+01  5.90265933e+01  3.98268572e+00  2.56289868e+01
 -9.85297613e+00 -1.81646970e+01  1.95766388e+01  2.83654973e+00
  2.86419526e+01 -5.66749942e+00 -1.14345621e+01 -6.39281633e+00
  1.48320101e+01  1.15196308e+00  1.02142480e+01  1.67533422e+00
  1.43516602e+01  3.70058998e+01  5.57033153e+00  7.23844392e+00
  2.36687404e+01 -2.73839972e+01  7.42808897e-01  1.59046059e+01
 -2.05361201e+01  2.09355392e+00 -1.00252473e+00 -2.85173906e+01
  1.52744225e+01  7.31078687e+00 -1.11578070e+01  1.74605820e+01
  1.65038925e+01 -4.26888934e+01  1.02637868e+01 -9.47843862e+00
  7.32711403e+00  2.17118940e+01 -2.39183689e+01 -2.03106160e+01
  4.17687613e+01 -8.57734424e+00  6.63346889e+00  1.16437832e+01
  2.84620735e+01 -1.88661100e+01 -1.73987361e+01  3.31493270e+01
 -1.98028772e+01  4.06864683e+01  6.86391616e+00  4.87812018e+01
  3.08512169e+00 -2.19375092e+01 -2.30396413e+00  1.42788814e+01
 -1.85777962e+01 -1.55540838e+01  1.84200083e+01 -1.19444235e+01
 -3.38237104e+01 -4.62998301e+00  2.93278697e+01  1.42994298e+01
  1.29636618e+01 -4.37571811e+01 -7.44035008e+00 -2.20499702e+01
  3.78425711e+00 -1.12617466e+01  2.05878693e+01  8.50732820e+00
  2.77381334e-02 -1.18802510e+01  3.07558254e+01  5.09037196e+01
  2.51633976e+01 -2.04655559e+01  5.90002353e+01  3.91118103e-01
  4.07309950e+01 -2.50787757e+01  1.42219346e+01  1.95667042e-01
  1.44193179e+01  1.68035945e+01 -3.66214032e+01  2.47507425e+01
  1.55267077e+01 -2.76740514e+01 -7.72050201e+00  1.94055774e+01
  1.19718278e+01 -2.19560030e-01 -6.38327067e+00  4.82524408e+00
  3.18213166e+01 -3.02783056e+01  2.37909923e+00 -8.93047364e+00
 -3.84213016e+01 -8.85597021e+00 -3.88705424e+00 -2.59681523e+01
 -6.37821197e+00 -7.82909087e+00 -7.06317992e+00  2.64401816e+01
  1.77065384e+01 -3.70653667e+01  3.05907217e+01 -1.32474201e+01
 -1.18565653e+01  2.55922534e+01 -6.02792012e+01 -1.93586836e+01
 -6.22650807e-01  1.76926222e+01 -5.91151065e+01  6.45683209e+00
  2.37454441e+01 -1.49005232e+01 -4.85998231e+01  2.75410271e+01
  6.47204053e+00 -2.14653872e+01  3.10079934e+01 -4.42078432e+01
 -9.15066510e+00  1.42085305e+00  1.32579021e+01  3.11727307e+01
 -5.11797804e+00 -3.84491412e+01 -2.81788172e+01 -1.04789028e+01
  9.44972214e+00 -2.47785097e+01  4.70637586e+00  1.93060046e+01
 -8.12976919e-01  2.76372676e+00 -1.11787556e+01 -1.50187015e+01
 -1.42152440e+01 -1.75155278e+01 -3.16851461e+00  2.62795844e+01
 -1.49482311e+01 -1.82438022e+01 -4.25429882e+01 -9.20717771e+00
 -3.52302804e+00  1.18757223e+01 -3.03952822e+00 -2.47227204e+00
 -1.09779369e+01 -1.59078481e+01 -1.17726799e+00  2.37037973e+01
  3.08337745e+01  2.56556708e+01 -2.88828178e+01 -4.25042014e+00
  2.59543380e+00 -3.37805434e+01 -5.23521783e+01 -8.58025730e+00]