[-6.43422769e+00  1.09386745e+01 -1.21613666e+01 -6.99924784e+00
  2.14055744e+01 -1.08071419e+01 -4.29185620e+01 -6.93962407e+00
  2.37472828e+01 -2.24136398e+00 -9.98745592e+00  1.04178506e+01
 -1.31296687e+00  1.93074565e+01 -4.51996577e+01  1.58941203e+01
  3.20481219e+01 -5.40676369e+01 -4.26703107e+01  3.34610483e+01
 -3.87796901e-01  1.42353431e+01  7.88035536e+01  2.72305545e+01
 -1.40093223e+01  1.55362866e+01 -3.85593608e+01 -3.08263388e+01
  1.95994000e+00 -6.10833995e+00  2.46955698e+01 -3.00391396e+01
 -2.25007372e+01 -9.66361353e-01 -1.69794546e+00  1.97804233e+01
 -3.71668437e-01  9.35624458e+00  3.03683446e+01  1.77176119e+01
  6.75458411e+00  1.65572984e+01 -1.17422775e+01 -6.38188289e+00
 -2.08751879e+01  1.46552678e+01  1.83946535e+01  6.12982350e+01
 -2.35863612e+01  7.80503581e+00  1.15236717e+01 -3.40607411e+01
 -7.83561477e-01 -3.45642784e+01 -3.70234315e+01 -5.10896844e+01
 -1.61310130e+01  1.51443332e+01  6.98654633e+00  1.34072802e+01
 -3.06034286e+00 -1.94639226e+01 -1.49355131e+01  2.83402027e+01
 -5.58263274e+01  5.49896638e+00  1.59297052e+01  1.37827856e+01
 -3.34662518e+01 -2.85909823e+01  6.13217506e+00  3.29491465e+01
  2.84612683e+01 -4.63511469e+01 -2.97729759e+00  3.66476837e+01
 -3.80448601e+01  1.09084135e+00  1.10756197e+01  8.39720163e+00
  2.90150122e+01  6.66904247e+00  9.79379591e+00 -6.32536284e+01
  2.46382508e+01 -1.06299095e+01 -1.07456009e+01  3.29103421e+00
  1.33714789e+00 -7.76205383e+00  1.45803135e+01  1.16224658e+01
  8.79876000e+00  1.94510744e+01  6.85087838e+00 -3.01753712e+00
  2.35885867e+01  1.46003830e+00  4.08952242e+01 -7.19377403e+00
 -5.43924283e+00 -3.09905715e+01 -4.21263025e+01 -1.34297269e+01
  1.28444024e+01 -4.92131953e+01 -2.42846730e+01  1.82532558e+01
  1.13308187e+01 -3.71639018e+01 -4.70383234e+01  3.24507709e+01
  2.30059167e+01 -3.33556508e+01  1.16409796e+01 -2.82220686e+01
  3.20207752e+01  2.14591717e+01 -2.55808761e+00  1.63748495e+01
 -2.76923212e+01  1.69608542e+01 -3.62741994e+00  3.49012003e+01
  2.31776515e+00 -4.43360482e+01 -2.95863760e+01  6.73368509e+00
 -2.77536706e+01  4.05970280e+00  2.18992083e+00 -1.53279880e+01
  2.23021385e+01  6.46065679e+01  3.89625106e+00  2.97807131e+01
 -5.09474523e+00 -1.79053581e+01  1.40417751e+01  7.32354387e+00
  2.75475970e+01 -5.12515849e+00 -6.68405382e+00 -9.65614298e+00
  1.82705230e+01  4.03514924e+00  1.14558130e+01  1.32108517e+00
  1.30064954e+01  3.60835429e+01  4.98112378e+00  2.41068423e+00
  2.78954698e+01 -2.97082837e+01  1.09366295e+01  1.59056084e+01
 -2.47919027e+01 -4.84762550e-02  2.70205325e+00 -3.73409020e+01
  1.79849036e+01  3.93969083e-01 -8.74782535e+00  2.81814213e+01
  1.63105936e+01 -5.34390257e+01  9.59606587e+00 -9.34920255e+00
  7.55802534e+00  2.44949017e+01 -2.12758893e+01 -1.15684973e+01
  4.42990102e+01 -9.66943772e+00  2.11354362e+00  6.49922176e+00
  3.47590159e+01 -1.83740900e+01 -2.47932105e+01  3.06112823e+01
 -2.17349982e+01  4.14331997e+01  1.62714212e+01  5.45187576e+01
  5.37542050e+00 -2.38358746e+01 -5.69169915e+00  1.83525016e+01
 -1.99636797e+01 -1.96288837e+01  1.94803002e+01 -1.09622613e+01
 -3.22299125e+01 -5.92444654e+00  3.46792044e+01  1.51452043e+01
  8.82638605e+00 -4.01577972e+01  8.33073148e-03 -2.40836197e+01
  6.57922921e+00 -1.13343825e+01  2.88543105e+01  1.50277643e+01
  6.06773255e+00 -1.22672690e+01  2.95927301e+01  4.70988380e+01
  3.54483870e+01 -2.21138954e+01  6.77882358e+01  5.35099016e+00
  3.81340622e+01 -2.52141299e+01  1.80032471e+01  7.77483861e+00
  1.46644480e+01  1.73878261e+01 -4.57801811e+01  3.10687358e+01
  1.75721927e+01 -3.23727720e+01 -8.50326279e+00  1.57799142e+01
  1.04418118e+01  1.09282470e+00 -4.39706614e+00  8.84799700e+00
  3.40450667e+01 -3.31661002e+01  8.27435922e-01 -1.04414649e+01
 -4.18766588e+01 -6.70735252e+00 -9.95108997e+00 -2.77402578e+01
 -1.09894060e+01 -6.28807076e+00 -1.12495911e+01  2.66695508e+01
  1.57555805e+01 -3.67171540e+01  2.74257419e+01 -3.15748041e+00
 -1.26756228e+01  2.46593716e+01 -5.83853889e+01 -2.04088405e+01
  3.98763287e+00  2.25169165e+01 -5.99289017e+01  5.71335997e+00
  2.09785557e+01 -1.48666057e+01 -5.16065886e+01  3.00569607e+01
  5.01538814e+00 -2.37883864e+01  3.18933644e+01 -4.58325816e+01
 -4.12444721e+00  3.48537625e+00  1.46582864e+01  3.33960014e+01
 -3.69673660e+00 -3.59963557e+01 -3.93024616e+01 -1.63244083e+01
  7.63986774e+00 -2.22511374e+01  1.47510437e+00  2.53299187e+01
  4.46058512e+00  1.20896220e+00 -9.97932530e+00 -1.44817725e+01
 -1.45195185e+01 -2.01756178e+01 -1.89014369e+00  2.91193854e+01
 -1.33581930e+01 -1.52974746e+01 -4.75274991e+01 -7.51851890e+00
 -7.23801982e+00  1.44393993e+01 -7.04211686e+00  6.15464927e-01
 -1.29802013e+01 -1.50406636e+01 -9.07610974e+00  2.17395440e+01
  3.22691087e+01  3.38545639e+01 -3.28168101e+01 -6.27331161e+00
  7.77290776e+00 -3.18816133e+01 -5.07492289e+01 -7.25720489e+00]