[ -2.17817772   5.87905186  -2.55886576  -3.58552413  14.11166828
  -6.56908299 -23.95611183  -7.52053064  15.4623554   -2.42308248
  -3.4992531    5.61390294   0.27616095  12.95963686 -29.88928783
  11.20184532  17.691156   -37.75193715 -24.92218991  23.87963042
   1.65412174   8.910036    45.64836867  15.39273481  -7.40832017
  11.04884686 -23.89603574 -21.29818942   3.32712978  -5.99910256
  11.43476375 -18.97884937 -13.41074633  -3.33899576   0.62417514
  13.06564412  -4.12541398   5.9331664   17.35561572  12.36122729
   7.29048528   7.12472933  -6.92715258  -4.22977082 -12.13339022
   8.10618149  10.38199165  39.65430515 -13.51214      3.80196437
   4.64819788 -17.7545609   -2.31035959 -19.92201428 -22.80060622
 -33.34728922  -9.43296983  12.99031229   1.76199476   7.14248313
   1.2895185  -15.12980372 -10.01777182  15.80281249 -32.98649331
  -0.47943317   7.42120992   9.89168823 -23.05931484 -17.31935459
   6.33466486  19.81558164  17.17128578 -25.67411675  -1.13665635
  21.77365551 -25.88017517   0.65925504  12.11747888   6.87279208
  17.54758484   5.1575087    5.38901998 -41.8545518   15.54814336
  -8.8644075   -4.10829278   2.06299456  -1.80169789  -7.45402448
   7.92487263   8.36115273   5.65521766  11.57822747   5.02019262
  -4.95047743  15.9570533   -0.54910016  24.58388918  -7.8076872
  -5.97173595 -17.4191833  -26.11278628 -10.13649823  10.94690645
 -25.23012688 -14.85053924   6.55429791   7.36494965 -22.14991625
 -28.57367269  18.55246569  13.04355067 -20.85239471   8.27360091
 -16.40341265  20.29683764  11.06781949   1.86096926   9.94360158
 -15.79072171   9.8209258   -1.84002683  21.02698639  -0.90662118
 -26.25564659 -19.70065639   4.49189622 -14.20794066   5.30571892
   1.25380015  -9.92197893  10.92646742  38.48621409   0.74541521
  14.58469165  -6.79780107 -11.35980969   9.28421721   5.11177527
  16.3446247   -3.40476081  -4.55612791  -3.67240025   8.30027933
   0.30025356   7.63356619  -2.09464492   9.90813831  25.40201893
   2.97483193   2.80964769  14.56084183 -18.15153615   1.17552141
  12.53433932 -14.68835216   1.55526518  -0.90758615 -19.75085025
  10.75705411   2.60278917  -6.62916862  13.15275053   8.87330647
 -30.31057283   7.95509072  -6.39051496   5.38690527  12.66343907
 -15.37558069 -11.90277605  23.50243616  -6.63537738   1.11351306
   7.28452856  16.63600268 -13.21771914 -12.8599076   19.50404826
 -13.98961521  28.20119912   6.26737966  31.87286177   0.34962221
 -16.93397983   0.97754793  10.4709404  -10.71644106 -10.53703082
  13.38239715  -6.07484861 -21.39696386  -4.80489764  22.44891263
  13.20624588   8.6202701  -27.23793978  -3.07652204 -18.01153044
   3.98870401  -7.41034853  16.9999213    6.59253442   0.52878648
  -8.77735224  18.83742759  32.14633625  18.25071866 -12.92646573
  40.28899496   4.24405798  25.31793362 -17.44194875   9.69982189
   3.28184271   9.71679544   9.77650511 -24.73359696  17.26620088
   8.52910224 -18.08930167  -4.51145161  12.36938766   8.3721034
   2.20181163  -5.48219904   4.47412933  23.14225775 -18.00473617
   0.97064535  -7.27171735 -26.40619519  -2.215756    -1.21181156
 -14.73419151  -2.55753534  -4.15570796  -3.75797192  15.72439545
  10.81725953 -25.70571441  18.42780973  -9.0724612   -8.76955053
  14.16967528 -38.98360479 -13.73367913   1.67789     12.79684617
 -35.84960339   2.33090046  14.82960281  -9.78651756 -31.32855426
  20.74724503   5.00335964 -16.85723463  18.01350014 -29.61182795
  -5.66293987  -0.2117765    9.29760006  18.72234295  -2.50491636
 -25.74544716 -18.87720655 -10.32314906   7.47077336 -13.91869212
   3.33819008  11.04724888   3.39260065   0.85542607  -8.07365071
 -11.80745856 -10.50007506 -11.26791318  -1.01491621  16.50016807
  -9.6516573   -8.83496883 -27.14130149  -3.21219409  -2.74288002
   7.21613929  -3.07380003   1.03615757  -8.18541162  -9.91111188
  -2.69589494  12.27264518  20.76169077  19.64913163 -16.62220389
  -0.53900001   3.49760223 -21.25316588 -32.79291344  -5.55939357]