[-1.43103167e+01  2.07032823e+01 -1.04904254e+01 -1.50327626e+01
  4.56585219e+01 -1.97489120e+01 -8.33035824e+01 -2.20191927e+01
  6.55951669e+01 -5.03726467e+00 -1.74352871e+01  2.92281782e+01
 -1.43062166e+01  4.14644087e+01 -9.39530553e+01  3.30887199e+01
  6.29145556e+01 -1.18817979e+02 -8.50535467e+01  8.16071217e+01
 -2.27299287e+00  2.47403197e+01  1.60232482e+02  5.48084027e+01
 -2.98952983e+01  3.36211782e+01 -8.32611734e+01 -7.43657246e+01
  4.89671536e+00 -1.68048501e+01  4.75795644e+01 -6.40124392e+01
 -4.32877082e+01 -6.36024838e+00 -1.73197360e+00  3.36629293e+01
 -5.39141100e+00  1.98931683e+01  6.36478261e+01  5.36269867e+01
  2.03132532e+01  3.09469859e+01 -2.15912788e+01 -1.78781133e+01
 -4.44555174e+01  3.05546724e+01  4.71638654e+01  1.27982758e+02
 -4.67933656e+01  1.66833177e+01  1.91620212e+01 -6.55183124e+01
 -4.90304769e+00 -7.54181916e+01 -7.83490605e+01 -1.07765161e+02
 -2.91360203e+01  3.26576187e+01  6.56095923e+00  2.52381511e+01
 -1.42264256e-01 -4.53276260e+01 -3.12017788e+01  4.87449421e+01
 -1.12385003e+02  3.73388366e+00  3.25515743e+01  2.73573386e+01
 -7.09782829e+01 -5.59046991e+01  2.30495543e+01  6.58487353e+01
  5.00586566e+01 -8.63939754e+01 -1.76066856e+00  7.83213929e+01
 -8.78062688e+01  3.21602353e+00  4.00300428e+01  3.11079483e+01
  6.02766870e+01  1.92400895e+01  1.72356765e+01 -1.36319599e+02
  5.05854012e+01 -3.41014165e+01 -1.93212483e+01  3.29604990e+00
 -1.63118969e+00 -1.86750024e+01  3.43858787e+01  2.97418698e+01
  2.18971375e+01  4.10952748e+01  1.98949660e+01 -1.56336936e+01
  5.85478222e+01 -4.50113621e+00  7.94151515e+01 -2.32367201e+01
 -6.88277949e+00 -6.12875518e+01 -8.96037016e+01 -3.24762534e+01
  3.13919511e+01 -9.58181044e+01 -5.51249339e+01  3.53138034e+01
  2.49318709e+01 -7.23699599e+01 -9.50298679e+01  6.41202264e+01
  4.62065909e+01 -7.13557014e+01  3.11161288e+01 -6.05842434e+01
  6.43494978e+01  4.27371125e+01 -4.32365004e+00  3.68622996e+01
 -5.22418433e+01  2.90333145e+01 -5.84430762e+00  7.23198775e+01
  2.32757634e+00 -8.96105827e+01 -6.28018572e+01  1.51368437e+01
 -4.33079613e+01  1.54242384e+01  1.24399618e+01 -3.65661740e+01
  4.45282795e+01  1.37330573e+02  8.77928415e+00  5.12038561e+01
 -1.53694443e+01 -3.83022977e+01  4.60436433e+01  1.21410135e+01
  6.28468494e+01 -9.09706588e+00 -1.12142454e+01 -1.19217540e+01
  3.77884230e+01  6.83078998e+00  2.42009188e+01 -3.29785499e-01
  2.74728373e+01  8.02305507e+01  2.67564747e+00  9.69481035e+00
  5.09688635e+01 -5.90265313e+01  5.67931049e+00  3.60479122e+01
 -4.98027507e+01  4.48183259e+00  2.97045516e+00 -7.21701372e+01
  3.29373703e+01  1.45890683e+01 -2.31938590e+01  5.25660337e+01
  3.20603580e+01 -9.59454847e+01  2.34802605e+01 -2.03074396e+01
  2.18418349e+01  4.15751805e+01 -4.87299080e+01 -3.72302947e+01
  9.05243640e+01 -2.30675586e+01  2.98527657e+00  2.15111891e+01
  5.89186252e+01 -3.33955643e+01 -4.46930620e+01  7.33394983e+01
 -4.69604944e+01  9.07497977e+01  2.12510281e+01  1.08678042e+02
  5.51596754e+00 -5.50298646e+01 -4.82712102e+00  3.93219351e+01
 -3.81348651e+01 -3.70763476e+01  4.18213699e+01 -2.53980502e+01
 -7.23095198e+01 -1.89549893e+01  7.51252463e+01  3.50621169e+01
  2.41005244e+01 -8.80110438e+01 -7.35561907e+00 -5.34552874e+01
  1.19556266e+01 -2.10748962e+01  5.03749378e+01  2.52567082e+01
 -9.21614561e-01 -2.31128778e+01  6.60089339e+01  1.08774821e+02
  6.39962288e+01 -4.16092353e+01  1.38823883e+02  4.24687166e+00
  9.45831388e+01 -5.16632718e+01  2.74980724e+01  1.03139172e+01
  3.08265914e+01  2.88633738e+01 -8.35086455e+01  6.25528864e+01
  3.01191086e+01 -6.43284948e+01 -1.31532152e+01  4.07888966e+01
  2.98161742e+01  3.28478639e+00 -1.22281016e+01  1.13956004e+01
  7.35580133e+01 -6.97841345e+01  1.91454802e+00 -1.89651035e+01
 -8.53198606e+01 -1.89693415e+01 -1.03776648e+01 -5.20358902e+01
 -1.98534913e+01 -2.28148747e+01 -1.57296100e+01  5.41644007e+01
  3.27917118e+01 -7.88200430e+01  6.11306083e+01 -1.66595550e+01
 -2.50181317e+01  5.50932054e+01 -1.30272445e+02 -4.56915092e+01
  5.69766902e+00  3.90508259e+01 -1.23174805e+02  9.08533540e+00
  4.84728686e+01 -3.38519708e+01 -1.07561316e+02  6.40684483e+01
  1.29163872e+01 -5.36138610e+01  6.25672253e+01 -9.34503585e+01
 -2.12352648e+01  6.91669614e+00  2.84841108e+01  6.71397353e+01
 -1.05313926e+01 -8.20990492e+01 -7.53338645e+01 -2.73586950e+01
  1.94951291e+01 -5.28963334e+01  7.64588849e+00  4.44807274e+01
  9.80840749e+00  1.41736437e+01 -2.29956828e+01 -3.56777004e+01
 -2.77188624e+01 -5.09278571e+01 -6.52087782e-01  6.49954760e+01
 -3.24700732e+01 -3.67211087e+01 -1.00414611e+02 -1.75524607e+01
 -5.67133489e+00  2.28297250e+01 -1.20362630e+01 -6.44023382e+00
 -3.47079237e+01 -3.09024904e+01 -8.77922635e+00  4.74753795e+01
  7.07505614e+01  6.44032855e+01 -6.87523643e+01 -1.63650913e+00
  1.09148580e+01 -7.14321900e+01 -1.13844862e+02 -1.54466106e+01]