[ -1.40249944   3.0378683   -4.35036568  -5.14629486  12.36139046
  -9.77530379 -29.29087261  -6.50577833  18.26993428  -2.92192274
   1.51666406   8.76398644  -6.04875469  17.05262547 -35.31247919
  11.11501433  19.69949779 -41.15781047 -33.67087713  29.72192564
   2.14681496  10.21563053  53.57903192  19.75053584 -12.87397175
   7.65085328 -29.44391498 -28.41988888   3.01671845  -9.08434505
  14.51242531 -18.9386284  -16.90195478   1.11110865  -2.32389982
  13.47010399  -4.50120009   4.79007496  26.32426639  19.80203163
   5.48987359  12.28662285  -4.45033269  -8.11989973 -15.5736524
  13.73282481  17.16291076  44.27276255 -17.36355852   6.19351899
   6.81065778 -22.29769596   1.97610125 -24.57394694 -29.23472448
 -37.39387281 -12.80930619  15.42346463   4.32463975  12.51238819
   1.11791503 -18.33244476 -12.4188301   17.29571997 -42.06603289
   0.60518861   9.560609     6.64814242 -24.0571912  -17.24272936
   6.80576598  21.34108153  16.32159533 -33.17156836  -0.41592091
  23.42559577 -30.273471    -2.19764695  12.45886064   8.38376382
  22.88431326   2.69358395   7.0668867  -49.21048313  20.43979098
 -11.2654339   -5.92864168   7.34478468  -0.34478549  -7.1822962
   9.55039109  10.09190092   6.92544085  14.2948014    7.99609378
  -4.6370527   17.17272849   4.35007237  26.33485034  -5.43695675
  -3.21382961 -19.31400426 -28.41443411 -11.16327648  14.66177954
 -30.66297889 -18.46694337  11.24964096   5.41992957 -23.90351962
 -30.51720291  23.07564283   9.32929301 -21.48201585   4.50751738
 -18.42861718  22.48240037  13.40411717  -1.4801376    8.82595623
 -20.82249762  11.79715128  -3.26139439  24.09937412   0.07334676
 -32.49828325 -24.59217373   1.46240738 -18.37578773   5.00958308
   3.6107089   -8.14764772  16.81157506  43.729763     6.08525886
  23.70223572  -9.32460343 -13.88255438  14.54761475  -0.60316143
  20.51540426  -5.13132239  -9.00849697  -4.88764104  12.82363804
   0.79881202   4.88899339   4.409067     8.394894    27.96685398
   2.72391492   7.8890268   18.28394765 -20.36884567   0.23217831
  11.40182135 -16.2740959    0.50673405  -1.61614298 -20.79838018
  13.63998231   4.22953123  -9.76490218  13.59916285  11.08854155
 -31.81915306   9.76129095  -8.05152361   3.92171738  18.14056326
 -16.86729124 -14.00002033  36.4449114   -9.20439981   5.31225649
   4.39849914  24.11294613 -13.8633912  -13.95470618  26.89702517
 -14.54939562  32.2705468    4.45910214  36.95606075   6.29933757
 -16.38003116  -4.37095649  10.48918678 -15.73802837 -13.34050089
  14.15691086 -10.30929544 -25.314648    -3.61012462  20.35688329
   8.44803059  10.39444519 -32.38602261  -6.51130293 -14.40266984
   3.39267049  -8.92008716  15.48632829   9.1835243   -1.69729616
  -8.82060617  26.16727112  38.87260624  22.90624453 -18.44455149
  43.08002858  -0.32746856  32.53764472 -20.30622405  10.65330355
  -1.45841561  10.51483123  12.74707146 -28.24939638  22.0338363
  11.57584808 -22.73579198  -4.43290534  14.01627584   9.43014284
  -1.09775225  -1.48777048   1.53520175  22.10399386 -23.59196943
   2.96518208  -1.58446751 -26.67833642 -10.54075355  -3.26330614
 -19.79742752  -6.82590768  -3.71412198  -5.86826955  20.97038869
  15.26277169 -27.42127017  24.74130438  -7.05477381  -9.28873578
  21.34033781 -46.1977564  -16.92125657   1.69366369  16.03799682
 -45.01712546   6.34282315  19.8531155  -10.47930156 -36.94422463
  19.9551523    3.90706756 -13.96560366  26.65400083 -33.65598088
  -8.31812745   1.39594257  12.41285881  25.74931085  -2.42834592
 -31.0223924  -23.28023525  -8.10665099   7.65331135 -20.55955336
   4.2023919   13.60277512  -1.88230913  -1.3958147   -7.92723545
 -10.85907957 -10.52131405 -11.38769968  -5.22219514  18.79966313
  -8.49346866 -12.99944702 -32.72613049  -7.90150274  -5.6297543
  10.9494202   -2.58694407  -2.3401247   -7.5021947  -13.26305711
  -0.33360823  22.3766272   19.75024544  18.9474943  -23.57904839
  -7.84933642  -0.7399018  -26.35016515 -39.60868344  -4.17786882]