[ -5.8870894    6.195395    -8.42510884   0.55967346  16.52976268
  -5.18709446 -34.39752611  -5.28184699  23.80760685  -4.49373068
  -9.61985803   8.43414363  -2.21621613  12.5690987  -35.38778452
  10.50806243  25.64357201 -43.99848264 -32.71333087  25.42662227
   0.20366983  13.71801334  60.68211202  23.99802451 -13.36285341
   9.94106574 -29.11665374 -30.26648063   2.04629567  -7.27213976
  24.12684895 -23.80738769 -17.43310849  -6.47671222   2.25443548
  14.18102821   0.36297088   8.70102842  24.85974195  17.11728957
   6.01266752   8.24178794 -10.7654481   -5.8742251  -17.2793694
   9.60420419  14.69771196  48.03128514 -17.46782076   6.6966193
   7.7079558  -28.8215196   -3.19363821 -29.5636795  -26.73059785
 -39.11632126 -13.02811558  11.05026224   6.47771148  11.323621
   1.43499202 -20.30971316 -10.836287    19.14296683 -43.66835348
   4.2465271   16.1370079   12.03947849 -24.42377347 -20.48693786
   5.18785478  23.47525372  19.20802455 -32.20053879  -5.97437612
  28.9352009  -31.82335668   1.63281664  10.47098524   9.16043861
  24.61911874   5.48247589   5.65344418 -50.84845025  16.61582712
 -12.05601446 -11.0986268    3.59642998  -0.24017036  -7.76174727
  12.76279574  11.21232135   6.97632209  17.67471443   7.36423074
  -4.57203353  21.07716875  -1.16411816  32.53384188  -7.16664618
  -6.8074592  -26.23692718 -35.25909359 -15.61367103  11.00418424
 -36.27812495 -16.82751111  11.3223555    8.93398423 -27.60142124
 -40.07893747  25.07923192  20.52155788 -24.84742668  13.15798098
 -24.05928999  27.02396386  20.06850275  -1.01926251  13.10900517
 -24.74820055  11.08668018  -5.83224258  26.2789623    4.45822982
 -33.168448   -27.45059132   2.15731745 -20.41760638   3.99347868
   2.20879188 -12.54799536  21.64241309  50.73437136   0.29962398
  22.32289286   1.1307974  -12.52623689  16.06111422   3.49345236
  23.34341558  -3.16145707  -4.40841273  -2.53661975  16.14300836
   3.96558442  10.48399165  -3.1218584   10.1313078   32.4480904
   3.93095657   3.28610432  21.05355395 -22.87053278   5.27089561
  11.19522143 -18.53930385  -1.90904928   3.18808809 -25.98444557
  11.05503207   2.45473166 -10.45160915  16.37181971  13.78911272
 -40.44741224   6.76964692  -5.93300525   6.66557389  19.43019564
 -16.12542087 -12.51968142  37.78479106  -8.50896595   3.4015387
   6.69291197  23.40848126 -18.54691683 -20.35764264  26.97264795
 -17.42790337  34.7037523    8.89446262  42.7527071    4.79277752
 -18.92004408  -2.92267585  11.49606015 -13.47334043 -12.41120056
  14.55580897  -8.16444781 -25.71422966  -6.10826796  24.89572239
  13.66471586   5.23054598 -33.90255671  -2.26033123 -16.93172215
   6.37890322  -7.75277562  20.80999528   8.54253886   1.29437987
  -7.04569482  24.42372179  38.74339286  24.98559561 -15.88337709
  54.60423613   0.5896845   31.98319012 -20.94289024  12.55206795
   1.33238349  11.35252678  14.39765956 -33.70953453  23.53863978
   9.68058135 -26.51205503  -9.8209176   14.85920336   9.35370103
  -2.60223406  -6.09008318   6.10842084  29.88327931 -25.48249387
  -2.42582495  -5.3550242  -33.83495243  -8.93669091  -4.80094777
 -21.71747124  -8.21867982  -8.52374662  -6.1804294   21.72531012
  15.18578004 -28.39127368  20.65936951  -4.6269319  -10.55204793
  21.03965747 -50.46528364 -18.6745298    3.28536447  15.90591086
 -50.27640688   4.2797721   14.56386076 -11.73469332 -42.01396581
  21.8663048    4.86863328 -20.58799093  26.24753181 -34.92314085
  -7.94035351   4.18551835  11.39066745  27.60835877  -3.26648543
 -33.45722901 -30.38507393 -10.9553531    5.50882059 -18.9383495
  -0.45899993  17.89244001  -0.6542979    1.96167213  -7.70864969
 -13.90409943  -9.23613393 -14.80929584  -0.46779415  22.39926913
 -15.10316576 -12.85522101 -40.40173411  -7.96632971  -5.5255478
   9.39198961  -4.80113071   0.42007938 -13.87977567  -9.65739766
  -5.02781043  20.00210918  27.84136964  24.58389213 -27.44570141
  -3.4598735    5.42132353 -26.51055868 -40.25260948  -6.44337888]