[ -9.99561772  16.60271844 -10.93338352  -9.29058712  34.48349621
 -13.53952793 -58.93554918 -14.04917965  45.02090031 -11.11012588
 -11.89882182  20.06742454   4.81715156  28.78265809 -66.21658657
  15.25320806  50.37532156 -85.42120616 -59.56940799  56.55131907
   1.24555596  22.18666064 110.89066566  39.96210772 -20.53933714
  25.43046771 -58.12833926 -53.70056476   6.53882666 -16.69800103
  32.07996893 -43.2742726  -38.57382424  -7.55828391   4.32850109
  23.25273978  -3.58399096  13.60905911  44.68833358  29.10740395
  15.24314489  21.08701982 -17.41871747 -15.1266987  -27.66942658
  22.4873501   25.88908437  95.74296526 -31.23395179  12.7401643
  14.12382306 -48.06115218  -1.73905996 -53.143918   -57.70013862
 -76.54676914 -24.06003996  27.85986687   8.28028341  20.52293185
   1.32649114 -28.6357053  -29.20066179  31.29824053 -83.958517
   4.16411767  24.42930632  22.84490457 -50.78038094 -38.35548885
  13.6426444   43.61155743  36.6269003  -62.1238947   -6.14318253
  54.12833868 -67.90287606  -1.44527131  23.22792318  16.69103908
  45.20256222  11.57949908  12.75791881 -93.45725775  32.66941039
 -24.37752578 -12.71101749   2.20696964  -4.81613544 -13.21394009
  22.73459213  22.19572477  17.37935943  23.89562539  12.11252826
  -6.8143054   44.30159713  -4.38031706  64.64411892 -22.68223058
 -13.19607998 -42.65880439 -63.02304552 -23.00279226  24.01460156
 -69.55504604 -38.35415304  23.18681466  18.98998919 -52.83124381
 -69.62896385  49.53007912  36.85471087 -50.43893014  23.82985981
 -41.57518267  51.40832941  34.79100853   3.2063378   27.93739052
 -37.35428409  21.15489393  -7.91180073  52.03860311   5.11190182
 -66.76059226 -44.8922252    8.99065339 -36.01682955  10.08473546
   2.58300092 -24.91493447  31.01087345  96.67552035   5.07040182
  38.65467712 -12.05028602 -26.61713205  27.6742338    8.59008535
  44.77436984  -5.33438208 -10.52887114 -12.56189918  26.03999506
   1.03823824  21.97924546  -0.5233887   20.82491238  59.07290875
   3.50897204   6.40685265  37.04642144 -40.83929487  10.93859758
  24.08296794 -32.8915452    4.91864503   2.09059734 -54.45114619
  22.19491753  10.19507124 -15.13891071  31.55649877  24.73585588
 -70.47776034  15.43656841 -12.67119837  13.50123151  32.87506595
 -32.78790808 -29.25661272  63.27492424 -13.19359389   7.15571596
  11.91120366  43.01943098 -26.63813545 -28.33376454  48.8825848
 -31.89220484  64.32750919  18.82541517  79.66589004  -2.26213157
 -39.8763757   -0.75657957  24.21205245 -25.10413354 -25.41824932
  33.55847327 -17.7767329  -52.19475631  -9.41897457  52.18676501
  28.23775104  18.07103141 -64.5593087    0.49655236 -36.27136352
   7.39843301 -11.98721454  36.9224861   13.11348668   2.05081194
 -13.95458102  45.46341741  75.42339283  42.35993143 -31.75227538
 104.15598056   2.58055385  67.81617227 -39.46015322  26.3396179
   4.43909873  26.46362972  24.06981008 -62.4125287   36.45350877
  20.70187895 -46.40607216 -17.56932035  31.90832181  17.10610339
  -0.81332361 -11.7877876    4.97494054  54.24645377 -46.18277829
  -6.82944157 -17.47279509 -61.12244169 -10.500213    -5.12338996
 -38.398224   -11.20573826 -12.80597565 -12.87595456  43.19305077
  22.28044521 -61.45103046  40.98714593 -12.70877542 -16.70972852
  38.74131483 -92.34653526 -27.91121377  -1.06620388  30.71547818
 -89.01152153   6.40789455  33.45606108 -27.17217889 -78.25921999
  45.54768143  10.26850877 -38.67835388  48.31132628 -69.2115368
 -11.68766014   3.94581558  17.06264642  47.32030494  -6.5205546
 -58.72229583 -48.2303098  -22.27195234  11.94325225 -36.25431964
   3.07118064  31.00591188   1.32408308   9.62261844 -14.7428915
 -30.15792567 -19.75418469 -30.13117439  -1.66343293  44.69124377
 -21.25693024 -25.55884242 -68.18841163 -12.46029517 -12.10004714
  16.92623958  -9.53247562   1.75608054 -22.31491125 -20.88289975
  -3.86904182  29.47585999  49.07839529  47.66341373 -47.44505499
  -4.95424311  10.37970215 -50.53105682 -78.39880998 -12.15572606]