[-4.86751833e+00  1.11675557e+01 -6.24917305e+00 -8.97713452e+00
  1.55627646e+01 -7.17988016e+00 -2.45518381e+01 -7.97745777e+00
  2.12155846e+01 -2.80524946e+00 -3.42711529e+00  1.32669797e+01
  3.67292104e+00  1.40580886e+01 -2.85221860e+01  7.76402541e+00
  2.20910021e+01 -3.85876727e+01 -2.83100070e+01  2.60593734e+01
  1.39060811e-01  1.11586664e+01  5.28155770e+01  1.65097518e+01
 -7.76140078e+00  1.49703739e+01 -2.86754678e+01 -2.18638864e+01
  3.45650203e+00 -7.95350275e+00  1.31858019e+01 -2.07443143e+01
 -2.00092067e+01  1.09772635e+00 -7.64367881e-01  1.00899715e+01
 -5.36834215e-01  4.23965302e+00  2.01801507e+01  1.35527204e+01
  6.77086447e+00  1.20635638e+01 -6.14880308e+00 -8.07635533e+00
 -1.20687439e+01  1.16415255e+01  1.22251876e+01  4.49818757e+01
 -1.58380669e+01  4.58251415e+00  7.02583895e+00 -2.30876079e+01
 -9.52875540e-01 -2.51553577e+01 -2.88104619e+01 -3.92719847e+01
 -1.03253069e+01  1.19367704e+01  3.09803775e+00  8.80138520e+00
 -9.64164233e-01 -1.04061878e+01 -1.41494761e+01  1.65959424e+01
 -4.20196446e+01  4.04121235e+00  1.19414539e+01  1.06484795e+01
 -2.45304756e+01 -1.78149916e+01  5.67896684e+00  2.19616247e+01
  1.76856491e+01 -3.02351631e+01  1.52806995e-01  2.59904347e+01
 -3.11467999e+01 -1.81427120e+00  1.06370179e+01  8.29964541e+00
  1.86658780e+01  7.24073091e+00  9.04363208e+00 -4.38048701e+01
  1.55706360e+01 -1.07527084e+01 -5.18103887e+00 -1.62695781e+00
 -3.08546702e+00 -5.43948204e+00  1.02736696e+01  1.07662919e+01
  8.01209677e+00  9.29447416e+00  7.19878704e+00 -2.39939893e+00
  2.10210938e+01 -1.87007341e+00  3.20679059e+01 -1.12083763e+01
 -4.74080908e+00 -1.94201929e+01 -2.91604780e+01 -7.62131817e+00
  1.09810287e+01 -3.49408870e+01 -1.93288564e+01  1.48879642e+01
  1.15718210e+01 -2.52048759e+01 -3.31007190e+01  2.41494099e+01
  1.60589368e+01 -2.59714310e+01  1.00440296e+01 -1.75980055e+01
  2.52761392e+01  1.48973501e+01 -6.64903955e-01  1.39350920e+01
 -1.49259975e+01  1.07669891e+01 -1.09181096e+00  2.48079980e+01
  2.12694007e+00 -3.45060530e+01 -1.74415604e+01  6.07351234e+00
 -1.72243719e+01  3.66382338e+00  2.36884314e+00 -1.27780179e+01
  1.27038739e+01  4.67741788e+01  3.45777872e+00  1.78222061e+01
 -7.79204871e+00 -1.39773472e+01  1.29646634e+01  4.61568237e+00
  2.22650907e+01 -3.11203051e+00 -5.49130768e+00 -9.62648024e+00
  9.93756046e+00  2.12347302e+00  9.97275445e+00  1.70681212e+00
  1.14820122e+01  2.40803352e+01  1.94415874e+00 -1.74042135e-02
  1.94106287e+01 -1.84435758e+01  5.64799372e+00  1.09185191e+01
 -1.50460787e+01  5.15562011e+00 -1.67985599e+00 -2.72190722e+01
  1.25561588e+01  2.06249689e+00 -4.23805794e+00  2.05640252e+01
  1.21134165e+01 -3.50167425e+01  6.47063304e+00 -5.96991381e+00
  6.04620255e+00  1.36500281e+01 -1.59952253e+01 -1.32732671e+01
  2.91831085e+01 -4.22580699e+00  2.25317137e+00  5.58629068e+00
  2.20824263e+01 -9.60396839e+00 -1.02756027e+01  2.44867879e+01
 -1.28928956e+01  2.99025113e+01  1.24063405e+01  3.90819173e+01
 -3.53094013e+00 -1.96089290e+01 -1.14721931e+00  1.44226604e+01
 -1.21743928e+01 -1.44370526e+01  1.68358808e+01 -7.60610072e+00
 -2.63353747e+01 -6.30775278e+00  2.63009384e+01  1.16973725e+01
  1.14590622e+01 -3.14733328e+01  1.24956268e+00 -1.83281508e+01
  6.67370000e-01 -7.26205051e+00  1.85974613e+01  9.99022836e+00
  5.21999014e+00 -7.36490905e+00  2.00215801e+01  3.66535365e+01
  1.82212787e+01 -1.35801248e+01  4.97758275e+01  3.24418510e+00
  3.31592833e+01 -1.89567942e+01  1.18974622e+01  1.54474403e+00
  1.16952118e+01  1.10791794e+01 -3.28670941e+01  1.88282743e+01
  1.42137961e+01 -2.20031163e+01 -5.13131616e+00  1.40111857e+01
  7.37141616e+00  2.11945982e+00 -4.87698678e+00  2.60993959e+00
  2.24972497e+01 -2.40221463e+01 -2.45301599e+00 -1.28217684e+01
 -2.94060709e+01 -4.41835845e+00 -3.81669486e+00 -1.98328874e+01
 -4.97355965e+00 -6.35919313e+00 -8.80405169e+00  1.97174544e+01
  1.07114196e+01 -2.82546223e+01  2.09113331e+01 -3.74338636e+00
 -7.62548261e+00  1.69193887e+01 -4.26179273e+01 -1.20878941e+01
 -1.84747934e+00  1.60713672e+01 -4.09920765e+01  5.67745330e+00
  1.87633427e+01 -1.30627057e+01 -3.75819124e+01  2.41831128e+01
  6.76147504e+00 -1.60394806e+01  2.15952379e+01 -3.42693133e+01
 -1.03292599e+00  1.24753176e+00  7.55021950e+00  2.34251996e+01
 -3.04562685e+00 -2.45932785e+01 -2.30998119e+01 -8.78098771e+00
  5.47490346e+00 -1.54377865e+01  2.31005968e+00  1.94925651e+01
  5.20096720e+00  7.17179940e+00 -7.31499768e+00 -1.19480954e+01
 -1.02185412e+01 -1.79214827e+01 -5.22044332e-01  2.35549939e+01
 -9.05086931e+00 -1.31980239e+01 -3.16892508e+01 -5.39595315e+00
 -2.62210624e+00  1.10153880e+01 -6.36954685e+00 -1.54916412e+00
 -1.08732679e+01 -8.93815082e+00 -2.58421123e+00  1.03619523e+01
  1.87006575e+01  2.38539497e+01 -2.37605994e+01 -2.15534450e+00
  5.53591811e+00 -2.44546449e+01 -3.82464779e+01 -4.72091934e+00]