[ -7.96291635   9.90207748  -6.82728819  -8.12058057  22.14225919
 -10.75249569 -37.79482878  -9.95551797  32.53704263  -4.8614136
  -7.89940988  14.32970894  -0.29688984  18.358982   -42.06840586
   8.38659391  33.03608795 -55.84767909 -39.01762946  36.33128092
   1.05143165  15.6421386   74.33234534  24.73720949 -14.41475509
  18.06786105 -38.04573699 -33.95118635   3.9289994  -10.17455116
  21.09761234 -28.3682516  -24.83737169  -2.15298454   0.40644807
  15.17802424  -0.64216538   8.46893483  29.26291188  21.57916594
   9.55516573  15.73299484 -10.43898096 -12.26604879 -18.47109937
  15.22591289  19.12867275  61.97295572 -20.14973765   7.68581949
   9.35167639 -32.38072436  -0.76396168 -36.92882791 -38.09651139
 -51.29708245 -14.87265928  18.25241495   5.73775482  13.06608396
   0.08949724 -16.59720966 -18.20899521  20.7093761  -54.27049505
   3.83269547  16.50215301  15.49560321 -32.87568462 -24.4317837
   8.32121021  30.04919862  24.18044258 -41.53781096  -4.6015098
  36.63981849 -46.22857433  -0.71961991  15.17052673  12.94617125
  28.47444315   7.96024406  11.25132619 -60.48196081  22.17966004
 -15.56489808  -9.95386185  -1.47417652  -1.51679338 -10.25452302
  16.04778097  16.85417229  12.55679788  17.40809431  10.56471039
  -3.70271309  29.75207199  -1.44258135  41.37844055 -12.95926006
  -7.23300089 -29.38327537 -41.56375266 -15.0759793   15.94469798
 -47.98904693 -27.01694569  17.93473773  14.13330719 -34.59474504
 -44.89088289  33.19929454  26.01579954 -34.41151448  17.43586197
 -26.83676516  32.61952588  22.92109244   0.82415062  21.04856195
 -24.03140274  13.53149926  -2.92974077  32.15840962   4.0016358
 -46.81588944 -28.03151606   6.30571301 -23.49242873   5.7356297
   3.53824632 -17.11369848  19.85935333  66.38879985   3.41313622
  25.95037668  -7.53029665 -19.04040788  20.27498834   5.56632482
  31.04012684  -3.49468086  -7.45401635  -8.93559633  19.94452624
   4.02225553  15.00734418   0.53004408  14.29192038  37.49621492
  -1.22430529   3.21393527  25.24598233 -29.05100549   7.23241809
  16.31404838 -23.52103048   2.61246257   0.31681405 -36.0554922
  13.99185453   7.68501986 -10.50064034  25.54188982  15.81424973
 -45.50758705  11.05520444  -7.70983317   9.8744743   21.49844665
 -22.86116175 -18.72101558  43.84964284  -7.84309575   3.36494595
   8.46462978  29.37478584 -15.31940097 -18.86980804  32.74525755
 -20.2732282   41.64255356  11.860668    52.50334908   0.9604519
 -25.39645043   0.79610383  18.21916563 -16.20019823 -18.42488365
  21.37441117 -12.1620433  -35.07636132  -7.14178866  36.52544661
  18.1121641   11.28272836 -43.55443669   0.31719964 -25.25790871
   4.08623992  -7.40980196  25.54422494   7.996873     1.51486088
 -10.46035339  31.46341676  49.07587609  28.81711004 -20.90788689
  70.09066794   2.77188771  47.62637627 -23.75012788  17.0577136
   4.71493656  18.08149711  14.0778531  -40.45031286  24.5829755
  16.64574877 -29.97903424  -9.2654807   18.73076589  12.46404533
  -1.10662065  -6.74083925   2.92937253  35.15099126 -33.98604078
  -4.58118349 -11.74365299 -40.84847497  -7.17389885  -6.39906537
 -24.20283748  -9.39976378  -8.67804255  -9.54771341  28.73673987
  15.60843943 -39.27058024  26.30946197  -7.88233238 -10.0351323
  24.93954543 -60.79318583 -19.23011005   0.29013586  19.26858521
 -58.06981234   5.14878761  22.00357492 -16.49024633 -52.03487189
  29.37225687   7.41307159 -25.24062726  30.7841049  -45.46195956
  -6.43929039   4.74630514   9.17092204  30.92820991  -3.97279493
 -35.29423532 -32.99378617 -12.60593067   8.8360789  -24.79120486
   1.70681356  21.61381649   1.45188719   5.15420634  -8.56871618
 -18.06310156 -14.48358599 -21.87460983  -1.40858395  29.95636975
 -15.18215564 -16.35152733 -44.75367002  -9.92553578  -7.48090076
  13.16377953  -6.09236057  -1.46650055 -16.70508443 -13.41258973
  -2.45221894  18.87354434  31.05994572  29.70792543 -31.02711028
  -1.98821095   7.72111774 -33.41193811 -53.24086587  -7.18360538]