[ -8.03236863  12.93552082  -9.09916641 -11.54474606  27.80007115
 -12.14863517 -43.64421655  -9.76028451  32.98859952  -9.30188979
  -7.14838623  17.23299001   1.96417509  23.07421445 -52.87919222
  13.49559993  39.3832082  -66.58508948 -46.48384727  43.56856317
  -0.37298629  15.07877769  86.84341193  29.97755318 -15.39305634
  19.5450493  -48.35398361 -39.7188123    4.05700772 -11.96454431
  21.81233796 -32.66315659 -29.34266602  -2.44520599   1.14701541
  19.09165324  -3.94840413   9.77377898  35.25125292  25.1876424
  12.26940283  17.81331537 -11.45247817 -10.67256493 -20.11150798
  16.12147727  20.63319597  73.79681509 -24.65976225   9.69945313
  12.32445834 -38.81274457   0.46948185 -40.9259826  -46.08678499
 -61.6908152  -16.72024997  19.61424727   5.08028791  14.26285718
  -0.72194575 -21.12759519 -21.28392182  26.94832764 -65.89113463
   3.4964353   16.996664    17.08230597 -39.40150482 -32.98295538
  11.3737006   35.57897432  28.07238418 -49.66824966  -1.57185443
  42.23078202 -50.16032902  -2.2777057   20.61255899  13.85882239
  34.95452963   9.6994355   13.94741014 -72.16184646  27.20184768
 -17.01869692  -7.92518657   1.50972917  -4.35888397  -8.66234287
  18.68639587  16.46209914  14.09554927  19.17412987   9.71244865
  -6.52335449  32.86459523  -3.65996995  50.3106894  -17.14274979
  -6.82811025 -32.63730199 -49.32049156 -13.773217    18.31735418
 -52.96182284 -31.99499771  19.55108694  13.99173765 -40.99022389
 -53.22465652  38.04392944  24.62428857 -42.06147005  15.61983931
 -33.49414656  37.47487478  26.25552777   0.81302143  19.53404683
 -27.79451966  17.26003968  -5.83213136  41.71363594   3.11322088
 -51.76080455 -32.46208232   8.03639611 -26.16993016   7.47606084
   4.58753496 -20.41445686  21.52681779  74.33249882   7.85636241
  29.30427458 -12.11234249 -21.54365396  19.96283966   4.95716614
  34.53596515  -6.03404653 -10.29344214 -11.33878664  18.74889376
  -0.52118179  15.62145727   1.39361363  16.52106344  46.09669337
   1.75292178   5.33506446  28.58787085 -33.62912683   7.56439491
  17.73475769 -24.85287239   5.66430324   1.48976821 -42.45510966
  19.96070709   8.12123132 -11.35913004  25.50939141  21.17605867
 -55.05318955  11.60251449  -9.63814434   9.06002185  26.05737523
 -26.5739614  -20.58711178  48.59709704  -9.22039262   6.79296568
  10.87633403  35.36928047 -19.11164817 -20.17152295  38.28115883
 -23.66278434  49.65790671  15.10915675  61.55628865  -1.44964826
 -29.27955913  -3.53327728  22.28300409 -19.99862086 -21.15770052
  25.67220169 -15.29847699 -41.08869655  -7.2341148   42.90926501
  20.07144118  16.17179143 -49.48999666  -1.3649095  -27.97510229
   3.38556331 -10.8998837   28.53222965  11.81286261   1.47908136
 -12.02206889  33.2317943   58.9611024   31.68836827 -24.43998202
  77.70442837   1.71065511  51.07070692 -29.64350239  19.51277101
   4.03305291  21.73570407  17.72041309 -48.24705655  29.92080639
  16.99941539 -35.03455401  -9.81350708  23.2269889   14.04226778
   3.22889557  -7.04259994   5.70660812  38.79527468 -37.70640673
  -2.15465312 -13.12322829 -46.88838903  -6.1208343   -5.0727504
 -31.72082343  -8.79289342  -9.89077015 -11.5654288   31.96167071
  16.7591824  -47.78333928  32.6773364   -9.77116968 -12.49500613
  30.9475819  -70.4922444  -21.74501327  -0.5048435   25.79346668
 -69.13054141   5.81428099  28.91516959 -19.69906555 -60.71801116
  34.06482102   8.09431473 -27.27446282  36.20686741 -53.11041726
  -8.71407979   2.59948798  11.53108976  37.24500517  -6.17246639
 -45.12776961 -37.76345312 -19.25927237   9.0122226  -27.50213518
   3.39494829  25.40186679   3.16376174   7.0320584  -12.22614527
 -21.80925476 -17.56000938 -24.99792415  -1.31022548  36.31703854
 -15.51057032 -21.17222545 -52.11801446 -10.26669755  -8.11027817
  13.71979399  -5.67232792  -0.65737574 -14.83027245 -16.59023502
  -3.47754196  22.21502187  35.96168713  36.20062617 -39.75861587
  -3.84460323   9.29911802 -41.31340066 -61.40567784  -9.93502113]