[-2.43112800e+00  1.09477889e+01 -9.76859014e+00 -2.38183795e+00
  1.85301450e+01 -9.37596995e+00 -3.96469549e+01 -6.77950517e+00
  2.61492343e+01  1.12579246e+00 -9.10557245e+00  1.03140202e+01
  1.62154939e-01  1.83792969e+01 -4.12218288e+01  1.36169881e+01
  2.87038752e+01 -5.35130844e+01 -4.21755845e+01  3.33439059e+01
  2.81624618e+00  1.70544490e+01  7.34153501e+01  2.77134423e+01
 -1.63221763e+01  1.45760277e+01 -3.53152931e+01 -3.22979551e+01
  2.54802599e+00 -9.59061591e+00  2.75783118e+01 -2.98918012e+01
 -2.65180541e+01 -3.60492995e+00  1.82199056e-01  1.80337710e+01
 -1.22897950e+00  8.81669935e+00  2.97015461e+01  2.04024245e+01
  4.80495268e+00  1.49030089e+01 -1.30747668e+01 -8.60142004e+00
 -1.94927138e+01  1.26534756e+01  1.64411310e+01  5.77998904e+01
 -2.14908588e+01  8.63380088e+00  8.31677995e+00 -3.23288452e+01
 -3.88705972e+00 -3.34295069e+01 -3.47495574e+01 -4.94982136e+01
 -2.05894814e+01  1.65567054e+01  9.39541794e+00  1.64138954e+01
  1.83164580e-01 -2.27624432e+01 -1.45522309e+01  2.53787165e+01
 -5.32482093e+01  2.90224897e+00  1.85924877e+01  1.41343429e+01
 -3.04739985e+01 -2.29237996e+01  5.93989421e+00  3.08996465e+01
  2.80614273e+01 -3.98209800e+01 -4.93708377e+00  3.50236842e+01
 -3.92196669e+01  1.57402670e+00  1.28209133e+01  1.28149210e+01
  2.78267609e+01  7.32203733e+00  7.91954627e+00 -6.24939003e+01
  2.17436205e+01 -1.39947382e+01 -1.13216043e+01  7.77059467e+00
  2.19130546e-01 -1.16072328e+01  1.25195077e+01  1.26835908e+01
  5.95462676e+00  1.68317274e+01  9.64608486e+00 -5.55751238e+00
  2.46073212e+01  9.23854522e-01  3.98208784e+01 -1.07034052e+01
 -9.03436963e+00 -3.21899562e+01 -4.05175503e+01 -1.74767346e+01
  1.25097079e+01 -4.63264459e+01 -2.14982291e+01  1.50244185e+01
  1.14797929e+01 -3.65021117e+01 -4.79593851e+01  3.49208874e+01
  1.94925082e+01 -2.99221340e+01  1.29863743e+01 -2.71211515e+01
  3.63445319e+01  2.39277718e+01 -1.52628446e+00  1.64839183e+01
 -2.71518141e+01  1.72711376e+01 -5.03050475e+00  3.46597525e+01
  2.89514761e+00 -4.19537403e+01 -3.19479920e+01  3.61826320e+00
 -2.65994527e+01  4.18467793e+00  1.14095233e+00 -1.20154657e+01
  2.37565824e+01  6.04483557e+01  3.14123421e+00  2.99854210e+01
 -8.74842734e-01 -1.65997688e+01  1.61438831e+01  4.60351022e+00
  2.41328129e+01 -5.65833876e+00 -4.31947433e+00 -7.47823516e+00
  1.73012979e+01  5.12668842e+00  1.17976270e+01 -2.38064003e+00
  1.14959340e+01  3.75791562e+01  6.24584410e+00  2.99970757e+00
  2.84535217e+01 -2.56972536e+01  6.47843842e+00  1.55691428e+01
 -2.21593267e+01  3.80724943e-01 -2.40302058e-02 -3.24442657e+01
  1.70750673e+01  1.18958962e+00 -1.22010887e+01  2.16253046e+01
  1.19685079e+01 -5.14668827e+01  9.53808667e+00 -9.67189594e+00
  6.72480316e+00  2.04707778e+01 -1.87388635e+01 -1.43186492e+01
  4.48889472e+01 -9.36871671e+00  4.57418139e+00  2.00092065e+00
  3.16254899e+01 -2.00905588e+01 -2.29619104e+01  3.43486697e+01
 -1.96282021e+01  4.49023476e+01  1.34442154e+01  5.20602137e+01
  4.66173837e+00 -2.53792743e+01 -2.91953178e+00  1.51020880e+01
 -1.54918399e+01 -1.75414468e+01  2.01950620e+01 -9.49996313e+00
 -3.26048262e+01 -7.47672295e+00  3.14532628e+01  1.41669167e+01
  8.89158061e+00 -4.27655919e+01 -1.00372394e+00 -2.21554588e+01
  6.37963080e+00 -7.19373901e+00  2.67068668e+01  1.41336018e+01
  6.51521948e+00 -1.18423446e+01  3.14399608e+01  4.70924871e+01
  3.13633543e+01 -2.06683820e+01  6.67217454e+01  3.35731156e+00
  4.01569383e+01 -2.77687889e+01  1.49709972e+01  1.09716379e+00
  1.43398907e+01  1.74741010e+01 -4.41614919e+01  2.93816333e+01
  1.44837768e+01 -3.24951962e+01 -1.05507008e+01  1.79429727e+01
  9.44079831e+00 -3.99190989e+00 -6.52639457e+00  2.05646273e+00
  3.31465060e+01 -3.16205089e+01 -2.58128834e+00 -8.24394046e+00
 -3.94835276e+01 -1.30414683e+01 -4.43742786e+00 -2.52078738e+01
 -7.38346111e+00 -6.44323494e+00 -9.52737376e+00  2.63357559e+01
  1.91686931e+01 -3.44906126e+01  2.72121258e+01 -5.58842755e+00
 -1.31544302e+01  2.52062551e+01 -6.04908945e+01 -2.21759373e+01
  3.46858869e+00  2.05907750e+01 -5.99481445e+01  5.90918963e+00
  2.04247213e+01 -1.36460746e+01 -5.33062044e+01  3.01037641e+01
  8.57584150e+00 -2.30855914e+01  3.30030321e+01 -4.49084326e+01
 -5.31979249e+00  3.28659011e+00  1.53009536e+01  3.37846061e+01
 -2.56058352e+00 -4.05653432e+01 -3.54157286e+01 -1.35960238e+01
  7.07514445e+00 -2.22453364e+01  7.59701647e-01  2.13805773e+01
  4.32984929e+00  1.80374388e+00 -1.11213348e+01 -1.66327771e+01
 -1.32522007e+01 -1.77056194e+01 -1.73011308e+00  2.75806354e+01
 -1.37248837e+01 -1.58263605e+01 -4.79198026e+01 -1.05487491e+01
 -1.01019715e+01  1.69413774e+01 -1.03073465e+01  4.87636224e-02
 -1.61165082e+01 -1.32218581e+01 -5.66222591e+00  2.26191065e+01
  2.76262637e+01  3.16383213e+01 -3.39814001e+01 -6.59762414e+00
  5.03609054e+00 -3.23976128e+01 -4.78078904e+01 -5.98280067e+00]