[ -2.98350315   5.30417414  -3.35955595  -1.68404005   8.59108808
  -3.61321992 -18.05074383  -4.16287696  15.48396859  -1.15345113
  -3.80755562   7.57190898   0.66404366   6.8435574  -16.56993115
   3.80550046  12.58658605 -23.050722   -15.63346352  17.11959218
   0.75970847   8.01622867  29.82755425  11.31941649  -6.05745567
   6.86025808 -15.87063202 -15.74836687   2.04088002  -4.22123691
  11.9394104  -13.14029101 -12.00035986  -2.46267922   1.88014732
   4.75627491  -0.0381473    3.11061196  13.52267454   8.01154467
   3.36568187   6.60468291  -5.63257211  -4.50565858 -10.43592883
   7.36966907   7.13423959  26.09046255 -11.22474915   3.77486455
   4.81212936 -14.57774785  -2.59935385 -15.37207329 -17.44296069
 -21.16112085  -8.73226891   7.72121379   3.09139048   5.99265928
   0.749957    -9.57857788 -11.37421728   9.4978755  -25.46240277
   1.8201274   10.00879879   5.6945313  -13.88610306  -9.7204572
   3.38404866  11.59525214  10.9402023  -15.74977095   1.11587296
  16.20584438 -18.53558622   0.93242115   6.56905289   6.14945515
  11.21098288   2.25498373   2.61924908 -27.39775841   8.70837036
  -7.34273166  -4.0767816    0.90283523  -0.8409939   -5.26064102
   6.37398355   6.22527419   4.65264152   6.22309372   5.05049901
  -1.51061689  13.62542541  -0.81919921  19.10937499  -7.6013127
  -5.38045721 -13.77858984 -18.10826847  -9.13801522   6.43167588
 -21.20715347 -10.88505611   8.68078366   6.52440685 -14.82723088
 -22.99779254  13.79084235   9.90346259 -13.01019858   6.38660596
 -11.21044227  15.65695026  10.64520244  -1.33137438   8.63160534
  -9.86570638   5.10914932  -2.81363533  16.10326507   1.5190158
 -17.92302354 -12.95946915   2.1310023  -11.1529992    1.92468484
   1.05119558  -5.64226311  11.05988359  29.5060508    1.33101073
  11.69266577  -0.37321693  -7.15509722  10.78483064   1.63531863
  13.36371028  -1.76781079  -2.56341693  -3.36941791   6.9060603
   2.43404461   8.05063353  -1.23402952   6.66680584  16.05954112
   4.21203066   1.02600862  11.34459945 -10.54635297   2.58737433
   7.40974854  -9.05750722   1.8951135    0.83144867 -15.92819481
   5.78516207   2.50800261  -3.66120187   8.64963554   5.73302335
 -21.06541162   3.31054704  -4.15055059   3.30677483   8.37648712
 -10.27767795  -9.08667068  17.46922807  -2.46322121   1.00652782
   3.83267589  12.4401706   -6.68862685  -7.19760116  15.7892254
  -9.03088699  18.71577559   6.34234465  22.99232581  -0.17434796
 -11.39551271  -0.32123088   6.91444817  -7.17743041  -7.40938968
   8.60030149  -3.89395441 -13.82703828  -3.75623649  14.62130154
   6.05489348   4.0365406  -20.11840421   0.60596172 -11.11705353
   0.67031665  -2.89151822   9.40412052   5.03062131   3.40086908
  -4.49504504  13.80363987  21.29084477  11.87153342  -7.19024971
  29.78955514  -0.34540141  19.7346684  -12.11873596   5.6044445
   0.90113102   6.08424089   8.84053593 -18.52672944   9.25896135
   6.59259169 -13.4879915   -5.79365295   9.60598193   2.74477961
  -1.82903789  -4.80230745   0.99896125  14.85227975 -15.43415116
  -1.16526257  -7.91321785 -16.63783203  -6.0822195   -3.39467102
 -11.40445312  -1.39245598  -4.62785236  -4.62218379  13.12765683
   7.0881203  -16.15194216  12.29321503  -3.77113455  -7.20777402
   9.99420831 -27.86918838  -8.45350941  -0.97482839   6.67337468
 -26.92213646   3.72542618   8.71899016  -7.13459282 -23.97151614
  14.02794106   3.50974723 -11.67368554  13.56121451 -20.2741053
  -1.6263365    2.84711515   4.20318279  14.19163775  -1.94968917
 -16.1573039  -12.97185805  -3.01359273   3.34320143 -11.19780263
   0.83535885  12.05813605   2.50507266   5.8380965   -4.17612854
  -9.14611385  -5.74391424 -10.45786538   0.64949787  13.52700696
  -7.17096427  -9.68395464 -21.43479626  -3.81925583  -3.05782571
   5.61261937  -3.14663515  -1.87432183  -7.43890251  -5.52222444
  -1.83382631   8.24467444  15.12942731  12.72863101 -14.12388084
  -1.04704326   1.67430401 -13.3000887  -23.83661017  -2.20758186]