[-6.23804951e+00  1.06703232e+01 -1.03263544e+01 -2.96100257e-01
  1.73809217e+01 -6.68831677e+00 -3.26875059e+01 -5.90475845e+00
  2.96471637e+01 -5.98493360e+00 -9.69112507e+00  1.24491258e+01
  7.21435031e+00  1.27150054e+01 -3.12172810e+01  3.37090608e-01
  3.04100304e+01 -4.16808704e+01 -2.85393598e+01  2.95406322e+01
  1.98426667e+00  1.65737143e+01  5.74131186e+01  2.37945279e+01
 -1.27435588e+01  1.37707378e+01 -2.77989053e+01 -3.11354352e+01
  3.76600423e+00 -9.89825907e+00  2.31610866e+01 -2.33411688e+01
 -2.76579010e+01 -7.04831497e+00  5.85789082e+00  9.12165049e+00
  2.56497433e+00  6.12447166e+00  2.53624746e+01  1.35621647e+01
  4.18782391e+00  1.16247795e+01 -1.37896737e+01 -1.05411183e+01
 -1.54650588e+01  1.27341193e+01  9.40163907e+00  5.07058478e+01
 -1.60955855e+01  9.13333378e+00  7.28916604e+00 -2.70992881e+01
 -2.19108592e+00 -3.10326855e+01 -3.01825795e+01 -3.88892917e+01
 -1.77351594e+01  1.37726321e+01  8.49170391e+00  1.21360127e+01
  2.99872842e+00 -1.49718015e+01 -2.05755692e+01  1.39674420e+01
 -4.75414884e+01  3.66472151e+00  1.81210002e+01  1.30767025e+01
 -2.39490954e+01 -1.54757423e+01  4.66556579e+00  1.89444848e+01
  2.22878721e+01 -2.92490238e+01 -3.73952823e+00  3.00050412e+01
 -3.91842835e+01  1.52824938e-01  8.15920077e+00  1.11349889e+01
  2.47831287e+01  4.54776507e+00  5.81673179e+00 -4.62149164e+01
  1.08660899e+01 -1.26452520e+01 -1.03458958e+01  1.82504684e+00
 -2.17607124e+00 -8.40688940e+00  1.07025063e+01  1.34857596e+01
  1.00205784e+01  9.98162403e+00  7.73210331e+00 -1.21001204e+00
  2.70145613e+01 -2.82262094e+00  3.99871473e+01 -1.59620804e+01
 -1.32317571e+01 -2.56593464e+01 -3.36480051e+01 -1.60611966e+01
  1.29524400e+01 -4.26974989e+01 -1.92561712e+01  1.40207635e+01
  1.25881631e+01 -2.99782605e+01 -4.28299889e+01  3.08092278e+01
  2.21222858e+01 -2.51192492e+01  1.58123982e+01 -2.23153608e+01
  3.43378795e+01  2.55710173e+01  9.53769922e-01  1.83042298e+01
 -2.00848729e+01  1.11223147e+01 -9.20088643e+00  2.90710711e+01
  6.95552555e+00 -3.64956381e+01 -2.46257387e+01  2.17606590e+00
 -2.29905086e+01  2.32827627e+00 -2.20163716e+00 -9.23329676e+00
  2.01004153e+01  5.38386091e+01 -1.12438995e-01  2.51608805e+01
  2.04210393e+00 -1.44512675e+01  1.75186816e+01  2.75713900e+00
  2.32950291e+01 -1.29922182e+00 -5.37009252e+00 -8.40906073e+00
  1.70228034e+01  3.06598476e+00  1.60316703e+01 -2.52340240e+00
  1.07176563e+01  3.23593810e+01  3.71829413e+00  1.40070662e+00
  2.40533578e+01 -2.19286848e+01  9.25423383e+00  1.21162805e+01
 -1.49473148e+01  1.52919823e+00  2.22303809e+00 -3.17271024e+01
  1.03586177e+01  4.92436130e+00 -8.17973102e+00  1.33873822e+01
  1.09081615e+01 -4.03015024e+01  5.68932896e+00 -6.58440178e+00
  6.57945473e+00  1.73228686e+01 -1.61693766e+01 -1.80484670e+01
  3.52773022e+01 -3.04522292e+00  6.89900756e+00  2.62117013e+00
  2.40727625e+01 -1.46350360e+01 -1.43569096e+01  2.89403837e+01
 -1.63574475e+01  3.59463217e+01  1.28109157e+01  4.39158302e+01
 -1.96549587e+00 -2.29131019e+01  6.87180068e-02  1.04470264e+01
 -1.16596569e+01 -1.27492775e+01  1.81475749e+01 -8.48147815e+00
 -2.72396622e+01 -4.55289750e+00  2.67370403e+01  1.24388312e+01
  5.88135346e+00 -3.88207871e+01  5.67553560e+00 -1.73882192e+01
  1.68663288e+00  5.39764494e-02  1.90737569e+01  4.72516661e+00
  7.89556669e+00 -6.99449004e+00  2.60462419e+01  3.78011293e+01
  1.97372038e+01 -1.60589898e+01  5.97403068e+01 -1.70041393e+00
  3.64067898e+01 -2.15920320e+01  1.50029238e+01  6.52587290e-01
  1.53825305e+01  1.51177605e+01 -3.55553060e+01  1.52213922e+01
  1.14263421e+01 -2.59050262e+01 -1.56195888e+01  1.63282910e+01
  5.13301639e+00 -6.33379652e+00 -8.98282238e+00 -5.97760091e-02
  2.97078176e+01 -2.86062683e+01 -9.90130190e+00 -1.28839497e+01
 -3.29339894e+01 -1.05830984e+01 -3.04770808e+00 -1.96922328e+01
 -4.84332996e+00 -6.44050664e+00 -9.77792225e+00  2.79539221e+01
  1.26711927e+01 -3.09701987e+01  1.80739865e+01 -6.70654374e+00
 -9.58084791e+00  2.12258181e+01 -5.19177430e+01 -1.33662852e+01
 -3.97711235e+00  1.24317339e+01 -5.05920331e+01  4.08381613e+00
  1.37922682e+01 -1.44483176e+01 -4.53946747e+01  2.43072063e+01
  9.08889728e+00 -2.21023228e+01  2.86018606e+01 -3.67558800e+01
 -2.05929943e+00  5.02245804e+00  7.48037249e+00  2.63909541e+01
 -2.16979336e+00 -3.09070737e+01 -2.48029425e+01 -8.16460677e+00
  4.79274683e+00 -2.05926996e+01 -3.10886509e+00  1.81872314e+01
  4.34635212e-01  9.22661373e+00 -7.17377670e+00 -1.76299275e+01
 -9.00874539e+00 -1.53642116e+01  6.65190830e-01  2.45209036e+01
 -1.33836329e+01 -1.73834347e+01 -4.02913505e+01 -1.12807796e+01
 -9.85809751e+00  1.31353713e+01 -8.59198385e+00  8.84951249e-01
 -1.50396724e+01 -9.17951667e+00 -2.13493354e+00  1.42772295e+01
  2.61847484e+01  2.51740303e+01 -2.73328352e+01 -3.99168198e+00
  7.81096003e+00 -2.59910996e+01 -4.01502957e+01 -7.15291799e+00]