[-8.27142086e+00  1.46974735e+01 -9.16508266e+00 -1.06597410e+01
  3.09915239e+01 -1.11825080e+01 -5.06158391e+01 -1.22602177e+01
  3.68559783e+01 -8.04061637e+00 -7.78579146e+00  1.92150516e+01
 -1.40375404e+00  2.68063854e+01 -5.72129152e+01  1.99365846e+01
  3.92967878e+01 -7.33954142e+01 -5.07430266e+01  4.85081713e+01
 -2.10409505e+00  1.46205714e+01  9.50991199e+01  3.58181989e+01
 -1.69547868e+01  1.95388526e+01 -5.35227592e+01 -4.45602968e+01
  3.06442426e+00 -1.15974211e+01  2.52599498e+01 -3.80358229e+01
 -2.98144216e+01 -4.13474595e+00  4.09393963e-01  2.00403897e+01
 -4.25168915e+00  1.22875842e+01  3.82847717e+01  3.08989380e+01
  1.31766805e+01  1.86300300e+01 -1.33420045e+01 -1.14072891e+01
 -2.32003887e+01  1.62345285e+01  2.66132003e+01  7.89333393e+01
 -2.82815589e+01  9.64825060e+00  9.74457734e+00 -4.30853365e+01
 -1.85091985e+00 -4.60039931e+01 -4.87520808e+01 -6.68654560e+01
 -1.74150229e+01  1.97405247e+01  3.39442202e+00  1.49977526e+01
 -3.87308952e-01 -2.51554656e+01 -2.07096231e+01  2.92968891e+01
 -6.99074817e+01  2.21155823e+00  1.94082696e+01  1.82178876e+01
 -4.60676831e+01 -3.66794206e+01  1.47125509e+01  3.98705159e+01
  3.07680888e+01 -5.24880767e+01 -2.68625639e-02  4.70829478e+01
 -5.31280359e+01 -9.25684511e-02  2.53399115e+01  1.84994310e+01
  3.81449789e+01  1.22429388e+01  1.33299669e+01 -8.26449942e+01
  2.90390226e+01 -1.78826210e+01 -1.00404350e+01  5.53587590e+00
 -2.87428507e+00 -9.51014000e+00  1.96717394e+01  1.84353651e+01
  1.24717582e+01  2.12631583e+01  1.12851762e+01 -1.02482435e+01
  3.52169847e+01 -6.22773543e+00  5.16644685e+01 -1.79802387e+01
 -5.29176083e+00 -3.74379914e+01 -5.66289643e+01 -1.57764376e+01
  1.78878336e+01 -5.93573989e+01 -3.56172663e+01  2.07728162e+01
  1.41123440e+01 -4.64040486e+01 -5.84314686e+01  4.14405273e+01
  2.66871638e+01 -4.48914956e+01  1.99226038e+01 -3.69851961e+01
  3.95344483e+01  2.78677764e+01 -9.26830500e-01  2.11835578e+01
 -2.94409913e+01  1.90102781e+01 -5.80735329e+00  4.46888258e+01
  4.00471075e+00 -5.48532282e+01 -3.71003580e+01  9.29310788e+00
 -2.68239334e+01  8.85912340e+00  4.56447331e+00 -2.17329142e+01
  2.56424053e+01  8.15501382e+01  6.62299715e+00  3.12460731e+01
 -1.25659044e+01 -2.30947388e+01  2.67385592e+01  7.44981886e+00
  3.66242583e+01 -5.30412008e+00 -7.31913576e+00 -8.70594292e+00
  1.95951913e+01  8.57431417e-01  1.62766618e+01 -2.54977358e+00
  1.74683909e+01  4.87342669e+01  3.25322717e+00  5.13049964e+00
  2.86805530e+01 -3.60938572e+01  6.03583529e+00  2.11859651e+01
 -2.73225939e+01  2.91501142e+00  1.71837351e+00 -4.52713410e+01
  2.26749993e+01  8.36160609e+00 -1.16077368e+01  2.90563365e+01
  2.09629013e+01 -5.95098092e+01  1.38652107e+01 -1.28212568e+01
  1.10799607e+01  2.81049657e+01 -2.85619569e+01 -2.20262450e+01
  5.34955244e+01 -1.22898964e+01  4.76721139e+00  1.23916732e+01
  3.60829782e+01 -2.05535637e+01 -2.52249291e+01  4.54516807e+01
 -2.86709491e+01  5.62117569e+01  1.53627454e+01  6.77780804e+01
 -2.13056135e+00 -3.55860586e+01 -4.72056078e+00  2.51051294e+01
 -2.36743808e+01 -2.11358953e+01  2.87781056e+01 -1.46144833e+01
 -4.44148162e+01 -1.30045827e+01  4.51104432e+01  2.26341189e+01
  1.64204921e+01 -5.35959216e+01 -2.57409642e+00 -3.14711882e+01
  5.06241548e+00 -1.14621954e+01  3.16930534e+01  1.58529822e+01
 -5.61161565e-01 -1.24411236e+01  3.80094021e+01  6.54299711e+01
  3.53876640e+01 -2.58187131e+01  8.48456120e+01 -8.64437689e-01
  5.46678992e+01 -3.14010835e+01  1.74623055e+01  3.50813244e+00
  2.31375452e+01  1.69708219e+01 -5.32658225e+01  3.71787756e+01
  1.77807030e+01 -3.99146236e+01 -1.13280440e+01  2.57722106e+01
  1.67755983e+01  2.75232272e+00 -8.15783258e+00  6.44022586e+00
  4.54425636e+01 -3.98688042e+01 -4.74484038e-01 -1.13468948e+01
 -5.07929135e+01 -8.70116950e+00 -5.26557484e+00 -3.50610396e+01
 -1.06339635e+01 -1.32815741e+01 -1.01917718e+01  3.42010210e+01
  1.93700332e+01 -5.12015260e+01  3.57587248e+01 -8.78755695e+00
 -1.42450249e+01  3.50726443e+01 -7.83439554e+01 -2.56462940e+01
 -2.58713953e-01  2.73760591e+01 -7.43767795e+01  5.94002662e+00
  3.11901417e+01 -2.18202285e+01 -6.50936338e+01  3.86129998e+01
  7.68280227e+00 -3.13468498e+01  3.98466328e+01 -5.73748691e+01
 -1.37047505e+01  1.71337514e+00  1.64983907e+01  4.21057580e+01
 -7.23201065e+00 -5.18135504e+01 -4.45982404e+01 -2.13817685e+01
  1.26020526e+01 -3.09218601e+01  4.59021664e+00  2.77268746e+01
  6.61754010e+00  9.68074583e+00 -1.57392453e+01 -2.30889455e+01
 -1.56179251e+01 -2.91541532e+01 -3.95553661e-01  4.19418453e+01
 -1.88473550e+01 -2.27309688e+01 -6.10078862e+01 -1.11966749e+01
 -2.67452041e+00  1.37470264e+01 -7.80265006e+00 -1.33622128e+00
 -2.04197845e+01 -1.87039561e+01 -6.43538149e+00  2.63966716e+01
  4.01494739e+01  4.11681106e+01 -4.45828551e+01 -3.29389526e+00
  9.11269085e+00 -4.53607410e+01 -6.75178979e+01 -1.03587153e+01]