[-1.70082920e+00  1.03580662e+01 -1.27527140e+01  3.28405424e+00
  1.83158426e+01 -1.37361716e+01 -4.79959103e+01 -7.80276250e+00
  3.38354684e+01  1.10425669e+00 -9.83170754e+00  1.26709944e+01
 -4.19164271e+00  2.07643968e+01 -5.04151556e+01  1.89424966e+01
  3.77031670e+01 -6.24791173e+01 -4.99258548e+01  4.52425387e+01
  4.70127199e-01  2.15856953e+01  8.87501554e+01  3.51242263e+01
 -2.13424331e+01  1.79008673e+01 -3.90886260e+01 -4.46396676e+01
  4.17832610e+00 -1.36692589e+01  3.41127887e+01 -3.72006012e+01
 -3.16319656e+01 -7.20012657e+00  2.99784925e+00  2.43012779e+01
 -1.31370410e+00  8.90049125e+00  3.78845779e+01  2.84415283e+01
  2.56340572e+00  1.42859424e+01 -1.59671974e+01 -6.44626194e+00
 -2.27024714e+01  1.90831718e+01  1.94715722e+01  6.93198417e+01
 -2.63651286e+01  1.11434462e+01  1.25433915e+01 -3.60229133e+01
 -2.72984026e+00 -4.25726316e+01 -4.17088831e+01 -5.87775674e+01
 -2.62406897e+01  1.83385746e+01  1.13859893e+01  1.86848238e+01
  4.07126147e+00 -3.35445925e+01 -1.85912619e+01  3.07392249e+01
 -7.01228343e+01  4.42786332e+00  2.41328384e+01  1.94299183e+01
 -3.36764536e+01 -2.32136111e+01  6.59168417e+00  3.18793490e+01
  3.32261379e+01 -4.59734507e+01 -2.67628223e+00  4.03585611e+01
 -4.80706115e+01  8.74429216e-01  1.80604334e+01  1.91780888e+01
  3.50246331e+01  7.12636683e+00  8.80830582e+00 -7.58865924e+01
  2.77618654e+01 -1.94554958e+01 -1.41140646e+01  1.04864259e+01
  3.84928840e-01 -1.25217805e+01  1.35109537e+01  1.72267999e+01
  8.55868242e+00  2.22952430e+01  1.47231348e+01 -5.74249694e+00
  3.12854110e+01  5.17856242e+00  4.77804510e+01 -1.13376334e+01
 -1.04712305e+01 -3.74025841e+01 -4.96465318e+01 -2.31428780e+01
  2.29827609e+01 -5.19771207e+01 -2.26406675e+01  1.87507815e+01
  1.50668063e+01 -4.11964244e+01 -5.85566778e+01  3.96371152e+01
  2.05578408e+01 -3.30105035e+01  1.33157715e+01 -3.23148927e+01
  4.51706785e+01  2.83075822e+01 -4.98115243e+00  1.56582673e+01
 -3.35484684e+01  1.97965920e+01 -7.24892801e+00  4.19505162e+01
  4.66963081e+00 -4.84404082e+01 -3.80758052e+01  4.65802392e+00
 -3.26958952e+01  6.71801907e+00  5.98989180e+00 -1.52659761e+01
  2.95134815e+01  7.12428510e+01 -9.00399406e-01  4.09528010e+01
  5.38340164e-02 -2.00641047e+01  2.55090293e+01  4.67885539e-01
  2.94066325e+01 -5.31570368e+00 -9.13637521e+00 -8.08403935e+00
  1.99963764e+01  5.45790342e+00  1.05099901e+01 -1.41055683e+00
  1.31613654e+01  4.74582296e+01  6.15804994e+00  6.42102771e+00
  3.80645086e+01 -3.26985020e+01  3.93342320e+00  1.67574081e+01
 -2.35085108e+01 -1.75153969e+00 -2.36624692e+00 -3.48621592e+01
  1.90386234e+01 -3.60477230e+00 -1.78849247e+01  1.93551870e+01
  1.64357559e+01 -6.28846935e+01  1.38021756e+01 -9.95546262e+00
  5.84967053e+00  2.32915590e+01 -2.17162458e+01 -2.32463626e+01
  5.49171079e+01 -1.05553760e+01  1.04904962e+01  2.89992093e+00
  3.74047549e+01 -2.64518153e+01 -2.49125832e+01  4.41429173e+01
 -2.44507092e+01  5.54162362e+01  1.08963641e+01  6.04364599e+01
  9.26094230e+00 -2.64153997e+01 -6.58414727e+00  1.45422684e+01
 -1.83825152e+01 -2.28793950e+01  2.19813348e+01 -1.09049403e+01
 -3.86454126e+01 -7.57256838e+00  3.76630558e+01  1.46154371e+01
  1.11428798e+01 -5.38578204e+01 -4.40477925e+00 -2.52080981e+01
  2.58880466e+00 -5.87985376e+00  2.92273384e+01  1.57102578e+01
  1.00170034e+01 -1.53927157e+01  4.09492454e+01  6.12923812e+01
  3.74301883e+01 -2.34635194e+01  7.40196167e+01  3.33464240e+00
  4.67205972e+01 -3.69276939e+01  1.62025547e+01  7.80729632e-01
  1.44775512e+01  2.24452680e+01 -5.09594383e+01  3.68021928e+01
  1.52030045e+01 -3.87981585e+01 -9.15001558e+00  2.10370278e+01
  1.10582468e+01 -3.60665938e+00 -8.38504375e+00  4.29518857e+00
  3.88081706e+01 -3.78533866e+01 -8.07081875e-01 -9.08220830e+00
 -4.72805614e+01 -2.03069400e+01 -4.68241722e+00 -2.99802157e+01
 -9.08076846e+00 -1.01371507e+01 -1.32152975e+01  3.92673785e+01
  2.60854259e+01 -3.79749350e+01  3.21598533e+01 -1.02609274e+01
 -1.89418987e+01  3.17352413e+01 -7.57729862e+01 -2.83696118e+01
  7.14580404e+00  2.38955800e+01 -7.12012345e+01  1.16031411e+01
  2.61410498e+01 -1.45947092e+01 -6.15490432e+01  3.43641218e+01
  1.28348482e+01 -2.84348971e+01  4.30138405e+01 -5.26812704e+01
 -9.38000096e+00  1.54442679e+00  1.95439117e+01  4.01979573e+01
 -2.56410909e+00 -5.26756786e+01 -3.81149313e+01 -1.19075286e+01
  6.80866962e+00 -3.25777634e+01  3.44400910e+00  2.62610104e+01
  2.31625681e+00  1.88339350e+00 -1.05820714e+01 -2.04959529e+01
 -1.78581315e+01 -1.88503860e+01 -1.73144021e+00  3.07339403e+01
 -2.03608500e+01 -2.36992543e+01 -5.78157139e+01 -1.22822118e+01
 -1.02768592e+01  2.02963057e+01 -1.14349991e+01 -4.07750363e+00
 -2.09202832e+01 -1.56106401e+01 -4.58106725e+00  3.47624988e+01
  3.35987838e+01  3.60041129e+01 -3.77073636e+01 -1.03051627e+01
  2.91665540e+00 -3.87131792e+01 -6.09532643e+01 -5.29764211e+00]