[-5.21033119e+00  1.00161979e+01 -8.06625935e+00 -5.18071672e+00
  1.61119078e+01 -8.03798974e+00 -2.93918904e+01 -4.96790587e+00
  2.23759217e+01 -1.66714342e+00 -8.10336528e+00  1.07344164e+01
  1.52447688e+00  1.40690439e+01 -3.16036677e+01  7.30077423e+00
  2.63096740e+01 -4.04229396e+01 -3.11148255e+01  2.63815727e+01
  1.09234532e-01  1.18711212e+01  5.90475537e+01  1.98063366e+01
 -1.08666639e+01  1.45145523e+01 -2.86998008e+01 -2.45381428e+01
  2.16613596e+00 -7.10059467e+00  1.82278541e+01 -2.25317905e+01
 -2.12182765e+01 -1.82501748e+00  4.29003456e-01  1.23336962e+01
  5.68833526e-01  6.00423056e+00  2.25141537e+01  1.44756722e+01
  4.88181187e+00  1.27689941e+01 -9.52122632e+00 -7.24186969e+00
 -1.41735742e+01  1.16036717e+01  1.22454120e+01  4.72414541e+01
 -1.60412864e+01  6.92531896e+00  8.53617865e+00 -2.46277401e+01
 -8.46680608e-01 -2.76697433e+01 -2.87795030e+01 -3.90032908e+01
 -1.33328909e+01  1.21193810e+01  5.93390688e+00  1.06321530e+01
 -1.03872272e+00 -1.24130276e+01 -1.29512555e+01  1.81656716e+01
 -4.33271983e+01  3.71582275e+00  1.37220617e+01  1.13154427e+01
 -2.43187478e+01 -1.88651703e+01  4.80472734e+00  2.31271117e+01
  2.11555173e+01 -3.30455069e+01 -3.05562235e+00  2.84363624e+01
 -3.28772518e+01  3.43673044e-01  8.88239169e+00  9.47422682e+00
  2.17651923e+01  6.11209318e+00  7.69772270e+00 -4.54172598e+01
  1.65550742e+01 -1.07775225e+01 -7.38927194e+00  2.12271575e-01
 -6.17846380e-01 -6.36613876e+00  1.15946855e+01  1.02092336e+01
  8.32740944e+00  1.21220573e+01  6.53240307e+00 -2.41509347e+00
  2.17026786e+01 -7.42756086e-01  3.40164483e+01 -9.43031728e+00
 -5.29133193e+00 -2.33968079e+01 -3.11821067e+01 -1.05141094e+01
  1.05468511e+01 -3.88363184e+01 -1.92681798e+01  1.46623124e+01
  1.09313815e+01 -2.82366447e+01 -3.60553512e+01  2.67404177e+01
  1.82191205e+01 -2.60475528e+01  1.12609236e+01 -2.08449172e+01
  2.81573778e+01  1.87127757e+01 -8.34602305e-01  1.50215129e+01
 -1.94472415e+01  1.26799711e+01 -3.01060726e+00  2.70544934e+01
  3.11790886e+00 -3.44271471e+01 -2.10477222e+01  5.53366957e+00
 -2.02165531e+01  3.35889977e+00  1.84152283e+00 -1.20228500e+01
  1.59041826e+01  4.98894957e+01  3.28058288e+00  2.21429610e+01
 -2.70766418e+00 -1.41322311e+01  1.24018721e+01  4.30400205e+00
  2.16519024e+01 -3.30265547e+00 -4.64211331e+00 -9.27658776e+00
  1.46849984e+01  3.07541258e+00  1.10631432e+01  1.37621230e+00
  9.24593860e+00  2.83960947e+01  1.60098565e+00  1.35034598e+00
  2.25373277e+01 -2.11150825e+01  8.08264083e+00  1.15158311e+01
 -1.72755037e+01  2.45753816e+00  1.16994984e+00 -2.96537271e+01
  1.25415695e+01  1.76896006e+00 -7.27818213e+00  1.98077209e+01
  1.16396249e+01 -3.90064496e+01  7.18583832e+00 -6.22206518e+00
  6.42348756e+00  1.61388255e+01 -1.54588535e+01 -1.20950811e+01
  3.36859839e+01 -5.35284487e+00  3.29756896e+00  2.96275858e+00
  2.50897700e+01 -1.23714125e+01 -1.48740874e+01  2.45412115e+01
 -1.47936712e+01  3.25567286e+01  1.31467442e+01  4.12440629e+01
  8.52899643e-01 -1.95310863e+01 -2.40434343e+00  1.36428055e+01
 -1.25002568e+01 -1.52461620e+01  1.66530590e+01 -8.96839843e+00
 -2.61492822e+01 -4.18801501e+00  2.79738884e+01  1.18247717e+01
  7.92388710e+00 -3.24967056e+01  3.10303215e+00 -1.79251216e+01
  3.50831606e+00 -5.17989952e+00  2.03164079e+01  8.87794072e+00
  5.83416494e+00 -8.19002463e+00  2.27769076e+01  3.64465641e+01
  2.31941182e+01 -1.58020686e+01  5.39221302e+01  3.68187043e+00
  3.33529805e+01 -1.95460321e+01  1.43776481e+01  3.92820166e+00
  1.27314710e+01  1.17827956e+01 -3.43507611e+01  2.03973109e+01
  1.28021532e+01 -2.45132125e+01 -7.43294310e+00  1.34815586e+01
  7.44019453e+00 -4.88170011e-01 -4.55571467e+00  3.06839605e+00
  2.51356241e+01 -2.68240314e+01 -4.02323918e+00 -1.00745144e+01
 -3.13943436e+01 -6.30479166e+00 -4.21650045e+00 -1.95517465e+01
 -7.13864497e+00 -5.26671963e+00 -9.39759712e+00  2.16625567e+01
  1.12813512e+01 -2.82355683e+01  1.98413515e+01 -3.32235599e+00
 -8.23092861e+00  1.92893585e+01 -4.53919173e+01 -1.42705943e+01
  9.57961319e-01  1.54959674e+01 -4.51081034e+01  4.25917907e+00
  1.65455547e+01 -1.20970018e+01 -4.09287960e+01  2.33182489e+01
  6.82847002e+00 -1.86715905e+01  2.40275124e+01 -3.52267218e+01
 -1.24302114e+00  3.12259577e+00  8.59553770e+00  2.47824361e+01
 -2.36845905e+00 -2.78046863e+01 -2.74798270e+01 -1.07693801e+01
  4.40451442e+00 -1.74768214e+01  4.14920342e-02  1.80828276e+01
  3.22632859e+00  4.63980318e+00 -6.85717387e+00 -1.33576507e+01
 -1.04986411e+01 -1.64041955e+01 -7.04159429e-01  2.31531378e+01
 -9.81929787e+00 -1.32143671e+01 -3.55036272e+01 -7.65200715e+00
 -7.45441680e+00  1.21575220e+01 -7.22969793e+00 -2.81367017e-01
 -1.17361030e+01 -9.65423627e+00 -3.55807371e+00  1.40194014e+01
  2.24490115e+01  2.54254775e+01 -2.60408591e+01 -3.37555551e+00
  6.75523489e+00 -2.50544332e+01 -3.79975677e+01 -5.45883066e+00]