[-6.86068771e+00  1.23806697e+01 -1.13981410e+01 -8.11735291e+00
  2.33924362e+01 -1.11473868e+01 -3.89856092e+01 -8.68012626e+00
  3.06110636e+01 -1.06710446e+01 -3.11206245e+00  1.53276800e+01
  6.20176992e+00  2.02907554e+01 -4.61614014e+01  7.25397893e+00
  3.66281597e+01 -5.76973764e+01 -4.22144499e+01  3.92930447e+01
  6.59585288e-01  1.75470846e+01  7.59416402e+01  2.93973287e+01
 -1.54688685e+01  1.56003774e+01 -4.18020314e+01 -3.77076045e+01
  6.32035424e+00 -1.38321072e+01  2.04935120e+01 -2.83720263e+01
 -3.12363927e+01 -2.08839874e+00  3.27281094e+00  1.51640979e+01
 -2.44240012e+00  6.38552827e+00  3.34941549e+01  2.14259166e+01
  8.42627720e+00  1.69686511e+01 -1.06683023e+01 -1.29457675e+01
 -1.62264630e+01  1.63733034e+01  1.72045961e+01  6.74112894e+01
 -2.12509402e+01  9.35084186e+00  1.01564071e+01 -3.65174350e+01
  2.14017535e+00 -3.83759074e+01 -4.18681525e+01 -5.51797721e+01
 -1.85124714e+01  1.95438078e+01  7.41042953e+00  1.54148976e+01
  1.45146355e+00 -1.91867957e+01 -2.18846110e+01  2.22784960e+01
 -6.30558406e+01  4.21581721e+00  1.71300717e+01  1.68852675e+01
 -3.34061925e+01 -2.47875935e+01  7.45163289e+00  2.82404853e+01
  2.55581068e+01 -4.51967275e+01 -3.39868868e+00  3.58048287e+01
 -4.86788583e+01 -3.84327272e+00  1.52649245e+01  1.06241110e+01
  3.36822729e+01  6.20111150e+00  1.32110304e+01 -6.37550629e+01
  2.14716001e+01 -1.53484375e+01 -1.04163167e+01  4.07445286e+00
 -4.80195806e+00 -8.13222627e+00  1.47935465e+01  1.72322674e+01
  1.30327587e+01  1.69541047e+01  1.00528562e+01 -3.32769514e+00
  3.04532661e+01 -1.51016793e+00  4.80715342e+01 -1.63553257e+01
 -1.04186893e+01 -2.78466409e+01 -4.38822611e+01 -1.32660286e+01
  1.88913999e+01 -4.92459917e+01 -2.70292175e+01  1.80894016e+01
  1.26066564e+01 -3.72085089e+01 -4.90442748e+01  3.70039233e+01
  2.18416476e+01 -3.61366622e+01  1.51620457e+01 -2.83584473e+01
  3.68805893e+01  2.62001566e+01  2.15240565e+00  1.84159272e+01
 -2.57086695e+01  1.48084299e+01 -7.68846584e+00  3.49880726e+01
  6.53647305e+00 -5.07764384e+01 -3.03253211e+01  3.98774495e+00
 -2.78296963e+01  6.43499403e+00  1.73650648e+00 -1.57923804e+01
  2.21072443e+01  6.53921297e+01  5.81910236e+00  3.16516358e+01
 -1.04387842e+01 -1.97509030e+01  1.87466080e+01  2.43138039e+00
  3.14413081e+01 -4.71697819e+00 -1.19023415e+01 -1.10161596e+01
  1.82140315e+01 -7.54518553e-02  1.47242442e+01  3.04277217e+00
  1.51965875e+01  4.00198406e+01  1.92124344e+00  5.11467606e+00
  2.68665207e+01 -2.98911215e+01  8.25402275e+00  1.48771448e+01
 -2.03943284e+01  4.77991027e+00 -6.51817171e-01 -3.70156088e+01
  1.78574350e+01  7.04980197e+00 -1.03520626e+01  2.09335710e+01
  1.90984873e+01 -4.93891263e+01  1.02146841e+01 -7.43307174e+00
  5.84669131e+00  2.52607812e+01 -2.27560513e+01 -2.16930171e+01
  4.68170041e+01 -7.54813843e+00  9.86968004e+00  6.63698024e+00
  3.19910104e+01 -1.86553284e+01 -1.61162805e+01  3.78498813e+01
 -2.02391802e+01  4.47816527e+01  1.32003058e+01  5.74155366e+01
 -1.73164968e+00 -2.67368187e+01 -2.40461071e+00  1.68925588e+01
 -1.81446277e+01 -1.77767074e+01  2.37343931e+01 -1.28143846e+01
 -3.74461851e+01 -6.46562577e+00  3.36580436e+01  1.56915827e+01
  1.42516481e+01 -4.74640230e+01 -1.20006688e-01 -2.13029504e+01
  1.76138136e+00 -6.91759252e+00  2.61486072e+01  1.01116746e+01
  3.19732176e+00 -1.00682991e+01  3.24794786e+01  5.31962357e+01
  2.68676139e+01 -2.38968038e+01  7.17322910e+01 -8.22252160e-01
  4.74755756e+01 -2.85265562e+01  1.78179716e+01 -1.66479454e+00
  1.97507863e+01  1.84997637e+01 -4.50205571e+01  2.54415530e+01
  1.72323972e+01 -3.29964244e+01 -1.22905370e+01  2.05545973e+01
  1.10461539e+01 -7.09820505e-01 -6.16210277e+00  2.24089525e+00
  3.54445899e+01 -3.38256742e+01 -4.84536158e+00 -1.13544876e+01
 -4.20384883e+01 -1.00944674e+01 -5.26881359e+00 -2.97847863e+01
 -8.04538623e+00 -7.61733945e+00 -1.13189364e+01  3.20591995e+01
  1.88774102e+01 -4.29608489e+01  2.90928396e+01 -7.68630612e+00
 -1.06713838e+01  2.85407330e+01 -6.59302031e+01 -1.90379707e+01
 -3.52624138e+00  2.44851851e+01 -6.42024094e+01  7.17836673e+00
  2.54023218e+01 -1.89515864e+01 -5.66507595e+01  2.98117332e+01
  8.56423977e+00 -2.31958782e+01  3.70271725e+01 -4.85654663e+01
 -6.45293048e+00  2.14267957e+00  1.12816105e+01  3.59278009e+01
 -3.67619009e+00 -4.11555247e+01 -3.29887761e+01 -1.38826878e+01
  8.41061298e+00 -2.56319603e+01  9.83060176e-01  2.32027802e+01
 -2.07415221e+00  5.30389028e+00 -1.02650238e+01 -2.00309527e+01
 -1.35710883e+01 -1.89401371e+01 -3.39945349e+00  3.06315256e+01
 -1.52983556e+01 -1.95109947e+01 -4.65733880e+01 -1.12174228e+01
 -8.97063898e+00  1.57578121e+01 -6.44994626e+00  6.67764587e-01
 -1.48408230e+01 -1.44173157e+01 -1.51557319e+00  2.11473861e+01
  2.79879033e+01  3.17643981e+01 -3.50726616e+01 -8.03466405e+00
  7.38361768e+00 -3.74949439e+01 -5.54874290e+01 -9.10526267e+00]