[-9.66620029e+00  1.71402550e+01 -1.65192850e+01 -9.87842151e+00
  3.12890975e+01 -1.72565016e+01 -6.45561701e+01 -1.54556886e+01
  4.77163767e+01 -6.15063151e+00 -9.96869099e+00  2.31707402e+01
 -2.51953329e+00  2.94829987e+01 -6.85342352e+01  1.88395661e+01
  5.08488664e+01 -8.59700418e+01 -6.40448520e+01  6.14298496e+01
  1.39819663e+00  2.63599115e+01  1.19609444e+02  4.21101286e+01
 -2.30663028e+01  2.57213174e+01 -6.09608491e+01 -5.67507225e+01
  5.65632915e+00 -1.54219480e+01  3.93707967e+01 -4.68317916e+01
 -4.17823103e+01 -2.29754781e+00 -9.08365335e-02  2.54501761e+01
 -1.05327237e+00  1.15574542e+01  5.15458015e+01  3.44129894e+01
  1.06426066e+01  2.48830065e+01 -1.78519875e+01 -1.51953441e+01
 -3.42942997e+01  2.77714751e+01  2.88353294e+01  9.78031583e+01
 -3.78323944e+01  1.35632149e+01  1.81271892e+01 -5.31484456e+01
 -1.80038518e+00 -5.85648400e+01 -6.29930909e+01 -8.27979556e+01
 -2.65824903e+01  2.55618564e+01  1.03401008e+01  2.20263903e+01
  4.51016543e-01 -3.37851561e+01 -3.18226772e+01  3.93321541e+01
 -9.47743307e+01  7.47344210e+00  2.87154294e+01  2.13996341e+01
 -5.23656570e+01 -3.84023128e+01  1.11886967e+01  4.69533348e+01
  4.17299189e+01 -6.78513075e+01  2.36430864e-01  5.83347296e+01
 -6.75287825e+01 -9.49026933e-02  2.19202848e+01  1.97336208e+01
  4.63242270e+01  1.04037445e+01  1.57719045e+01 -1.00376635e+02
  3.56975837e+01 -2.26779142e+01 -1.80625258e+01  4.80283245e+00
 -1.72024307e+00 -1.46311583e+01  2.21939585e+01  2.37497902e+01
  1.67409743e+01  2.78652625e+01  1.68441108e+01 -5.20734846e+00
  4.41439571e+01  1.85887869e+00  6.79881348e+01 -1.92179347e+01
 -1.27727896e+01 -4.74607719e+01 -6.75142333e+01 -2.62077057e+01
  2.61899731e+01 -7.65694830e+01 -4.02249335e+01  3.10649573e+01
  2.05525805e+01 -5.59200038e+01 -7.84057877e+01  5.26495686e+01
  3.40643562e+01 -5.28775743e+01  1.96665953e+01 -4.21447039e+01
  5.53063841e+01  3.60460254e+01 -5.17400537e+00  2.73616269e+01
 -4.08639545e+01  2.29624293e+01 -8.85390601e+00  5.58080886e+01
  6.07312773e+00 -7.28515009e+01 -4.77892642e+01  9.32375719e+00
 -4.19284371e+01  7.77558729e+00  5.74211652e+00 -2.29898898e+01
  3.69452874e+01  1.04931618e+02  6.05214062e+00  4.82616794e+01
 -8.34414584e+00 -2.95608852e+01  3.32675012e+01  5.97605964e+00
  4.86993146e+01 -6.82047420e+00 -1.43030681e+01 -1.58353536e+01
  2.77939517e+01  7.18940023e+00  2.01016139e+01  2.59026148e+00
  2.25403296e+01  5.81166999e+01  7.69531266e+00  5.88829795e+00
  4.45074596e+01 -4.55713953e+01  1.01952860e+01  2.53946016e+01
 -3.55558704e+01  3.20076512e+00  1.15630930e-01 -5.62626474e+01
  2.65556097e+01  5.38412611e+00 -1.49725007e+01  3.83608235e+01
  2.51821614e+01 -7.97996342e+01  1.50907606e+01 -1.44378885e+01
  1.17175362e+01  3.51451048e+01 -3.68832595e+01 -2.98543410e+01
  7.14009100e+01 -1.28104452e+01  8.04765615e+00  1.23918717e+01
  5.13342579e+01 -2.69880132e+01 -3.03649795e+01  5.67257373e+01
 -3.25995716e+01  6.88771557e+01  2.11934009e+01  8.61927350e+01
  4.77732428e+00 -3.95479539e+01 -7.04980777e+00  2.71818464e+01
 -2.99541766e+01 -3.04010421e+01  3.16722107e+01 -1.74587731e+01
 -5.38697666e+01 -1.09283564e+01  5.39304455e+01  2.13014315e+01
  1.75862550e+01 -7.27770064e+01 -1.95502188e+00 -3.70777090e+01
  4.48197333e+00 -1.40274133e+01  3.96660283e+01  2.16164767e+01
  1.05160469e+01 -1.88884479e+01  5.13849356e+01  8.08997521e+01
  4.81570017e+01 -3.17291796e+01  1.06895380e+02  2.64845144e+00
  6.89518561e+01 -4.29826035e+01  2.40151658e+01  3.95191651e+00
  2.41913429e+01  2.91529121e+01 -6.98339302e+01  4.43887067e+01
  2.92948978e+01 -5.05878477e+01 -1.36875682e+01  2.93738204e+01
  1.64078740e+01 -9.09412441e-01 -1.05460945e+01  8.42391732e+00
  5.30231608e+01 -5.58430377e+01 -4.96026422e-02 -2.01734435e+01
 -6.43953008e+01 -1.80085504e+01 -1.19124448e+01 -4.45981305e+01
 -1.32210954e+01 -1.31360744e+01 -1.78344867e+01  4.81646288e+01
  2.86348597e+01 -5.88345057e+01  4.66346088e+01 -1.09789152e+01
 -2.06799826e+01  4.11922670e+01 -9.94081897e+01 -3.31381038e+01
  6.47292331e-01  3.15717558e+01 -9.83290731e+01  1.31281233e+01
  3.66437872e+01 -2.47041322e+01 -8.49585823e+01  4.86648258e+01
  1.30968783e+01 -3.79722600e+01  5.25827236e+01 -7.42641640e+01
 -7.54936243e+00  6.02815331e+00  1.99975230e+01  5.39783956e+01
 -6.06441609e+00 -5.98333216e+01 -5.45411339e+01 -1.68562083e+01
  1.31499892e+01 -4.02937187e+01  3.54142238e+00  4.10133863e+01
  5.46697957e+00  9.48942950e+00 -1.53033284e+01 -2.58900139e+01
 -2.27641465e+01 -3.43436453e+01 -2.77438274e+00  4.75735422e+01
 -2.52315672e+01 -3.15842909e+01 -7.69531887e+01 -1.57543569e+01
 -8.89859215e+00  2.39853691e+01 -1.16586466e+01 -4.32010468e+00
 -2.43081148e+01 -2.28971986e+01 -7.22178111e+00  3.56550918e+01
  4.89984865e+01  4.85614488e+01 -5.32867853e+01 -9.01938608e+00
  7.62187091e+00 -5.32762048e+01 -8.76018355e+01 -1.08221138e+01]