[ -12.02641086   33.64875299  -23.72730282  -23.90750918   48.2501306
  -26.17742172  -83.25721847  -16.17564842   62.72991197   -6.94384389
  -17.21765481   36.71275652    8.23951305   45.10703079  -93.84535723
   25.52100675   80.53171105 -120.91011788  -95.61852991   85.00645875
   -1.80758391   31.7314168   176.14530103   57.95672165  -31.40153604
   44.10806845  -89.52189556  -69.61020437    7.10569126  -24.54500987
   48.43626754  -66.48707645  -65.50546762    1.1645787    -0.61559013
   36.728147     -2.08830002   15.98972499   66.94792572   44.94136684
   14.33341115   41.10162073  -23.04954966  -21.31558918  -36.66996492
   37.75573935   38.48969327  141.80536629  -48.1605698    20.32585153
   27.21143335  -73.82255856    3.83705496  -80.34819537  -92.76644501
 -119.80493243  -39.10513687   35.56628164   15.41862394   32.71086374
   -6.76205644  -33.24014608  -42.21293841   55.95877588 -134.49526352
   11.81421192   39.76925658   34.65422599  -73.11477635  -57.75856521
   15.95584513   70.43169568   60.85940084 -100.68236847   -4.34027116
   82.85253697  -99.77737142   -4.81634334   30.35540891   26.55375161
   64.44708888   20.4608696    25.65549578 -136.11670286   53.31592506
  -33.73395799  -18.06928001    2.04605093   -5.69346289  -13.46581719
   34.40773264   31.72943748   24.62439562   30.83861457   19.02197081
   -5.55717121   65.47966868   -0.49904606  101.36231064  -32.15062738
  -11.01617751  -64.6805535   -93.64137064  -24.4050205    34.0929052
 -112.96780115  -60.21414782   48.11188075   32.92865259  -82.45876348
 -102.26616553   81.21979727   47.81669437  -80.48131311   28.9111456
  -62.38585913   81.2158129    53.39943893   -5.13943662   40.16680744
  -51.58411606   38.25770525   -6.03552746   85.41049262    8.20447438
 -105.9636898   -57.88856687   19.0359377   -58.31322018   11.37841758
    9.56493999  -39.5263339    42.46849982  146.13291009   14.3317319
   66.37420636  -20.96067957  -43.14183021   37.43070872    9.98627609
   66.74264764  -10.4557756   -16.8766818   -32.17808072   37.35810464
    3.72582441   27.47094484    9.36451616   28.3662682    81.76250844
    2.64147613    4.87126484   67.11502285  -59.71225859   22.92142628
   30.38484845  -47.65319135   13.20105335   -0.96174346  -88.10079668
   39.81558254    4.28682586  -19.55306482   59.60859124   39.08569208
 -116.26319326   20.64137094  -18.26776936   17.16719517   45.78061282
  -44.75043537  -36.75962283   98.32988883  -15.04172253   14.47004279
    6.41030639   76.51965054  -32.20359627  -38.22087313   75.02169432
  -42.61218903   96.1045875    38.54689746  122.6119519    -2.90630163
  -56.83743143  -10.51143228   42.80560742  -36.33667356  -49.40807963
   51.70321204  -27.07472775  -79.91446894  -12.64781594   83.46762168
   33.27361885   30.68862025  -94.34936313    6.03068588  -52.60192072
    3.63714627  -16.52437473   58.5074297    31.18798944   17.90146595
  -24.3176808    66.47875736  113.53338235   68.80528609  -47.50043011
  157.07418095    9.847015    101.75902349  -61.27932131   40.89237272
    9.38603133   38.4626763    35.79936354 -105.67286242   62.52074931
   39.43166033  -72.14099749  -16.93702162   43.51450696   21.1995523
    3.35427787  -11.42203592    5.65208888   69.73428503  -75.55441578
   -8.49490891  -31.40916667  -91.38355795  -19.24229892  -12.23975073
  -61.77430016  -20.59088547  -17.05216037  -31.06107382   67.21553069
   32.70471197  -86.38927929   64.27889137   -6.31658722  -23.73762205
   60.56036101 -132.89920488  -40.17061627    1.19603957   54.21730316
 -131.59281704   17.43818919   57.98668421  -39.43776412 -120.58892073
   70.59925026   20.01694389  -49.86965601   74.91868392 -106.25020363
   -5.41267292    3.80351497   24.15278979   74.53311699   -9.10884068
  -82.01471467  -78.06291972  -33.57513022   10.93575978  -52.24023897
    5.62420076   58.0387204    10.40700856   16.70178769  -18.95745307
  -39.42017156  -33.9103599   -51.57098507   -1.39796629   72.53951985
  -24.82798391  -42.6988209  -103.59967714  -20.40109051  -20.89441051
   35.87417348  -22.08073997   -2.80912574  -32.04695197  -29.20766766
   -8.46083072   43.83340772   60.220591     77.06703672  -81.02528374
  -14.30681962   15.38277823  -77.28430334 -118.14719708  -12.95932447]