[ -7.33183221  10.03535855  -7.37173242 -10.72479842  21.60119499
 -10.21063424 -31.67283513  -9.63835953  28.9469432   -8.04336183
  -4.1545163   15.70412417   3.03425747  16.89418748 -37.06483064
   6.61394563  31.99197444 -51.39586934 -34.20185897  34.18423559
   0.51710228  14.38826546  66.34296823  21.45142088 -11.53773917
  18.16968756 -36.33673562 -29.90793122   4.02875051 -11.21258133
  15.62533045 -24.405928   -24.6774765   -0.17461531   0.53404281
  13.46089421  -1.73944219   6.8039423   26.05259903  19.84315425
   9.67366669  14.08417243  -8.02112902 -11.47773178 -14.29218944
  13.90944177  16.02508687  56.38291731 -17.91239268   6.55334748
   9.8062753  -31.77707124   1.448957   -35.09262363 -37.6609474
 -48.90237968 -10.91066988  16.16130562   4.0428908   11.52809745
  -0.52874923 -12.06067624 -18.36232189  19.01961279 -52.02943747
   4.22276039  15.03015859  15.6578337  -31.73533643 -23.19295334
   7.8611137   27.92775946  20.83978914 -38.51183332  -2.99977736
  33.52537954 -43.22138483  -3.34265359  15.14608022  12.03892246
  26.04789492   7.8762683   14.17422946 -53.18900194  20.60910586
 -14.08943937  -7.89188357  -2.67603195  -3.31770601  -7.4816011
  14.90522348  16.88883666  12.27044939  13.62505041  11.07910874
  -2.86449116  28.33001536  -3.18612099  40.091175   -14.99426212
  -6.18833153 -25.72284676 -39.53407358 -10.97026616  14.55658747
 -42.86509901 -26.90628904  18.08772383  13.43601289 -30.83559438
 -40.47460071  30.29947011  23.0501564  -34.21348921  16.05328433
 -23.8892377   28.90755931  20.79996527   0.79914775  18.62298072
 -18.49945605  11.3795511   -2.81561373  29.80485114   5.97068595
 -44.32449434 -22.65235269   7.85159181 -19.99503012   5.6516535
   4.21405611 -18.50309265  15.27670106  59.89468555   5.20531783
  22.9766752  -11.04883641 -17.68209708  19.30539838   4.49622718
  30.15012239  -3.25625676  -8.9560557  -11.21502158  15.25715304
   2.20602285  14.67951206   1.40370227  13.94388276  32.73165927
  -1.9809035    2.81957475  21.71198384 -26.58912528   7.16187016
  13.75337969 -20.01232211   4.56297709  -1.3162127  -32.84036383
  13.24360883   7.68596237  -8.26942725  22.93472558  17.45826131
 -41.03385095  10.09908865  -5.55691385   7.82983644  20.10996556
 -21.22283325 -18.19304637  38.49321991  -4.62550439   6.43669234
   8.70447703  26.76591749 -12.14684255 -12.61749889  29.55634272
 -17.22861268  36.932534    11.32523705  48.48925061  -3.16882846
 -21.72900773  -0.11849718  18.59443629 -13.51859949 -17.6996999
  21.26002557 -10.77889927 -32.88062828  -6.01292932  34.85652323
  17.10857554  12.81006336 -40.13212547   0.7458551  -22.8138095
   0.76038321  -5.71584837  23.16526952   6.83169137   1.68717392
  -9.2753875   27.18069154  45.66763872  23.65251614 -17.64276156
  63.77796512   1.68334745  43.95200945 -21.0513651   15.58756719
   2.6264236   19.82554672  11.51102835 -37.51289202  20.8389881
  17.10290413 -26.73600745  -7.17321548  18.39611287  11.06870971
   0.87212366  -6.66432428   1.89844179  30.92368728 -29.87851164
  -3.79834552 -12.19712648 -36.28976358  -3.82193697  -5.7203744
 -25.25195641  -7.71160375  -8.63329965  -9.76070489  27.26850152
  14.04718422 -37.38386036  24.56830139  -6.76880146  -7.17439909
  23.77027846 -53.53614385 -16.09963364  -1.79979696  20.18823069
 -51.76467685   6.99031268  23.36677561 -15.23927093 -47.25254693
  25.42654498   7.513275   -21.6037113   27.4886475  -42.47775535
  -5.07961674   2.0903909    4.33683278  27.75999127  -5.03965276
 -31.47807012 -27.71217071 -13.00714612   7.38730786 -22.29907279
   3.34777407  21.60307456   0.51600091   5.73874344  -6.95930577
 -17.0635728  -14.11509457 -20.33926379  -1.11126851  28.9937056
 -14.23424655 -15.95406315 -38.3762154   -9.19763209  -5.67958578
  11.3452897   -5.23195694  -1.98612476 -14.95412667 -11.51755265
  -0.55796804  15.50720285  25.17506311  26.86770493 -29.87212471
  -1.94740279   7.07860444 -32.11118255 -50.22787751  -6.26928587]