[-7.51453037e+00  1.75046424e+01 -1.28494293e+01 -1.13866938e+01
  2.76517742e+01 -1.17678881e+01 -4.52930966e+01 -1.19118647e+01
  3.75096510e+01 -7.16787795e+00 -9.41784900e+00  2.06647977e+01
  5.88860969e+00  2.24393584e+01 -4.98984365e+01  1.07376155e+01
  4.36404071e+01 -6.79429900e+01 -4.81423606e+01  4.65482738e+01
  2.03384044e+00  2.05522346e+01  9.31440330e+01  3.08295172e+01
 -1.60554114e+01  2.45451724e+01 -4.84417149e+01 -4.06723119e+01
  4.20672676e+00 -1.44145153e+01  2.88802526e+01 -3.56359041e+01
 -3.68568992e+01 -2.14331436e+00  1.10252852e+00  1.83425677e+01
 -1.14455477e+00  9.69746841e+00  3.63730031e+01  2.48729380e+01
  9.67901086e+00  1.87058918e+01 -1.45167997e+01 -1.34276938e+01
 -2.27280201e+01  1.91441706e+01  1.85171911e+01  7.65692296e+01
 -2.60685265e+01  1.08326496e+01  1.40607006e+01 -4.29938194e+01
 -7.57509778e-01 -4.63338847e+01 -5.09140684e+01 -6.63986687e+01
 -1.85594866e+01  1.91073287e+01  7.70849953e+00  1.73640006e+01
 -1.37702163e+00 -1.95095578e+01 -2.53248985e+01  2.90831864e+01
 -7.28511163e+01  5.61227548e+00  2.33990151e+01  1.93731007e+01
 -4.23992166e+01 -3.12031110e+01  8.89343678e+00  3.87758942e+01
  3.27635884e+01 -5.18188670e+01 -3.11194219e+00  4.71358723e+01
 -5.60796370e+01 -1.45821202e+00  1.68184115e+01  1.57450219e+01
  3.51195282e+01  1.16243922e+01  1.45229673e+01 -7.36091402e+01
  2.53759126e+01 -1.87252648e+01 -1.28682218e+01 -9.27119907e-02
 -4.36559901e+00 -9.91469158e+00  1.87411457e+01  1.97266389e+01
  1.33905644e+01  1.67289167e+01  1.24028548e+01 -4.08747640e+00
  3.76991852e+01 -3.47983742e+00  5.72869594e+01 -2.15411988e+01
 -1.08373245e+01 -3.72335441e+01 -5.39808242e+01 -1.80408641e+01
  1.69902645e+01 -6.05385895e+01 -3.35909200e+01  2.45377160e+01
  1.84300103e+01 -4.43689251e+01 -6.03212546e+01  4.38513373e+01
  2.96342020e+01 -4.57599598e+01  1.95728097e+01 -3.36137286e+01
  4.55434009e+01  3.08254978e+01 -1.88852282e+00  2.40790366e+01
 -2.76827578e+01  1.80152394e+01 -6.46124688e+00  4.56937029e+01
  7.21208431e+00 -5.83196521e+01 -3.41894465e+01  1.01946089e+01
 -3.01250666e+01  6.04381851e+00  3.42977430e+00 -2.18726767e+01
  2.43333221e+01  8.17050657e+01  6.43024351e+00  3.37584378e+01
 -8.50374495e+00 -2.30805990e+01  2.38161592e+01  6.65885838e+00
  3.91820858e+01 -4.92471536e+00 -9.22671043e+00 -1.64717176e+01
  1.98627819e+01  4.17017464e+00  1.91122598e+01  5.06129074e-01
  1.75482756e+01  4.51715735e+01  3.54138208e+00  1.98574716e+00
  3.41431213e+01 -3.34101409e+01  1.06417630e+01  1.84050739e+01
 -2.66382760e+01  6.58208118e+00 -4.25852460e-01 -4.64968729e+01
  1.99347543e+01  6.08479726e+00 -1.03835987e+01  3.09082751e+01
  2.12613071e+01 -6.27308335e+01  9.81453844e+00 -9.56309892e+00
  1.06507893e+01  2.52056987e+01 -2.72887019e+01 -2.29183932e+01
  5.26049295e+01 -6.72770461e+00  8.57530413e+00  7.60898833e+00
  3.85311566e+01 -1.89113025e+01 -1.99807734e+01  4.16025222e+01
 -2.32515205e+01  5.34181534e+01  2.00636493e+01  6.78616864e+01
 -4.07504863e+00 -3.22956639e+01 -3.08859961e+00  2.34824735e+01
 -1.81117746e+01 -2.45378455e+01  2.84385960e+01 -1.29531872e+01
 -4.34992966e+01 -7.90317306e+00  4.55646162e+01  2.04409709e+01
  1.54242256e+01 -5.57303980e+01  2.91317705e+00 -2.97901844e+01
  2.91963363e+00 -8.04824914e+00  3.20137788e+01  1.48520902e+01
  9.62032218e+00 -1.33829475e+01  3.64517441e+01  6.17963531e+01
  3.41825940e+01 -2.25907448e+01  8.85487280e+01  3.47027525e+00
  5.61941656e+01 -3.23292921e+01  2.08400050e+01  2.38126810e+00
  2.37497914e+01  1.95802950e+01 -5.65008653e+01  3.10934335e+01
  2.30842464e+01 -3.88894027e+01 -1.18034684e+01  2.56875391e+01
  1.21363440e+01 -2.14173940e-01 -1.04994618e+01  3.23797052e+00
  4.14571010e+01 -4.17850612e+01 -5.26230915e+00 -1.91828891e+01
 -5.07186902e+01 -9.39401589e+00 -5.43921586e+00 -3.52584348e+01
 -8.69042350e+00 -1.06726768e+01 -1.46346350e+01  3.61801496e+01
  1.96233522e+01 -4.83212833e+01  3.52996524e+01 -6.76997757e+00
 -1.20812979e+01  3.28949309e+01 -7.43653800e+01 -2.33631076e+01
 -2.01402957e+00  2.67521104e+01 -7.45493728e+01  9.45600362e+00
  3.03115235e+01 -2.10309284e+01 -6.77995766e+01  3.83808708e+01
  1.27999829e+01 -2.97147765e+01  3.84930252e+01 -5.92855483e+01
 -2.98370912e+00  3.04769785e+00  9.90685910e+00  4.03319750e+01
 -6.08437665e+00 -4.52126488e+01 -4.12886889e+01 -1.72949603e+01
  7.86790591e+00 -2.76065315e+01  2.15305808e+00  3.17136874e+01
  5.19777477e+00  1.07427392e+01 -1.11256989e+01 -2.26994823e+01
 -1.79881059e+01 -2.86013080e+01  3.34121914e-01  4.00047308e+01
 -1.85607583e+01 -2.37147940e+01 -5.82353952e+01 -1.32032236e+01
 -9.05583167e+00  1.82968975e+01 -1.19532346e+01 -9.48800415e-01
 -2.00419378e+01 -1.48578740e+01 -3.60678646e+00  2.15834981e+01
  3.50289095e+01  4.00448796e+01 -4.52372676e+01 -4.17458239e+00
  8.29964680e+00 -4.32930520e+01 -6.65908106e+01 -9.01455127e+00]