[-2.20369162e+00  7.50181703e+00 -7.73638660e+00 -2.01949235e+00
  8.83677140e+00 -6.57787158e+00 -2.12671649e+01 -3.65443227e+00
  1.86177284e+01 -1.04938893e+00 -3.16690449e+00  9.81797920e+00
  2.94729415e+00  9.47884335e+00 -1.99166272e+01  1.91146971e+00
  1.95721343e+01 -2.68332503e+01 -2.25340223e+01  2.25691327e+01
  1.66475324e+00  1.25481676e+01  4.02622377e+01  1.51799622e+01
 -9.19882115e+00  9.93711429e+00 -1.86849418e+01 -1.99928547e+01
  3.67143970e+00 -8.34001134e+00  1.58454573e+01 -1.56031018e+01
 -1.99985482e+01 -1.17029760e+00  2.38459027e+00  6.91209807e+00
  4.46050908e-01  1.69670071e+00  1.86240300e+01  9.86416995e+00
  6.92712686e-01  1.02527834e+01 -6.97159893e+00 -6.77797343e+00
 -1.14804670e+01  1.20909217e+01  7.45448115e+00  3.34816225e+01
 -1.29680926e+01  6.33052318e+00  7.93171973e+00 -1.89863661e+01
  4.86330565e-01 -2.14856554e+01 -2.41917327e+01 -2.76914140e+01
 -1.33952801e+01  1.06622382e+01  6.74146235e+00  1.08763888e+01
  9.22437365e-01 -1.01629573e+01 -1.47892354e+01  1.25984862e+01
 -3.66869599e+01  3.31801219e+00  1.40431964e+01  8.19126253e+00
 -1.61698452e+01 -8.61541565e+00  1.65294653e+00  1.37934917e+01
  1.55356693e+01 -2.33747077e+01 -1.15767932e+00  1.97748732e+01
 -2.63194587e+01 -1.21892009e+00  4.61647333e+00  6.86626610e+00
  1.59572471e+01  1.20811342e+00  5.00490725e+00 -3.26536302e+01
  1.13356710e+01 -1.00157236e+01 -6.67290168e+00  1.83091053e+00
 -7.30342674e-01 -5.05933547e+00  7.21514099e+00  8.74414363e+00
  6.17817742e+00  6.95389034e+00  7.53105089e+00  5.73550260e-01
  1.81053822e+01  1.72386396e+00  2.72375419e+01 -9.38843516e+00
 -7.59404487e+00 -1.65837995e+01 -2.22175286e+01 -1.07767907e+01
  9.70882463e+00 -2.90443892e+01 -1.28968147e+01  1.31227701e+01
  8.94210189e+00 -1.92296764e+01 -2.82866734e+01  2.02288555e+01
  1.12890035e+01 -1.64536824e+01  7.02941814e+00 -1.34555215e+01
  2.36967391e+01  1.52984871e+01 -2.26593665e+00  1.10961978e+01
 -1.28084375e+01  7.70140869e+00 -4.06925156e+00  2.10195750e+01
  4.72679188e+00 -2.63121382e+01 -1.56353182e+01  2.59364904e+00
 -1.74314763e+01  2.12093641e+00  1.13256239e+00 -7.32407036e+00
  1.40108813e+01  3.60862449e+01  2.64891286e+00  2.08198421e+01
 -1.18531758e+00 -1.02448851e+01  1.26451411e+01  2.68240405e-01
  1.70674147e+01 -2.67233627e+00 -5.69334127e+00 -8.67095041e+00
  1.01180012e+01  3.37193870e+00  9.50419684e+00  3.06522871e+00
  6.40574871e+00  1.91058435e+01  4.11447610e+00  2.12484763e+00
  1.84904863e+01 -1.29750722e+01  5.68093076e+00  7.48161424e+00
 -1.06888389e+01  3.11150429e+00 -1.13660782e+00 -2.01278582e+01
  7.80183053e+00  9.19880162e-01 -5.91026976e+00  1.09762813e+01
  8.52246299e+00 -2.86481696e+01  4.80112146e+00 -3.81337411e+00
  2.54591781e+00  1.14327837e+01 -1.08613524e+01 -1.25670404e+01
  2.59406102e+01 -1.45031343e+00  6.49943106e+00 -7.33226767e-01
  1.90096788e+01 -8.77095212e+00 -6.79790325e+00  2.05260357e+01
 -9.62103070e+00  2.36243308e+01  9.07226463e+00  3.06387339e+01
  5.17875120e-01 -1.22265060e+01 -1.77096466e+00  7.19541390e+00
 -7.93874904e+00 -1.17274918e+01  1.20988494e+01 -5.14944343e+00
 -1.86164944e+01 -1.39516225e+00  1.70074013e+01  5.27774612e+00
  5.42439852e+00 -2.64507954e+01  2.87217711e+00 -1.09521999e+01
 -2.88543268e-02 -4.58120622e-01  1.25528614e+01  5.92903105e+00
  7.87927221e+00 -6.52839200e+00  1.96268118e+01  2.76269197e+01
  1.63009430e+01 -1.09672713e+01  3.94989644e+01  9.78232925e-01
  2.64626478e+01 -1.65504766e+01  9.66382929e+00 -9.76502897e-01
  8.63404492e+00  1.12647365e+01 -2.61959681e+01  1.18937642e+01
  1.10976276e+01 -1.86058458e+01 -7.14424993e+00  1.18134840e+01
  1.92686685e+00 -4.40418705e+00 -4.55938892e+00 -1.78753980e+00
  1.69697862e+01 -2.02860337e+01 -3.44667707e+00 -9.28956245e+00
 -2.11958544e+01 -1.04307196e+01 -3.91070882e+00 -1.58195537e+01
 -3.36742354e+00 -3.73890060e+00 -8.53098134e+00  1.94784010e+01
  1.11151911e+01 -1.91073340e+01  1.64596153e+01 -2.42532648e+00
 -7.11570296e+00  1.50079311e+01 -3.49226417e+01 -1.00835591e+01
 -1.30228796e+00  1.07579131e+01 -3.48202834e+01  7.47302423e+00
  1.29785791e+01 -8.88078544e+00 -3.23371421e+01  1.63100511e+01
  6.61587063e+00 -1.27709124e+01  2.04694836e+01 -2.76275309e+01
  1.60622585e+00  1.88832986e+00  4.97746896e+00  1.93053502e+01
 -1.38474279e+00 -2.07418414e+01 -1.67882541e+01 -2.86356568e+00
  1.73699764e+00 -1.50535639e+01  6.84874631e-01  1.55775330e+01
 -1.05799674e+00  5.04554936e+00 -3.22917476e+00 -1.11181444e+01
 -7.21849669e+00 -1.04410463e+01 -9.55171696e-01  1.57653322e+01
 -8.10479201e+00 -1.26743647e+01 -2.56509668e+01 -7.08850564e+00
 -7.62298063e+00  1.12365826e+01 -6.62911236e+00 -2.24886382e+00
 -9.44272528e+00 -6.55034816e+00  7.67785590e-02  1.29405594e+01
  1.38199391e+01  1.67092198e+01 -1.90999635e+01 -5.66665939e+00
  6.91640260e-01 -1.79263944e+01 -2.98502473e+01 -1.94959079e+00]