[-7.45594154e+00  1.41852626e+01 -1.16098737e+01 -1.01113765e+01
  2.49535686e+01 -1.00305949e+01 -3.69842316e+01 -7.02542450e+00
  2.84856393e+01 -1.09552581e+01 -4.84298975e+00  1.66547430e+01
  1.27197002e+01  1.88555255e+01 -3.88941537e+01  3.85203092e+00
  3.56161484e+01 -5.33183350e+01 -3.59129945e+01  3.42330040e+01
  8.83161598e-01  1.61134616e+01  6.87683070e+01  2.68840863e+01
 -1.27436278e+01  1.68709262e+01 -3.95828763e+01 -3.11847602e+01
  4.78601171e+00 -1.20638979e+01  1.71433348e+01 -2.61061846e+01
 -3.19720643e+01 -2.31212013e+00  3.63680790e+00  1.21925163e+01
 -4.14586216e-01  7.38271010e+00  2.79993112e+01  1.52947491e+01
  8.53681415e+00  1.68149505e+01 -1.12382114e+01 -1.41858616e+01
 -1.32493898e+01  1.39688197e+01  1.36723025e+01  6.24705347e+01
 -1.95705179e+01  7.72079648e+00  7.85309837e+00 -3.54169447e+01
  1.65132546e+00 -3.55389965e+01 -4.01960532e+01 -5.01960862e+01
 -1.67555256e+01  1.84473220e+01  6.70095172e+00  1.30435041e+01
 -1.15364549e+00 -1.03153081e+01 -2.41204585e+01  1.90466910e+01
 -5.67819756e+01  4.60620880e+00  1.75519514e+01  1.70523098e+01
 -3.44504646e+01 -2.57800997e+01  6.91041956e+00  2.72619108e+01
  2.56682867e+01 -4.06785618e+01 -2.98357025e+00  3.47554501e+01
 -4.67352525e+01 -2.98849335e+00  1.23147461e+01  1.01956386e+01
  2.89058923e+01  6.99758043e+00  1.33206260e+01 -5.60954598e+01
  1.77190765e+01 -1.08767484e+01 -7.96140135e+00  2.27180834e+00
 -4.10776549e+00 -7.51447996e+00  1.38244469e+01  1.68779883e+01
  1.22339134e+01  9.89876714e+00  8.11288933e+00 -1.51207972e+00
  2.99059002e+01 -4.04098679e+00  4.74262315e+01 -1.92041973e+01
 -1.09077006e+01 -2.86370878e+01 -4.18663942e+01 -1.02459934e+01
  1.43495950e+01 -5.09095639e+01 -2.90244504e+01  1.87460383e+01
  1.39307874e+01 -3.71738544e+01 -4.51125140e+01  3.72711055e+01
  2.44296661e+01 -3.46319937e+01  1.82151655e+01 -2.52103471e+01
  3.46923460e+01  2.67202443e+01  2.53537184e+00  2.04800735e+01
 -1.97978499e+01  1.50691399e+01 -6.23613197e+00  3.34551582e+01
  7.87327463e+00 -4.71167534e+01 -2.51740772e+01  5.84037465e+00
 -2.65877893e+01  3.63012606e+00 -1.79498522e+00 -1.40540358e+01
  1.80676987e+01  6.34771925e+01  4.99212745e+00  2.76378239e+01
 -1.03398494e+01 -1.84712945e+01  1.70675267e+01  4.87317304e+00
  2.88761773e+01 -2.60081404e+00 -8.46345605e+00 -1.31200225e+01
  1.61591023e+01  4.25338242e-02  1.84164554e+01 -9.56075715e-01
  1.48970204e+01  3.55810657e+01  1.69377144e+00  1.04224605e+00
  2.35060050e+01 -2.73785608e+01  1.34913190e+01  1.42141837e+01
 -1.83408387e+01  4.24420645e+00  7.26838635e-01 -3.96083924e+01
  1.62655713e+01  6.10089904e+00 -5.39749003e+00  2.13978142e+01
  1.64877989e+01 -4.71674972e+01  8.28658477e+00 -7.92484413e+00
  6.37403873e+00  2.43526628e+01 -2.05974418e+01 -1.77790444e+01
  4.01320156e+01 -3.61207721e+00  7.32617125e+00  4.65037429e+00
  3.02145896e+01 -1.39509616e+01 -1.43714806e+01  3.21990955e+01
 -1.89213349e+01  4.10313577e+01  1.76464164e+01  5.37371796e+01
 -6.85905819e+00 -2.77672679e+01 -1.07749520e+00  1.81587006e+01
 -1.57605521e+01 -1.72814719e+01  2.50591661e+01 -1.03235605e+01
 -3.34471769e+01 -7.40149538e+00  3.41370922e+01  1.78397413e+01
  1.21689634e+01 -4.28404701e+01  6.25672800e+00 -2.27185281e+01
 -1.27041246e-01 -3.95666552e+00  2.58309828e+01  8.30562282e+00
  5.60794073e+00 -8.03756025e+00  2.80473788e+01  4.47721087e+01
  2.40903436e+01 -2.12159328e+01  7.06837034e+01 -1.32284329e+00
  4.35218628e+01 -2.39526008e+01  1.91959503e+01  1.81572904e+00
  2.29308950e+01  1.51801214e+01 -4.43949802e+01  1.96917219e+01
  1.65076443e+01 -3.01885067e+01 -1.55616053e+01  1.94120491e+01
  7.27866792e+00 -1.81262413e+00 -8.10897527e+00  1.00025844e+00
  3.40919493e+01 -3.14343644e+01 -9.09328822e+00 -1.49702115e+01
 -3.79501242e+01 -4.84466908e+00 -6.15850473e+00 -2.71130075e+01
 -6.39527918e+00 -5.95924012e+00 -1.25175821e+01  3.16604322e+01
  1.35447623e+01 -4.23321384e+01  2.32799270e+01 -4.33579571e+00
 -9.21194695e+00  2.53978091e+01 -5.79194520e+01 -1.44356015e+01
 -6.19588065e+00  2.28495455e+01 -5.64101425e+01  6.61464793e+00
  2.24279867e+01 -1.87424398e+01 -5.16902784e+01  2.90943351e+01
  7.97496500e+00 -2.29258107e+01  3.33141240e+01 -4.58143144e+01
 -3.24706111e+00  2.98352830e+00  6.35680293e+00  3.17010841e+01
 -3.97863549e+00 -3.38219454e+01 -2.95278826e+01 -1.63986153e+01
  8.46158940e+00 -2.20397654e+01 -1.30387339e-01  2.38720746e+01
  2.20278490e+00  8.52975156e+00 -8.94016073e+00 -2.03002177e+01
 -1.27644754e+01 -1.90156539e+01 -8.48653517e-01  3.18211723e+01
 -1.23199228e+01 -1.75791760e+01 -4.39035355e+01 -1.06949706e+01
 -9.68455606e+00  1.44803397e+01 -7.74293720e+00  2.65393181e+00
 -1.44989639e+01 -1.21239644e+01 -3.85196706e+00  1.34827642e+01
  2.62086218e+01  3.15637740e+01 -3.37901174e+01 -6.46481061e+00
  1.05019688e+01 -3.35568056e+01 -4.94198272e+01 -7.55482762e+00]