[-6.38009090e+00  1.24610981e+01 -8.58782465e+00 -5.64173118e+00
  2.11112853e+01 -7.02887295e+00 -3.61049941e+01 -5.80251657e+00
  2.53328938e+01 -5.58635360e+00 -7.55424624e+00  1.22143217e+01
  5.24040923e+00  1.59697132e+01 -3.81943417e+01  9.80960920e+00
  2.83232209e+01 -5.06452990e+01 -3.64331553e+01  2.96057362e+01
 -5.37857323e-01  1.36444041e+01  6.58277558e+01  2.54900939e+01
 -1.29206064e+01  1.31550555e+01 -3.64076818e+01 -2.92363065e+01
  3.07684252e+00 -8.59729284e+00  2.03384995e+01 -2.69120377e+01
 -2.44346453e+01 -3.58266260e+00  2.53637550e+00  1.28241606e+01
 -7.21123671e-01  8.26391410e+00  2.62275555e+01  1.68313742e+01
  8.18189244e+00  1.42206792e+01 -1.08579473e+01 -9.30952759e+00
 -1.47772195e+01  1.04060599e+01  1.52614749e+01  5.65250808e+01
 -1.96409374e+01  6.97711503e+00  7.94022333e+00 -3.23995743e+01
 -3.11763809e+00 -3.11711763e+01 -3.31741960e+01 -4.60083195e+01
 -1.63148294e+01  1.48342045e+01  6.70171693e+00  1.24441897e+01
 -9.89372042e-01 -1.67779458e+01 -1.58017765e+01  2.09029398e+01
 -5.01467581e+01  4.36742010e+00  1.64225520e+01  1.45490035e+01
 -2.91158537e+01 -2.49299867e+01  6.49513212e+00  2.72908238e+01
  2.27266410e+01 -3.72338544e+01 -3.31944493e+00  3.24128727e+01
 -3.77101216e+01  3.85813705e-01  1.33693448e+01  1.02729167e+01
  2.65334433e+01  7.83328481e+00  9.27527748e+00 -5.58850433e+01
  1.89653307e+01 -1.23039887e+01 -8.44898009e+00  4.36176798e+00
 -2.94980836e+00 -8.71987602e+00  1.37508285e+01  1.24183208e+01
  8.56763612e+00  1.46697582e+01  7.28058016e+00 -4.42586310e+00
  2.44554649e+01 -3.56472937e+00  3.95782631e+01 -1.29371230e+01
 -7.27082330e+00 -2.78756618e+01 -3.86328435e+01 -1.18185285e+01
  1.10417163e+01 -4.36332127e+01 -2.29925746e+01  1.53062098e+01
  1.06937387e+01 -3.38928666e+01 -4.42950089e+01  3.18933762e+01
  2.05254301e+01 -3.06155736e+01  1.44183087e+01 -2.52451481e+01
  3.06079280e+01  2.25473281e+01  1.47931575e+00  1.61828734e+01
 -2.32896959e+01  1.40262167e+01 -4.70791913e+00  3.04647228e+01
  4.06369035e+00 -3.98707780e+01 -2.67503161e+01  4.28876803e+00
 -2.35811437e+01  4.80214899e+00  1.24289253e+00 -1.33476288e+01
  2.08903877e+01  5.73899262e+01  4.86327774e+00  2.37576908e+01
 -4.06602248e+00 -1.45671233e+01  1.44959674e+01  4.60066404e+00
  2.51680398e+01 -3.99761924e+00 -4.65834610e+00 -7.05209552e+00
  1.49408840e+01  1.65335913e+00  1.36059386e+01 -1.96816908e+00
  1.29454195e+01  3.44544476e+01  3.91908284e+00  1.70674655e+00
  2.18754312e+01 -2.40524193e+01  8.66820642e+00  1.34167637e+01
 -1.93024079e+01  3.05239683e+00  2.12512441e+00 -3.38837549e+01
  1.57985843e+01  4.14598550e+00 -7.80446997e+00  2.07304940e+01
  1.41058834e+01 -4.49687852e+01  7.68104496e+00 -7.31901114e+00
  5.85642663e+00  2.07913835e+01 -1.82675436e+01 -1.37850016e+01
  3.88449364e+01 -8.42076303e+00  2.84484407e+00  5.70604653e+00
  2.71533863e+01 -1.60564689e+01 -1.81197895e+01  3.14090805e+01
 -1.81255304e+01  3.92906343e+01  1.46094742e+01  4.97608610e+01
 -1.35099598e+00 -2.52175756e+01 -2.47174980e+00  1.62900885e+01
 -1.55536611e+01 -1.45661587e+01  2.01131567e+01 -9.93734101e+00
 -3.05361881e+01 -8.87315933e+00  3.08661816e+01  1.50303780e+01
  1.03668042e+01 -3.83101760e+01  1.48741634e+00 -2.01900963e+01
  4.08036367e+00 -8.04259459e+00  2.44707401e+01  1.25952830e+01
  2.83826023e+00 -7.05617687e+00  2.53055890e+01  4.30952654e+01
  2.53673525e+01 -1.86761095e+01  6.33381629e+01  1.70797044e-02
  3.88129549e+01 -2.46405805e+01  1.41740827e+01  4.11087729e-01
  1.55413723e+01  1.63466793e+01 -4.05178652e+01  2.41752554e+01
  1.24618681e+01 -2.97473974e+01 -1.15465766e+01  1.75814131e+01
  9.28179210e+00 -2.05707399e-01 -6.03919560e+00  3.59851564e+00
  3.14609298e+01 -2.84700201e+01 -4.34467896e+00 -9.99310296e+00
 -3.58751729e+01 -7.74649999e+00 -5.39074871e+00 -2.54124939e+01
 -6.57067358e+00 -7.76302174e+00 -8.80253335e+00  2.41248288e+01
  1.44502302e+01 -3.62768233e+01  2.31998848e+01 -3.42228922e+00
 -1.10807299e+01  2.21185867e+01 -5.52970725e+01 -1.76554502e+01
 -6.83088345e-01  2.11644642e+01 -5.47387797e+01  4.05197601e+00
  1.89692729e+01 -1.56150438e+01 -4.86613173e+01  2.75329693e+01
  5.57617878e+00 -2.15084792e+01  2.94630601e+01 -4.04279159e+01
 -5.92639261e+00  4.05891828e+00  1.08790381e+01  3.10918655e+01
 -3.11791782e+00 -3.56652287e+01 -3.20662962e+01 -1.44682534e+01
  7.01086323e+00 -1.95266069e+01 -2.79780465e-01  2.18268237e+01
  3.80232056e+00  5.91881898e+00 -1.00723603e+01 -1.77577128e+01
 -1.07621364e+01 -1.88411380e+01 -1.23080570e+00  2.81920450e+01
 -1.23402638e+01 -1.49304859e+01 -4.28752838e+01 -7.53476068e+00
 -7.85238643e+00  1.17710779e+01 -6.67281707e+00  1.52971440e+00
 -1.42118808e+01 -1.13153946e+01 -5.44879058e+00  1.54265074e+01
  2.66298753e+01  3.00607603e+01 -3.19377697e+01 -4.84105211e+00
  8.38188482e+00 -3.00702342e+01 -4.51433002e+01 -6.74584234e+00]