[-6.03819664e+00  8.71768376e+00 -9.04479712e+00 -1.02701612e+01
  2.36425859e+01 -1.26940101e+01 -4.32526401e+01 -9.40525866e+00
  2.72756056e+01 -6.93483413e+00 -3.55344603e+00  1.38838481e+01
 -4.59886260e+00  2.40085714e+01 -5.14946843e+01  1.62744838e+01
  3.43216099e+01 -6.16867497e+01 -4.68693425e+01  4.09246548e+01
  4.21029814e-02  1.31707976e+01  8.34915983e+01  2.90676661e+01
 -1.58877889e+01  1.56748113e+01 -4.52657865e+01 -3.82075153e+01
  2.77791996e+00 -1.05971964e+01  2.05370393e+01 -2.97458301e+01
 -2.46221086e+01  3.55600993e-01 -2.77842907e+00  2.00931851e+01
 -4.23995150e+00  9.30378884e+00  3.51600501e+01  2.64042190e+01
  9.89032323e+00  1.73476131e+01 -9.01485462e+00 -1.02376608e+01
 -2.08492825e+01  1.70457761e+01  2.33153294e+01  6.73046700e+01
 -2.40878787e+01  8.57983879e+00  1.07503822e+01 -3.58091488e+01
  2.49786000e+00 -3.88970146e+01 -4.26877622e+01 -5.71104388e+01
 -1.43432637e+01  1.86387769e+01  4.48168706e+00  1.48405701e+01
 -1.17972773e+00 -2.11223296e+01 -1.64068797e+01  2.66534520e+01
 -6.11249008e+01  2.70307963e+00  1.40453738e+01  1.33642249e+01
 -3.84679757e+01 -3.05716005e+01  1.03223174e+01  3.45810371e+01
  2.61978020e+01 -5.03039492e+01 -2.02802115e+00  3.83820443e+01
 -4.51024831e+01 -1.96032851e+00  1.76429506e+01  1.22567205e+01
  3.38488853e+01  7.69119263e+00  1.28823213e+01 -6.96484126e+01
  2.81020364e+01 -1.40567297e+01 -9.36429893e+00  5.11638264e+00
 -8.76718982e-01 -7.71279884e+00  1.63520927e+01  1.52036504e+01
  1.14259167e+01  2.05216916e+01  9.50376442e+00 -6.39122308e+00
  2.70740333e+01  6.55678261e-01  4.27357870e+01 -1.00371349e+01
 -3.22330429e+00 -3.03356556e+01 -4.58683251e+01 -1.28366738e+01
  1.75209230e+01 -4.95083275e+01 -2.98674592e+01  1.82300948e+01
  1.02167207e+01 -3.81906518e+01 -4.66303355e+01  3.48824714e+01
  2.08490372e+01 -3.75905219e+01  1.22016304e+01 -2.98299472e+01
  3.27366997e+01  2.16855180e+01 -1.32740803e+00  1.61768299e+01
 -2.85930942e+01  1.74149842e+01 -4.25252930e+00  3.64202742e+01
  2.67486314e+00 -4.92700674e+01 -3.27072570e+01  6.91387538e+00
 -2.56679162e+01  7.04533774e+00  4.63554116e+00 -1.72694279e+01
  2.17962164e+01  6.82248411e+01  7.75429314e+00  3.11377106e+01
 -1.30560416e+01 -2.07781394e+01  1.94684334e+01  4.30997541e+00
  3.18903506e+01 -5.76201068e+00 -1.05436136e+01 -9.72116663e+00
  1.90942140e+01  1.06528542e+00  1.06218968e+01  3.84755111e+00
  1.35030246e+01  4.07559994e+01  1.32313723e+00  7.20744155e+00
  2.63966039e+01 -3.26175858e+01  5.92780422e+00  1.70815681e+01
 -2.52692372e+01  1.17028387e+00  4.34200556e-01 -3.68187947e+01
  2.01403809e+01  5.89983096e+00 -1.12173342e+01  2.61398737e+01
  1.90739790e+01 -5.05335531e+01  1.30305675e+01 -1.04436139e+01
  8.22689789e+00  2.71467755e+01 -2.48318237e+01 -1.76041982e+01
  5.02710135e+01 -1.16439097e+01  6.03033111e+00  8.85999136e+00
  3.51380408e+01 -1.86270034e+01 -2.20248059e+01  3.62757914e+01
 -2.28334634e+01  4.63027091e+01  1.18820824e+01  5.73882305e+01
  4.03253151e+00 -2.62052152e+01 -6.26918889e+00  2.00772912e+01
 -2.21604076e+01 -2.03141930e+01  2.29440900e+01 -1.45227771e+01
 -3.77005293e+01 -6.48951848e+00  3.64576306e+01  1.69221782e+01
  1.42158841e+01 -4.55621622e+01 -4.14653146e+00 -2.42542807e+01
  5.59544499e+00 -1.21778109e+01  2.71780758e+01  1.33239028e+01
 -7.69733217e-01 -1.21424890e+01  3.42212798e+01  5.54200544e+01
  3.39065323e+01 -2.51815383e+01  6.98306570e+01  1.64148846e+00
  4.62732370e+01 -2.66042452e+01  1.79964652e+01  3.23786046e+00
  1.92083759e+01  1.54670360e+01 -4.47927750e+01  3.29129360e+01
  1.82182739e+01 -3.39006851e+01 -7.03732017e+00  1.96963662e+01
  1.48823504e+01  2.19305070e+00 -3.52916629e+00  6.33454997e+00
  3.59372592e+01 -3.51088366e+01  1.86182308e+00 -6.33745399e+00
 -4.28211101e+01 -7.59333317e+00 -6.04059534e+00 -3.05564539e+01
 -1.18550395e+01 -7.34166875e+00 -9.75379822e+00  2.97964740e+01
  1.81991420e+01 -4.25736434e+01  3.26322269e+01 -7.09958596e+00
 -1.09159509e+01  3.08126234e+01 -6.51593495e+01 -2.27857859e+01
  1.94592027e+00  2.49325311e+01 -6.45259720e+01  6.70652549e+00
  2.79727276e+01 -1.68358192e+01 -5.46140072e+01  3.03478309e+01
  5.81172308e+00 -2.37049510e+01  3.56546703e+01 -4.97475042e+01
 -1.00047788e+01  1.70103194e+00  1.48013971e+01  3.63898937e+01
 -5.01686058e+00 -4.25857142e+01 -3.87401910e+01 -1.76358466e+01
  1.04599099e+01 -2.71516790e+01  4.38089662e+00  2.26069747e+01
  8.66765503e-01  1.10597624e+00 -1.14873754e+01 -1.65212710e+01
 -1.52389238e+01 -2.09394212e+01 -4.36489772e+00  3.19506558e+01
 -1.41005806e+01 -1.77855054e+01 -4.93233402e+01 -1.04755403e+01
 -5.67583481e+00  1.39370464e+01 -5.06445660e+00 -9.35002762e-01
 -1.32615810e+01 -1.77077143e+01 -4.00130767e+00  2.64585209e+01
  3.18827943e+01  3.28516397e+01 -3.67930426e+01 -7.03632516e+00
  5.58191482e+00 -3.89651643e+01 -5.77786795e+01 -8.44969715e+00]