[ -1.67604767   5.97872598  -2.1367077   -2.7310295    8.53202685
  -4.52186958 -14.53247266  -2.88109718  10.81840556  -2.48380979
  -2.79642738   5.96421226   5.77485297   6.61162961 -14.95642079
   3.555685    13.55457385 -22.45023004 -14.63731402  14.8750024
  -0.04944414   6.13530251  26.80755801   8.95839049  -4.65679476
   8.70311016 -14.53611584 -11.76419013   2.05075015  -5.21921101
   5.99573018 -11.76117138 -12.14365431  -1.83312943   2.32458838
   5.88122371  -0.74232344   3.3544782    9.64999956   4.90868917
   4.02983771   5.73934182  -4.35697963  -3.82026069  -4.40524461
   6.54569807   4.51466541  25.33110527  -8.30202171   2.48709655
   4.49114011 -11.28701202  -0.8929059  -12.28373119 -15.98298316
 -19.49843679  -7.80928518   8.4478227    2.88978497   5.10722562
  -0.54615581  -5.34444338 -10.30545118   7.88211132 -22.9485915
   2.26896246   7.25614311   8.00391593 -13.03605657 -10.05757337
   2.6051053   10.82412453   9.97919321 -15.15303218  -0.4241938
  13.31484965 -18.57848512  -0.93068088   6.12249288   4.77505786
   9.87684818   3.8060527    3.77090923 -22.73903588   9.64050925
  -6.53189575  -0.99954564   0.30791112  -2.41403696  -4.22917365
   5.06687772   6.2233249    4.67482977   2.94589866   3.37833848
   0.12580222  12.19631259  -0.24937987  17.98123622  -7.84100683
  -3.98485134 -11.32398694 -15.81353933  -4.76336896   7.19795
 -17.86764767 -10.45726839   7.41164813   6.58128072 -13.96413609
 -17.9894915   14.05151989   9.45813422 -12.53945778   5.71458234
  -8.71219979  13.96035127   8.78822175   1.56719247   6.94986356
  -8.01988361   6.35031818  -0.2099126   13.79903986   0.9263794
 -16.94944653  -9.41962478   3.72920708 -10.71676451   2.57205382
   1.06068204  -6.31625347   6.56036022  25.09843203   0.97527769
   9.92309089  -4.12773717  -6.04752576   6.23371256   1.54368655
  11.14217582  -0.55843288  -2.5907729   -5.24371552   4.36559258
  -0.6070372    6.16813611  -0.6127496    6.29708968  14.93279318
   0.6420057    0.44742151   9.99506794  -9.2975326    4.67429204
   5.57527468  -7.42331035   2.5995095   -0.72971274 -15.47480297
   5.74261827   0.07257107  -2.54651942   7.47018019   5.80803333
 -19.50724557   4.32054373  -2.75249884   2.19633993   7.34139332
  -7.51382277  -8.08866563  14.05033175  -2.4390208    1.49513519
   1.64554146  11.62424665  -5.54165262  -4.86102011  11.5497037
  -7.19409209  16.87051668   6.67681302  20.1379371   -2.79647895
 -10.57654683   0.05299464   6.35420254  -5.40309703  -8.16732158
   9.78089202  -3.97924381 -13.06214472  -2.77501467  15.73838882
   8.07509912   6.4266444  -16.81619306   2.22454029 -10.59794886
  -1.00233756  -2.49668396   9.88655996   4.53860479   2.89093395
  -2.83642626  10.67716036  18.98390917  10.69502283  -7.28161585
  26.74778727   1.55033808  18.13522135 -12.4616019    7.56479101
   1.49129284   7.35707646   7.68507513 -17.42907881   7.52347374
   4.79729987 -11.74457016  -4.51386843   8.9863372    2.58614485
   0.79216411  -4.10317972   0.18101188  12.70331958 -10.56461972
  -3.27887518  -7.59163027 -14.24530941  -1.8474591   -1.44516817
  -9.72163438  -0.95667113  -2.73258765  -5.1173601   13.95175584
   4.68241013 -17.02109044   9.30282415  -2.78827711  -5.73888979
   8.00510009 -22.48205661  -6.04906308  -0.4386785    9.77108551
 -20.7836305    3.09497876   9.33114924  -7.2825063  -19.24263024
  13.15335399   3.26941703  -9.95092652  12.96917393 -18.10248114
  -1.75761515   0.84826182   2.5839455   11.05562853  -0.99104995
 -14.17984891  -8.93624263  -6.12712395   2.2862858   -9.39194198
   1.70701275  10.05847416   2.48277863   3.57771461  -2.35356856
  -9.71583936  -7.04492662  -7.55655604  -0.22963953  11.82923335
  -3.75121584  -7.17805137 -16.05674769  -1.19680201  -5.6857179
   4.30012066  -3.17562685   0.62464792  -5.47480218  -4.58389896
  -0.81721501   5.20724256  11.13121896  13.22475204 -11.00277851
  -2.41850179   2.95779394 -11.46131985 -20.41860595  -0.81184902]