[-7.11705195e+00  9.62670872e+00 -1.13669391e+01 -2.84782005e-01
  1.62811968e+01 -6.90823156e+00 -3.47090961e+01 -4.69901011e+00
  2.75109475e+01 -3.72571210e+00 -9.40787875e+00  1.22023676e+01
  2.02531653e+00  1.22557202e+01 -3.35970513e+01  6.98044019e+00
  2.83386764e+01 -4.26771666e+01 -3.26897478e+01  2.79845926e+01
 -4.27197358e-02  1.75020937e+01  6.25370932e+01  2.43542886e+01
 -1.28572457e+01  1.32516659e+01 -2.93022480e+01 -3.08420226e+01
  4.56755556e+00 -8.76412093e+00  2.48760721e+01 -2.50922738e+01
 -2.32484990e+01 -6.00477256e+00  4.41771186e+00  1.25537763e+01
  1.92147791e+00  5.59367971e+00  2.63542579e+01  1.43073868e+01
  4.30886885e+00  1.10404988e+01 -1.16774694e+01 -6.91753234e+00
 -1.82226524e+01  1.31208310e+01  1.22517202e+01  5.15492309e+01
 -1.97956603e+01  7.52495140e+00  1.04864101e+01 -3.04110640e+01
 -2.98713124e+00 -3.21557467e+01 -3.09640743e+01 -4.15715120e+01
 -1.65795426e+01  1.29745085e+01  8.21339872e+00  1.20466342e+01
  1.91285734e+00 -1.86476885e+01 -1.66155491e+01  2.03980807e+01
 -5.13481050e+01  6.13953247e+00  2.00167315e+01  1.35472882e+01
 -2.48881796e+01 -1.83899504e+01  3.26743651e+00  2.18113071e+01
  2.22946674e+01 -3.43904757e+01 -3.50739178e+00  3.05804292e+01
 -3.51361964e+01  1.15688011e+00  8.52763192e+00  9.37492274e+00
  2.44385549e+01  3.36236289e+00  7.00037155e+00 -5.15501806e+01
  1.64027061e+01 -1.28609640e+01 -1.07045848e+01  9.08996023e-01
 -7.48148676e-01 -7.81972412e+00  1.28818704e+01  1.17517796e+01
  9.28648261e+00  1.61436173e+01  9.27469764e+00 -1.90989143e+00
  2.50489271e+01 -6.19043442e-01  3.95849669e+01 -1.01875929e+01
 -1.01697580e+01 -2.69435550e+01 -3.57254518e+01 -1.61656243e+01
  1.30882142e+01 -4.20212743e+01 -1.78172584e+01  1.60652316e+01
  1.27773925e+01 -2.94236836e+01 -4.45941239e+01  2.68563659e+01
  2.13031210e+01 -2.57576582e+01  1.33759952e+01 -2.30123071e+01
  3.24042997e+01  2.22826062e+01 -2.06791430e+00  1.61035001e+01
 -2.33405774e+01  1.12062281e+01 -6.24879088e+00  2.89988452e+01
  6.26779595e+00 -3.64319266e+01 -2.53558811e+01  3.37380477e+00
 -2.47813127e+01  3.37942698e+00  1.86626634e+00 -1.28836375e+01
  2.24418778e+01  5.51685787e+01  4.60084590e-01  2.63181961e+01
  1.99287690e+00 -1.41395021e+01  1.73985670e+01  3.10320958e+00
  2.54047120e+01 -3.66827441e+00 -6.54302618e+00 -7.26329717e+00
  1.61951019e+01  5.30227055e+00  1.48119881e+01 -5.27245643e-01
  1.14727675e+01  3.19151558e+01  6.42922820e+00  1.65556348e+00
  2.52873828e+01 -2.28750249e+01  8.38575810e+00  1.17939436e+01
 -1.78982320e+01  1.37421329e+00  2.26953399e+00 -3.03874258e+01
  1.14473101e+01  3.31951575e-01 -8.82523525e+00  1.78514710e+01
  1.46851773e+01 -4.45435039e+01  6.53229101e+00 -5.20768308e+00
  5.26677221e+00  1.95221439e+01 -1.73510547e+01 -1.56844468e+01
  3.79155441e+01 -4.56020459e+00  4.84031006e+00  5.44593380e+00
  2.60608689e+01 -1.73791269e+01 -1.59657612e+01  2.89790938e+01
 -1.68134816e+01  3.54234998e+01  1.36172471e+01  4.65696884e+01
  2.53627898e+00 -1.92022018e+01 -2.51554157e+00  1.20978690e+01
 -1.35891213e+01 -1.49783283e+01  1.62446747e+01 -7.40199923e+00
 -2.70245978e+01 -5.06107062e+00  2.70944627e+01  1.20132877e+01
  5.95854565e+00 -3.76685133e+01  2.41494769e+00 -1.83118551e+01
  3.24792380e+00 -5.46259109e+00  2.15395119e+01  8.50094792e+00
  7.95480707e+00 -8.43155388e+00  2.59339376e+01  4.03953908e+01
  2.45026355e+01 -1.56673659e+01  5.94134735e+01  2.13248555e+00
  3.50491626e+01 -2.32654516e+01  1.45369909e+01  1.69807099e+00
  1.14925392e+01  1.65850540e+01 -3.80085482e+01  2.09324379e+01
  1.31798953e+01 -2.81115073e+01 -1.12137827e+01  1.55474647e+01
  5.74018607e+00 -3.32270526e+00 -7.48700625e+00  5.31240230e+00
  2.94752332e+01 -3.02058514e+01 -4.43244992e+00 -1.26298952e+01
 -3.54959350e+01 -1.07537386e+01 -7.08345106e+00 -2.35535822e+01
 -6.46422768e+00 -8.18161678e+00 -1.03192522e+01  2.54259853e+01
  1.58902388e+01 -2.92475535e+01  2.16542702e+01 -4.45429172e+00
 -1.23181778e+01  2.03193791e+01 -5.37122550e+01 -1.70723300e+01
  7.46091753e-01  1.57015856e+01 -5.29586896e+01  7.82201111e+00
  1.59223107e+01 -1.27710672e+01 -4.67374901e+01  2.44286353e+01
  7.62996707e+00 -2.20338394e+01  2.76454524e+01 -3.92507412e+01
 -1.29347944e+00  4.58813346e+00  9.50315469e+00  2.92067999e+01
 -2.68944042e+00 -3.25503250e+01 -2.94421712e+01 -7.65426063e+00
  4.22621003e+00 -2.04420841e+01 -8.27717473e-01  2.30738582e+01
  1.03665612e-01  6.19686715e+00 -6.71482930e+00 -1.61501594e+01
 -1.01521655e+01 -1.65724523e+01  7.28603741e-02  2.38040524e+01
 -1.57392678e+01 -1.62824965e+01 -4.08594279e+01 -8.22064510e+00
 -7.13134891e+00  1.30729423e+01 -6.49961986e+00 -1.45690430e+00
 -1.47399719e+01 -9.01231690e+00 -4.50759636e+00  1.78672588e+01
  2.72456055e+01  2.64143021e+01 -2.76984338e+01 -4.38136562e+00
  6.08614510e+00 -2.67478892e+01 -4.30681165e+01 -5.78307832e+00]