[-2.82108405e+00  7.15932519e+00 -5.29842161e+00 -2.65282310e+00
  9.50475620e+00 -4.74571581e+00 -1.96722147e+01 -3.97891158e+00
  1.52537079e+01  4.35924178e-01 -6.44884237e+00  6.95960864e+00
  1.35884461e+00  7.76436448e+00 -1.92541518e+01  6.02349994e+00
  1.62414103e+01 -2.60285453e+01 -2.03458004e+01  1.76076979e+01
 -8.65983949e-02  8.69264950e+00  3.75119988e+01  1.27584688e+01
 -7.27830161e+00  9.20199307e+00 -1.73673057e+01 -1.49798140e+01
  1.60030439e+00 -4.34907157e+00  1.43039768e+01 -1.57951367e+01
 -1.31158766e+01 -1.10245608e+00  8.06009596e-01  8.07300303e+00
  8.00383490e-01  4.03403828e+00  1.42095939e+01  8.40784812e+00
  2.78635339e+00  8.25943391e+00 -6.29586924e+00 -3.53450604e+00
 -9.54345624e+00  7.78759037e+00  8.10578413e+00  2.98976537e+01
 -1.13704585e+01  4.28596549e+00  6.42656914e+00 -1.65477123e+01
 -1.80375691e+00 -1.70582826e+01 -1.87416809e+01 -2.50605610e+01
 -1.01483413e+01  7.37728536e+00  4.75221598e+00  7.52772827e+00
 -9.53857151e-01 -9.96358275e+00 -9.56386176e+00  1.28426314e+01
 -2.86072085e+01  3.82936458e+00  1.07433261e+01  8.18355897e+00
 -1.39655885e+01 -1.13602907e+01  2.60470818e+00  1.52252952e+01
  1.32832162e+01 -1.98818022e+01 -1.51654402e+00  1.83670740e+01
 -2.05047661e+01 -6.02957327e-04  6.05056193e+00  5.53351363e+00
  1.29586372e+01  4.12974084e+00  3.95971836e+00 -3.03977663e+01
  1.13033020e+01 -8.48286092e+00 -5.33600348e+00  7.42318816e-02
 -6.00825517e-01 -4.67771191e+00  7.39179222e+00  6.73577858e+00
  4.48589176e+00  7.89911925e+00  4.86253338e+00 -4.53375259e-01
  1.42632462e+01  1.97498463e-01  2.11412598e+01 -6.34204704e+00
 -4.17267333e+00 -1.55509799e+01 -2.04241180e+01 -8.26496128e+00
  6.78661704e+00 -2.42080136e+01 -1.08423567e+01  1.04136152e+01
  7.86714465e+00 -1.73314760e+01 -2.48719177e+01  1.68313899e+01
  1.21660798e+01 -1.58024552e+01  6.67921813e+00 -1.40775039e+01
  1.77634557e+01  1.20162190e+01 -1.50236625e+00  9.22074971e+00
 -1.21766916e+01  7.18514601e+00 -1.45590760e+00  1.85746989e+01
  1.43766853e+00 -2.21038270e+01 -1.35113483e+01  3.09094627e+00
 -1.33983063e+01  1.94371810e+00  2.11422606e+00 -8.55944491e+00
  1.15911049e+01  3.26117250e+01  9.99051002e-01  1.40802405e+01
 -6.15889574e-01 -8.20681087e+00  8.97418135e+00  2.73272301e+00
  1.44100137e+01 -2.14048811e+00 -2.29561165e+00 -5.05866128e+00
  8.40140422e+00  2.72211373e+00  6.47245855e+00  2.35338630e-02
  6.98126286e+00  1.78449875e+01  2.41520080e+00  1.33385024e-01
  1.54409599e+01 -1.22972524e+01  5.00572158e+00  6.79993842e+00
 -1.10991323e+01  2.06770860e+00  3.32242052e-01 -1.85673573e+01
  7.01448764e+00  2.95925610e-01 -5.13540555e+00  1.30179545e+01
  7.75173800e+00 -2.66827360e+01  3.84371725e+00 -3.59746078e+00
  3.89852734e+00  8.94211851e+00 -9.39937371e+00 -7.58597729e+00
  2.10443761e+01 -3.54944825e+00  1.55395267e+00  2.07423022e+00
  1.63175453e+01 -8.12743784e+00 -1.04087468e+01  1.64730323e+01
 -9.81921032e+00  2.06490008e+01  7.92069747e+00  2.67011835e+01
  9.92013332e-01 -1.16344778e+01 -1.06715677e+00  8.30042174e+00
 -7.24847501e+00 -1.01706035e+01  9.64144165e+00 -4.88814955e+00
 -1.66325893e+01 -3.44731061e+00  1.79472905e+01  7.06577974e+00
  4.82454661e+00 -2.07640840e+01  6.52291608e-01 -1.22706361e+01
  1.31451173e+00 -3.77780896e+00  1.31800238e+01  7.27400552e+00
  4.96360445e+00 -5.40708375e+00  1.46636285e+01  2.43315558e+01
  1.62122136e+01 -9.25474202e+00  3.50081235e+01  2.50510157e+00
  2.18085704e+01 -1.43141243e+01  7.79197169e+00  2.59945127e+00
  6.10633759e+00  1.00300101e+01 -2.32735092e+01  1.34726507e+01
  7.91315958e+00 -1.59480538e+01 -4.56994885e+00  9.57773332e+00
  3.86548641e+00 -8.56999575e-01 -3.71004241e+00  1.48105068e+00
  1.61316267e+01 -1.61580046e+01 -1.70907784e+00 -7.96917128e+00
 -2.06082017e+01 -6.04104969e+00 -4.51601777e+00 -1.29868038e+01
 -3.97677117e+00 -5.16537506e+00 -6.42448229e+00  1.45279981e+01
  7.85324563e+00 -1.74539852e+01  1.33708514e+01 -1.65975331e+00
 -7.13376642e+00  1.13913793e+01 -2.96586669e+01 -9.39083747e+00
  1.55536923e+00  1.06255920e+01 -2.96490531e+01  3.72006467e+00
  1.01258434e+01 -8.08190317e+00 -2.69144846e+01  1.58662714e+01
  3.75024524e+00 -1.20710568e+01  1.61963780e+01 -2.25014959e+01
 -1.32741215e+00  2.25760006e+00  5.74402570e+00  1.61040214e+01
 -1.83831879e+00 -1.76834098e+01 -1.71958436e+01 -5.42210642e+00
  1.68555075e+00 -1.15343172e+01  7.76328981e-01  1.42317134e+01
  2.67244346e+00  3.80256996e+00 -3.79773434e+00 -8.83197407e+00
 -7.61220135e+00 -1.17458868e+01  5.99513651e-01  1.53022830e+01
 -6.92360150e+00 -9.39258085e+00 -2.36139596e+01 -3.43818589e+00
 -5.09598438e+00  7.39380432e+00 -4.98540936e+00 -1.28676817e+00
 -8.48461073e+00 -5.85565936e+00 -3.03767212e+00  9.94909205e+00
  1.54957913e+01  1.68012360e+01 -1.63214499e+01 -2.32993735e+00
  3.04053277e+00 -1.48255906e+01 -2.60444801e+01 -2.01358748e+00]