[ -1.90806382   8.26364711  -8.41443878  -6.12146274  17.93774818
 -15.9360599  -46.03551681  -9.54469461  30.34856496  -1.71087975
   0.24092538  14.85882678  -3.53715317  23.59673758 -48.64487953
  13.33461145  33.24233073 -64.18818203 -51.34111087  45.05144734
   4.69305934  20.67262223  84.79589544  29.10180869 -20.17899844
  17.56314512 -43.58520647 -41.64177431   4.49332601 -15.73681104
  24.74211    -31.53153422 -32.87648168   1.30954449  -2.6876295
  19.93566155  -3.40551625   7.7338134   38.26356836  27.87956906
   6.2350992   19.3161288   -9.62135389 -15.49078241 -22.8613764
  23.05272072  22.58905222  69.14088194 -26.98762323   8.81620348
  12.15557054 -36.20927752   0.70230201 -41.52787209 -47.33654897
 -58.92237888 -21.62170767  24.8004994   10.04469177  20.974216
   0.27481888 -23.41486647 -22.05944611  27.30166545 -68.55790132
   3.77843687  20.34622731  14.72093686 -39.40201766 -25.16434004
   6.19049422  34.85954433  29.5153802  -52.35199472  -2.96075034
  38.89144466 -51.91723057  -1.20224163  14.7832807   16.04534567
  33.18719308   6.12194116  12.66599072 -72.90320072  31.29996218
 -17.22256992 -12.12183895   9.74118521   0.08884772 -14.72589607
  14.08415161  19.08045416  10.32007435  18.76771419  15.47094697
  -3.34241423  29.59227463   8.23708806  45.75953617 -10.86011997
  -7.89628587 -35.04769701 -46.6248391  -19.67087314  21.21104591
 -53.41840694 -30.48560295  22.17159477  12.75926906 -40.12461635
 -51.48061926  40.9798207   19.82100465 -34.81735681  11.60206069
 -24.46634705  40.28349681  23.59682228  -2.61809717  18.02586767
 -31.8961856   19.74075556  -2.50927763  36.10543037   4.28873048
 -54.14313297 -37.27247012   5.72963284 -33.46863902   6.71434781
   5.05856099 -12.61145176  27.19871039  72.82005526   7.52542054
  40.24633314  -9.80911233 -20.97884619  23.97927385   0.11956134
  34.08958432  -5.45495981 -12.09317708 -12.76269521  20.4099025
   6.23830962  11.80604223   4.98225743  13.67631911  41.01756374
   3.30591832   8.1640898   31.29219989 -31.25268463   5.60021686
  18.24002042 -27.11753499   0.27052893  -4.6954201  -35.88733871
  20.53770971   2.01451323 -13.09383543  25.89191812  14.88171309
 -54.69338412  15.44946175 -10.90938088   5.8267199   27.46983502
 -25.39692816 -22.74963253  58.13823853 -12.23648842   7.40763439
   2.57758871  39.26036278 -19.82578211 -19.796474    41.44723469
 -20.50880485  52.15340647  12.54344735  60.74215507   7.79104294
 -27.52453899  -5.7104227   17.36175952 -21.83239365 -24.16416389
  24.52786913 -13.18048095 -38.81550967  -6.91554851  35.88490564
  14.64941735  15.21976911 -54.50128265  -2.90934159 -24.17046472
   3.86919698 -10.22106509  28.39638923  17.07876743   4.86295201
 -13.27050877  42.08707514  58.46494801  37.95014429 -25.74002562
  74.5768795    2.42460424  54.20205733 -33.7388263   18.50833989
  -2.81060012  19.17302531  20.80356549 -49.34868543  33.08484413
  22.48757891 -37.97225322  -8.22637132  21.90753734  12.31744539
  -4.01587504  -5.40027183   0.22932498  35.46812973 -38.91219822
  -0.15206768  -7.82876995 -41.23316178 -16.94455065  -6.27839936
 -32.07098667  -9.86598452  -4.40684007 -12.25832602  37.61146295
  25.35972553 -42.52767664  36.14903952  -6.99493705 -14.34031672
  30.8977961  -71.16764366 -27.60423846   2.76018981  26.30473451
 -69.63223823  13.30292952  30.04914896 -15.30028664 -60.1026166
  33.54216949  10.03574088 -24.2005526   41.61288541 -55.45956363
  -6.581596     4.10851959  15.18047103  40.06922184  -1.54377214
 -45.69035077 -36.49889496 -11.38588454  11.39520529 -31.48329864
   4.96897728  26.33208201   0.10808323  -1.22944678  -9.00752883
 -18.95430682 -17.58859497 -18.35805893  -8.15158954  30.03623306
 -14.73091665 -19.73835696 -52.35700785 -12.9712491  -12.68753603
  20.34654432  -9.20521809  -2.93010982 -16.71821211 -17.63878843
  -0.74777576  30.49206035  27.08694515  31.8314789  -37.75086315
 -13.14484293  -0.36333024 -39.1599048  -63.20185566  -3.13656467]