[-4.68812659e+00  6.93374798e+00 -7.84219063e+00  9.29379834e-01
  1.64850060e+01 -5.45224714e+00 -3.34780149e+01 -4.89504402e+00
  2.23333242e+01 -1.80604976e+00 -9.94440479e+00  7.43957114e+00
 -3.13822953e+00  1.36265905e+01 -3.57008631e+01  1.39445017e+01
  2.38131997e+01 -4.30725533e+01 -3.28305420e+01  2.53761916e+01
 -9.98943964e-01  1.21474140e+01  6.01182818e+01  2.47434751e+01
 -1.30020287e+01  9.55151087e+00 -2.83276599e+01 -2.86849293e+01
  2.31210077e+00 -6.18156835e+00  2.31580773e+01 -2.48378321e+01
 -1.58973693e+01 -6.91187849e+00  2.31613140e+00  1.54206012e+01
 -7.65635414e-01  8.29907355e+00  2.37089031e+01  1.73670669e+01
  5.28676502e+00  8.45284223e+00 -1.07787965e+01 -3.70664099e+00
 -1.62338573e+01  8.14775089e+00  1.52001967e+01  4.70113007e+01
 -1.72341222e+01  6.44967981e+00  6.28704302e+00 -2.69258162e+01
 -3.60444890e+00 -2.77327971e+01 -2.49951013e+01 -3.86771409e+01
 -1.42804819e+01  1.07975000e+01  5.58212347e+00  1.04410613e+01
  1.70013051e+00 -2.17474965e+01 -8.61627409e+00  2.02905109e+01
 -4.18172670e+01  2.74569300e+00  1.49589026e+01  1.23650654e+01
 -2.36961429e+01 -2.02334781e+01  6.16123378e+00  2.31271369e+01
  2.02994283e+01 -3.09191507e+01 -4.69229134e+00  2.79033190e+01
 -2.94135562e+01  2.16261152e+00  1.25833710e+01  9.68523050e+00
  2.38506057e+01  5.52767609e+00  4.87552410e+00 -5.21372911e+01
  1.70225120e+01 -1.16059108e+01 -9.49311254e+00  4.85227661e+00
  3.03960790e-01 -7.17592272e+00  1.19502758e+01  9.67697864e+00
  5.70087568e+00  1.79979766e+01  6.69517147e+00 -6.30183801e+00
  1.98501580e+01 -1.51574340e+00  3.06598358e+01 -6.27670839e+00
 -5.79737289e+00 -2.52856533e+01 -3.42874660e+01 -1.43062553e+01
  1.11049577e+01 -3.49861458e+01 -1.52752519e+01  9.80692908e+00
  8.69835075e+00 -2.79220689e+01 -3.85307208e+01  2.39002693e+01
  1.78411765e+01 -2.35609723e+01  1.24078167e+01 -2.48416512e+01
  2.63857239e+01  1.88116131e+01 -1.28776584e+00  1.19613018e+01
 -2.34260506e+01  1.19480268e+01 -4.96383358e+00  2.68864778e+01
  2.69038765e+00 -3.08187888e+01 -2.63266177e+01  2.27483937e+00
 -1.93143113e+01  4.58305532e+00  2.39452058e+00 -1.24580008e+01
  2.02045532e+01  4.80835736e+01 -5.96589250e-01  2.15614465e+01
  3.72342370e-01 -1.26492194e+01  1.48621223e+01  4.28461030e+00
  2.00139525e+01 -4.02411072e+00 -3.15886555e+00 -1.16774701e+00
  1.47057286e+01  3.00535701e+00  9.15035457e+00 -3.93091923e+00
  9.57518939e+00  3.24968705e+01  4.54830584e+00  3.02910505e+00
  2.12068809e+01 -2.22491836e+01  3.74807292e+00  1.17512450e+01
 -1.74706065e+01 -1.65839455e+00  2.70561724e+00 -2.47883189e+01
  1.19221285e+01  9.57331971e-01 -1.09540464e+01  1.55867069e+01
  1.27407664e+01 -4.05705829e+01  7.56509494e+00 -6.67987120e+00
  6.29112878e+00  1.76212785e+01 -1.50725557e+01 -1.14868771e+01
  3.52187450e+01 -8.60900864e+00  2.74171492e+00  6.08889642e+00
  2.22547168e+01 -1.89062600e+01 -2.09802959e+01  2.72450574e+01
 -1.83090995e+01  3.49120398e+01  8.23544894e+00  4.12083430e+01
  4.89097568e+00 -1.90725655e+01 -2.55366158e+00  1.14774422e+01
 -1.31187464e+01 -1.20100928e+01  1.43340782e+01 -7.34963358e+00
 -2.53642337e+01 -7.04430532e+00  2.45383017e+01  1.34043967e+01
  5.35849541e+00 -3.17532295e+01 -3.23729825e+00 -1.78550162e+01
  6.26051210e+00 -7.30362019e+00  2.09464980e+01  8.91344439e+00
  1.33023641e+00 -8.37342566e+00  2.39038994e+01  3.87250752e+01
  2.48080947e+01 -1.61771600e+01  5.19787448e+01  1.77997210e+00
  2.94547347e+01 -2.10333040e+01  1.11641569e+01  2.82707273e+00
  9.57440601e+00  1.31106567e+01 -3.30590711e+01  2.51130853e+01
  7.78139433e+00 -2.58158298e+01 -8.53260616e+00  1.39707285e+01
  9.22346739e+00 -1.42614056e+00 -5.48132686e+00  6.36999420e+00
  2.94503770e+01 -2.42046333e+01 -1.07575412e+00 -4.72578711e+00
 -3.39952516e+01 -9.04296976e+00 -4.17928498e+00 -1.98533863e+01
 -7.52649101e+00 -8.74580752e+00 -5.80661624e+00  1.99322810e+01
  1.49733922e+01 -2.71047239e+01  2.02807819e+01 -5.38154236e+00
 -1.16298609e+01  2.04392899e+01 -5.01639562e+01 -1.84498373e+01
  4.55412000e+00  1.56958553e+01 -4.78619752e+01  3.50659489e+00
  1.46782216e+01 -1.14079775e+01 -4.08365124e+01  2.25229781e+01
  4.86535225e+00 -2.05368829e+01  2.55633927e+01 -3.39484811e+01
 -8.70261779e+00  2.29603259e+00  1.37253603e+01  2.70002799e+01
 -3.27560547e+00 -3.45016606e+01 -3.01640671e+01 -1.16405833e+01
  5.62548445e+00 -1.84388939e+01  5.06731237e-01  1.62969738e+01
  1.37157928e+00  1.89987304e+00 -9.15180708e+00 -1.36362837e+01
 -9.14504256e+00 -1.46015868e+01  4.83964029e-01  2.19112654e+01
 -1.44290098e+01 -1.23295356e+01 -3.95231361e+01 -6.73604265e+00
 -3.93861816e+00  9.76196888e+00 -5.09629956e+00 -1.47755825e-02
 -1.38079517e+01 -1.00106067e+01 -6.17851686e+00  2.04214785e+01
  2.73019850e+01  2.54481745e+01 -2.58255457e+01 -2.80274506e+00
  5.55511521e+00 -2.61415334e+01 -3.82187980e+01 -6.47258297e+00]