[ -6.10571859  10.42096391 -12.91002794  -2.28305887  21.30716245
 -12.76479819 -53.56824557 -12.50669826  38.3552256    0.8613141
 -13.22915696  13.62273365  -7.33921743  21.09330492 -54.24014838
  17.14003211  38.25574652 -68.02866426 -53.5577982   46.62050436
   3.43755437  23.88321848  96.91751426  33.33424964 -20.73471997
  19.6445989  -43.36678491 -45.30393132   3.64436127 -11.07105784
  39.68641267 -38.5731179  -29.51897908  -3.53653135  -0.7932337
  23.58975782   0.31907631  10.80604362  41.15731132  27.00996798
   6.78897626  18.11377092 -16.07219043  -9.38827186 -31.30927637
  21.5536387   23.48539372  74.59175893 -30.16516387  11.45435819
  15.75203982 -41.62466164  -4.59969866 -45.92522084 -46.42815868
 -63.84117603 -23.38772804  20.08761659  11.63994136  20.59949826
   1.24407664 -32.94730385 -21.24909557  33.43325587 -72.13037633
   6.87320832  24.98550747  16.60986304 -37.67898751 -27.32609874
   7.0269593   39.11526621  33.45859264 -52.79683742  -4.99602252
  46.69590505 -50.95814583   1.53669037  14.86390583  14.73608995
  36.01085485   7.3076205    9.05892553 -81.30757604  29.92029458
 -21.0710451  -17.91618902   3.87674251   1.63980162 -14.67677983
  17.63141673  17.58377448  10.55162533  26.44847436  14.56746145
  -3.71107708  33.24889832   4.30222273  49.75356805 -10.36848429
 -11.59382133 -40.39550303 -52.57000815 -27.23371722  19.24758446
 -58.49377835 -26.36641041  22.56413843  15.93372454 -42.58951417
 -64.1839878   39.95296365  29.41510755 -38.38866986  14.71453911
 -35.03369258  44.38669026  28.32799173  -4.99640508  21.66719536
 -37.01087522  17.48063851  -6.67912692  44.07942636   3.44943512
 -56.0677123  -41.74542454   5.19547101 -34.05350873   5.61033802
   5.14556404 -18.67229279  33.39632775  82.73273517   1.8139508
  39.30311366   0.66698329 -21.76712938  25.95443234   5.73456288
  37.48780257  -6.33244159  -8.87212627  -9.09047786  24.80372997
   9.87738232  14.14262869   0.65772508  16.44947481  46.9992636
   7.85873938   5.31484774  38.456578   -35.13574108   6.87982876
  20.260562   -31.66789217  -0.59144768   0.58875152 -40.85986192
  17.95120283   2.9731245  -16.7949105   30.90652795  18.53715491
 -65.51865431  12.2431475  -10.81242494  10.53753508  26.44738802
 -27.56686277 -21.44552073  59.80776185 -12.45514182   5.03022159
   8.50361135  41.68414273 -25.45225536 -30.46007089  43.38803664
 -26.40522672  54.38607542  13.78079613  67.41117174  11.02277161
 -27.7024409   -3.95159516  18.45364544 -21.95053728 -24.00708663
  21.63102293 -13.24677876 -41.90258947  -6.75798723  41.22672478
  16.55843666   9.7432662  -56.96394435  -4.69276518 -29.44713626
   8.2745563  -11.87076967  32.52505987  16.90932078   8.46372498
 -16.50374039  42.81656694  63.80707388  43.70954949 -25.02344108
  85.6720778    5.42547238  54.09572293 -35.09454077  18.75120916
   4.31585424  14.78671903  25.25156837 -54.82828207  37.54800543
  22.24831534 -40.97607181 -10.40871734  23.00791898  13.49359389
  -4.94608265  -8.65817334   6.25028091  43.27287634 -43.29633291
   1.08811804 -13.02316577 -52.92147321 -18.15095282 -10.65416639
 -33.6335721  -12.07582396 -11.29970669 -12.30405255  36.15411118
  25.32991952 -42.33393919  37.54426355  -9.30362603 -17.88864916
  31.59558446 -79.01800127 -29.34913385   6.30702403  23.05149912
 -80.1580464    9.57032298  25.20013933 -16.99810049 -68.41014569
  37.5838047    9.38448636 -31.40356473  41.69686615 -58.15407764
  -6.79575657   6.41002815  18.48371064  42.4852285   -4.29606132
 -48.78170178 -46.01213885 -11.19580345   8.18304401 -32.33175885
   2.46953526  31.49826077   1.71539415   2.31698704 -11.09795453
 -19.08233648 -18.73153304 -25.54700728  -2.32377867  34.40491972
 -21.80969229 -22.7557774  -61.99267843 -12.25244303 -10.30989147
  19.28846447 -10.21143678  -4.0730453  -21.05327212 -18.08983844
  -6.25796938  33.26362128  42.102172    37.99297722 -40.25545179
  -6.59587147   3.51488448 -39.68611602 -68.47312747  -7.29466389]