[-8.41176900e+00  1.97144261e+01 -1.60247184e+01 -4.67616713e+00
  3.06136879e+01 -1.46338619e+01 -5.98069605e+01 -1.20342931e+01
  4.80357759e+01 -4.49145416e+00 -1.84198459e+01  2.07372025e+01
  8.55607516e+00  2.31104813e+01 -5.96392162e+01  1.21002967e+01
  5.36374067e+01 -8.36849628e+01 -5.91977278e+01  5.42999152e+01
  3.42289358e+00  2.96522019e+01  1.13374735e+02  3.86271904e+01
 -2.24206490e+01  3.06488581e+01 -5.35404041e+01 -5.09173408e+01
  4.81769053e+00 -1.69761420e+01  4.19978597e+01 -4.64552171e+01
 -4.58634685e+01 -7.73203826e+00  5.04353175e+00  2.47971137e+01
  1.85886208e+00  1.35761016e+01  4.39648902e+01  2.66525199e+01
  9.95655719e+00  2.11263123e+01 -2.22375565e+01 -1.40209994e+01
 -2.85897459e+01  2.30914515e+01  1.92239546e+01  9.34277651e+01
 -3.24424397e+01  1.38718489e+01  1.89859935e+01 -5.10431709e+01
 -6.09820317e+00 -5.58029285e+01 -5.81447865e+01 -7.77979740e+01
 -2.93067686e+01  2.49301372e+01  1.51790687e+01  2.31965275e+01
  2.85808406e-01 -2.94125831e+01 -3.16394118e+01  3.57675518e+01
 -8.86349678e+01  9.45312271e+00  3.27076687e+01  2.67180206e+01
 -4.69072890e+01 -3.48877472e+01  7.55071885e+00  4.57349737e+01
  4.20965932e+01 -6.00326336e+01 -7.35164024e+00  5.76511988e+01
 -6.81834117e+01  5.25051914e-01  1.79921709e+01  2.06916272e+01
  4.21579636e+01  1.30539327e+01  1.44246488e+01 -8.99007006e+01
  3.18231667e+01 -2.53260234e+01 -1.72462867e+01  1.10403595e+00
 -3.49265856e+00 -1.75794336e+01  2.15953730e+01  2.36693540e+01
  1.53415609e+01  2.19133685e+01  1.65792839e+01 -2.39494956e+00
  4.61172935e+01 -1.34216885e+00  6.99912260e+01 -2.42344134e+01
 -1.78100354e+01 -5.04076731e+01 -6.49664988e+01 -2.83447753e+01
  2.18113311e+01 -7.40408842e+01 -3.60106418e+01  2.86321506e+01
  2.39894104e+01 -5.48651799e+01 -7.93190921e+01  5.47871461e+01
  3.98425687e+01 -5.07184477e+01  2.41450278e+01 -4.08713769e+01
  5.92666671e+01  4.03184812e+01 -6.44982992e-01  3.00103495e+01
 -3.90434693e+01  2.27822125e+01 -8.43494211e+00  5.51926109e+01
  8.28789376e+00 -6.83020994e+01 -4.46002203e+01  1.01925983e+01
 -4.15879191e+01  6.33334463e+00  3.51999662e+00 -2.42817284e+01
  3.46585863e+01  1.01080277e+02  2.78726583e+00  4.41215241e+01
  4.02237964e-01 -2.52579202e+01  2.82302131e+01  7.06268653e+00
  4.50229513e+01 -4.96872794e+00 -8.94878517e+00 -1.76473212e+01
  2.65986286e+01  7.97825885e+00  2.44268315e+01 -3.27801106e+00
  2.12549081e+01  5.89084374e+01  6.13505918e+00  1.87293920e+00
  4.59688361e+01 -4.07477799e+01  1.54833679e+01  2.25440831e+01
 -3.38827233e+01  4.44280763e+00  6.24378942e-01 -5.67215686e+01
  2.14309996e+01  3.16527258e+00 -1.65155055e+01  3.39052550e+01
  2.26941299e+01 -8.11723918e+01  1.30640634e+01 -1.05497320e+01
  1.17808356e+01  3.00347421e+01 -3.06855860e+01 -2.80443841e+01
  6.58261474e+01 -9.29447538e+00  8.92918571e+00  6.75155634e+00
  4.87409509e+01 -2.73883271e+01 -2.88036748e+01  4.96644376e+01
 -2.88340367e+01  6.72487402e+01  2.42315661e+01  8.25164321e+01
  4.28300490e-01 -3.79075805e+01 -2.15595854e+00  2.44837602e+01
 -2.04879351e+01 -2.99974111e+01  3.26363533e+01 -1.53905661e+01
 -5.15909937e+01 -8.62673585e+00  5.74098768e+01  2.53676456e+01
  1.50651856e+01 -7.01065336e+01  5.21714854e+00 -3.71068564e+01
  4.44119918e+00 -7.84219580e+00  4.06882782e+01  1.74848356e+01
  1.50293324e+01 -1.58619725e+01  4.61981294e+01  7.38217994e+01
  4.54425944e+01 -2.72256789e+01  1.10041538e+02  5.99050555e+00
  6.80506639e+01 -4.38207092e+01  2.69758720e+01  4.29728408e+00
  2.62031877e+01  2.92332459e+01 -6.94665051e+01  3.65850672e+01
  2.44353038e+01 -4.91020177e+01 -1.77399548e+01  3.08161287e+01
  1.27301934e+01 -4.56738100e+00 -1.51381129e+01  3.41661960e+00
  5.23249390e+01 -5.06557347e+01 -9.90486467e+00 -2.38941789e+01
 -6.23157890e+01 -1.53302590e+01 -8.07318583e+00 -4.05318482e+01
 -9.65625308e+00 -1.28786073e+01 -1.85042682e+01  4.83198547e+01
  2.53128616e+01 -5.70138222e+01  3.86919854e+01 -1.01206963e+01
 -1.93909234e+01  3.65603946e+01 -9.24867594e+01 -3.01449397e+01
  2.00653392e+00  3.07996359e+01 -9.28774915e+01  1.07790197e+01
  3.09787467e+01 -2.31648172e+01 -8.37617444e+01  4.71649261e+01
  1.57669917e+01 -3.97321409e+01  4.93687086e+01 -7.09143802e+01
 -3.56738062e+00  7.39009839e+00  1.31961748e+01  4.83563952e+01
 -4.87041096e+00 -5.76685543e+01 -4.89583842e+01 -1.91826471e+01
  7.14668944e+00 -3.60826651e+01  4.82873024e-01  3.91845873e+01
  5.86013874e+00  9.96927421e+00 -1.15303212e+01 -3.05443856e+01
 -2.39910573e+01 -3.13762766e+01  1.11949764e-01  4.56592715e+01
 -2.38190520e+01 -2.87838295e+01 -7.23400056e+01 -1.48298960e+01
 -1.89280201e+01  2.28601274e+01 -1.57867895e+01 -7.12728427e-01
 -2.68211396e+01 -1.72685480e+01 -5.47209301e+00  2.79387839e+01
  4.68719967e+01  4.95599245e+01 -5.13394896e+01 -6.48000872e+00
  1.13044002e+01 -4.80432273e+01 -7.94308756e+01 -8.51111819e+00]