[ -6.51306417   8.6406351   -6.71287619  -8.67014501  21.8286985
 -12.44675006 -42.10887355 -11.75851217  34.48415509  -4.63983794
  -4.00250724  16.64817721  -3.34312096  21.89291651 -45.94955006
  10.40543545  32.66281001 -60.53411621 -43.51017748  41.98983249
   2.88367452  17.33964418  79.15782436  27.05774644 -16.39201591
  17.77280671 -42.02931806 -39.44077611   4.18991493 -12.37540377
  22.65260215 -29.68075407 -27.53623537  -0.82277585  -1.41399029
  16.14023695  -2.04995444   8.38496114  34.3199058   25.86702297
   9.6790736   17.29652189  -9.83120846 -14.719884   -22.50375877
  18.97580227  22.5086516   66.03586522 -23.96171816   8.21617821
   9.36023038 -34.5494111   -0.30613886 -40.06723406 -43.15955903
 -55.65002461 -16.33450375  21.23325782   5.72684889  15.60016485
   1.00701029 -19.87608648 -21.40087618  22.32227979 -60.47138126
   2.85597387  17.89637155  13.7236369  -37.67449523 -25.40277725
   9.68560361  32.21399265  25.58967126 -45.47873157  -2.31245811
  38.9331535  -49.60854817  -1.13036421  16.84450977  15.15768089
  30.84899694   7.24869686  11.60784337 -68.01299769  25.1736071
 -16.66920265 -10.54096845   2.17359782  -0.85074561 -11.87564317
  15.90011244  18.41370258  12.47306746  17.84502383  12.96757741
  -4.89003739  31.24400249   0.86571481  43.4025536  -13.50812796
  -7.64239795 -31.83105665 -44.66783102 -17.73747582  18.54491354
 -51.56204621 -30.27767824  19.71240972  13.88264755 -36.9297792
 -48.2001361   35.91897529  24.39037554 -35.42653055  16.13972855
 -26.84416985  35.60455021  23.31381924  -1.13822467  21.06217858
 -26.35189752  15.27678306  -3.6081659   34.92253848   3.82214301
 -50.44899724 -32.48492878   5.89699901 -25.92761374   6.01385837
   3.66725815 -15.55962566  22.93286901  71.53151112   5.00927419
  30.48569078  -9.87025336 -21.10397491  24.95399195   4.02571151
  33.85505319  -4.22718344  -9.48094176  -9.63870831  20.57210521
   4.92422931  14.84736373   1.51618285  14.8763459   39.61570619
   1.14451341   5.55705779  26.85671233 -30.71309311   5.07457137
  18.37619372 -25.1615072    1.61290963  -1.23826647 -36.73879278
  16.44664646   8.01200554 -11.14858606  25.88673041  15.76221215
 -47.94853756  12.85915651 -10.43909094   9.84860997  24.3234999
 -25.91193877 -21.86289299  49.91465291  -9.19339846   4.45732318
   8.60163045  32.77768202 -16.52057703 -19.42821212  37.8047714
 -21.73129762  46.61583111  11.36925607  56.45566343   2.63766369
 -27.79534615  -1.14666041  18.77678033 -19.71234586 -20.13080039
  23.25673233 -13.0142323  -37.83902757  -7.93956317  36.50541574
  17.56043574  13.16774349 -49.35522776  -1.90561987 -26.37815106
   3.95595972  -9.0007195   25.51888523  10.22238863   1.24597534
 -11.85862625  36.84535117  54.63944855  31.23071808 -23.04780913
  73.01358058   0.95094952  51.92532966 -26.49360632  17.25715945
   2.09380117  19.34156584  15.70400899 -43.49880512  27.62575021
  19.44635322 -32.96330718  -9.68724068  21.16328383  13.12052548
  -2.72674163  -6.99683664   1.93605317  36.79115464 -37.4906284
  -2.39476801 -10.87429033 -42.0060474  -10.85698523  -6.15676432
 -27.47551639  -9.57051689  -8.21765488  -9.91024126  32.43710051
  19.02959301 -41.99191326  31.60781651  -9.33852846 -11.73927964
  28.69538085 -67.1618904  -22.29920803  -0.48647539  20.23619965
 -64.11026655   8.13236604  26.06135686 -17.0812624  -55.96784899
  32.01852638   8.23645677 -25.85503319  35.07164922 -50.61448488
  -7.88772106   4.66652401  11.78456514  35.0954256   -4.23509578
 -39.8313971  -34.54236468 -11.6190114   11.39880226 -28.75392608
   3.61720169  23.48526232   1.42622794   5.05211501 -10.06127265
 -18.42159382 -15.22265498 -22.53787977  -3.30118805  32.04866671
 -15.88873179 -19.10286857 -49.68480175 -12.17556147  -6.72560026
  15.37959324  -6.59351077  -3.15478035 -17.17576007 -16.0893292
  -1.61252564  23.9226812   32.09183303  30.22272648 -34.54191394
  -4.64612582   4.45313083 -37.24534003 -59.27438978  -6.63299726]