[ -0.51461285   7.8146058   -9.54476485  -4.99820292  13.91786353
 -11.74660703 -31.9031607   -7.78004565  23.74639527   0.73115963
  -3.05756784  11.33999183  -0.78310459  16.68849583 -34.01777007
  11.02992839  26.96328189 -46.24145153 -38.09311078  33.23345506
   2.97100136  17.24378108  63.85403744  22.5734149  -15.01244391
  14.78423907 -29.75831758 -27.9206993    3.66986063 -11.91218641
  21.90618714 -24.46836322 -24.84345118   1.53712543  -1.34723756
  17.19780558  -2.06180785   5.30751017  27.05181437  19.98655999
   2.84812402  14.5401233   -8.11593061  -8.59606245 -15.2194426
  15.2067308   15.65136034  49.2859054  -18.67019972   7.29635988
   9.99223317 -29.31569547   1.21994509 -31.70889426 -34.89506343
 -45.38129116 -17.37003058  16.15605976   8.78990055  16.64882273
   0.09948696 -18.24619808 -15.36769555  22.71439822 -51.12600274
   4.35109739  17.29434595  14.18718645 -26.20351819 -16.39519054
   4.35356275  27.12936013  22.79305312 -36.76675949  -4.06156366
  29.61793374 -37.65532538  -3.48507832  11.84882103  11.56772095
  24.16042092   4.953244    11.30026496 -53.740922    22.60443331
 -14.621411   -10.12214612   5.11767264   0.24928876  -9.13584641
  10.58220402  14.7700724    6.30143042  13.8761599   13.11905239
  -1.79469775  23.21818261   4.27650691  34.43171862  -9.54117962
  -7.03358832 -26.37392005 -35.82696949 -14.46990768  14.68093796
 -39.21765768 -19.82298197  17.15207577  11.55871253 -28.99594434
 -39.23307803  30.27317798  15.7627329  -26.52725105   9.745909
 -22.10264839  30.44541291  19.49143145  -3.23835293  13.84056855
 -20.37295347  13.40997021  -2.43637331  30.04210964   4.75148418
 -41.1781565  -24.7316076    4.37731367 -23.28417665   4.12432679
   4.41050571 -13.95382716  18.62335499  52.56795525   3.66155699
  29.84766408  -6.61478077 -16.01859102  18.15073321   1.48634588
  24.11591649  -5.15967051  -8.27400801 -10.13471046  14.01708429
   5.16118911   8.66783073   2.41789621  10.42384067  29.86955695
   2.42641663   4.32289036  26.53381696 -22.70474638   4.96313112
  11.87258153 -18.91749499   1.40578532  -4.78760234 -25.4093279
  13.54927071   0.83769534 -12.2303463   19.54612428  13.69539261
 -43.80307378  10.73252689  -6.30949728   4.38942214  17.84355515
 -16.36441559 -15.43891887  41.4439855   -5.65733502   9.21951119
   0.6571446   29.7958278  -15.22677436 -15.42906563  30.69545083
 -15.68771197  37.30237078   8.31767089  45.16157327   4.78796204
 -16.88929743  -2.67689934  13.45072587 -11.98225326 -18.82786422
  17.98297651  -8.2486796  -30.15667097  -4.23870976  27.83733203
  10.93089153  10.21222889 -38.63470447  -3.19613654 -19.04243805
   1.13620512  -4.08410041  22.57484132  10.9055052    6.34290612
 -12.11633889  30.45631134  44.27911002  28.33743347 -18.27509315
  57.18408638   3.48168548  38.99999717 -24.50592068  13.01153073
  -0.29806972  13.98935361  14.56920994 -38.6068095   24.94864103
  16.81612581 -27.5866431   -5.23531354  16.58718624   7.87708903
  -4.21538512  -4.79039666  -1.84362018  26.51405522 -26.90883107
  -0.37978161  -7.17185026 -33.38427154 -13.02722496  -6.44581177
 -24.20371938  -7.69804369  -6.38446575 -10.54643566  27.60787801
  19.41363175 -29.41416257  26.20419301  -4.88681818  -9.98918729
  23.78499189 -51.55811638 -18.76326886   3.45621699  20.82743803
 -50.79006787  10.78993324  22.50416065 -11.11298104 -46.07778953
  23.74950611   8.16614332 -17.55552844  31.19375623 -40.97729955
  -4.33277108   0.28893262   9.75606592  28.93846914  -3.08584516
 -33.57238238 -27.09116853  -9.12970504   4.79801406 -22.95855043
   4.81061902  21.24423098  -0.87108547  -0.92554104  -6.12718037
 -13.57471401 -14.52810195 -14.61691756  -2.90442645  23.77852154
 -12.67678813 -15.37044494 -37.8588099   -9.89919711  -9.37770246
  16.31284322  -8.76301377  -3.96884757 -14.83853928 -11.86835032
  -1.02587142  23.81250844  19.26152271  25.28663566 -28.41036072
  -8.52600708   0.34753471 -29.21881933 -46.61803309  -1.93554139]