[ -4.93453214  10.09987155 -10.58721606  -0.63600379  18.30440094
  -7.3483246  -36.78596993  -7.86188078  29.60881316  -3.69269717
 -12.42734382  10.93123901   3.52831764  13.6628536  -38.36334183
   7.59203183  31.59068223 -49.97374909 -35.74811925  32.66374181
   3.05790896  18.55951628  67.33193551  24.87802767 -14.13468707
  15.53470535 -31.24179604 -33.23704307   3.28357008  -9.80456845
  28.97565403 -27.51886211 -25.8252666   -6.39581892   4.02409985
  15.66676387   0.52991488   8.24158886  28.47298623  16.15794583
   6.10527594  11.39010999 -14.31826822  -6.63373042 -19.63290312
  12.71401898  11.44283006  55.81641933 -19.63463053   9.64917675
  11.13457505 -31.12553189  -4.34212391 -32.61377529 -33.20690343
 -46.35097883 -18.71791011  14.23633119   9.62728331  14.51450543
   2.33758671 -23.02207356 -18.70766868  21.66974129 -52.54095294
   5.02011795  19.25290254  14.41337501 -25.64697828 -19.79807513
   5.42421256  26.21636843  24.30671085 -34.07954284  -4.92757048
  34.20482294 -38.70372439  -0.34654619  11.30577553  10.59134023
  26.91886951   6.24355967   6.67707316 -56.02826838  17.35804647
 -16.41018784 -11.32763741   1.71833951  -2.36165049 -10.2368148
  12.77926646  12.70608395   8.70518823  15.37242791   9.12847208
  -2.71363501  27.00976449  -1.66806848  41.28596243 -14.29553168
 -13.0357927  -29.47679696 -38.34046732 -19.55911191  13.43741961
 -41.9853904  -18.40977508  14.08001347  12.9202083  -31.59104344
 -49.6247376   31.10065913  23.04834436 -28.95325427  12.88531887
 -27.60364783  35.8728537   25.18185712  -0.20088288  16.70442497
 -25.28275808  12.33689874  -8.78084857  34.8761321    3.95403334
 -39.4301521  -29.35294939   2.78250616 -23.95466418   3.37431096
   0.91411174 -13.97740962  22.7839979   59.01046683   0.72532868
  26.00358667   2.57929206 -14.94509709  16.62403627   3.84554893
  25.94096135  -4.31104387  -5.94779518  -7.48083154  16.55931385
   3.90526359  13.86493421  -2.90059863  12.83173095  37.76957783
   6.55588686   2.60950828  28.31463566 -24.5251693    7.07560144
  13.3146515  -19.58283811   2.23191814   1.85253064 -31.83837836
  12.01076896   3.97634117 -12.34031577  16.46226396  14.45223325
 -48.63724263   6.42198076  -6.77594047   7.26704502  18.10747028
 -18.54152006 -17.01394742  39.670522    -5.85753358   6.92373999
   5.74594351  28.77542528 -19.73732984 -19.74446568  30.66452441
 -18.44405872  40.31393406  11.84661565  48.95537279   2.10216595
 -21.43355319  -0.87534203  12.45973306 -12.36806128 -15.55831503
  17.63350054  -9.82829778 -31.30350224  -3.80846474  31.58477646
  14.15425407   7.55812351 -42.13567279  -0.3363874  -21.09158983
   4.17972458  -5.34895311  22.80261992   8.46054896   7.70123482
 -10.25874308  27.74851708  45.29875115  26.17268908 -17.13078775
  64.62801544   2.11868592  38.64786027 -26.46290176  15.37702782
   1.8102867   13.66620018  19.36155963 -40.20762963  21.70903709
  12.47807901 -28.94315197 -12.3360592   18.99487783   7.70627962
  -4.36223821  -9.40128888   2.64195273  32.23922214 -29.77236637
  -4.88075204 -12.83064971 -39.10466048 -11.05580756  -4.28325985
 -24.04485628  -5.32260624  -8.90218507  -9.56754209  27.13475667
  15.91092513 -33.40023569  24.16140808  -9.15802696 -12.56953137
  22.95356294 -57.62020059 -18.02996832   1.13629625  16.47691161
 -58.93660322   4.71178697  16.9137063  -14.0230302  -51.36506204
  27.31802254   8.62445474 -23.7691918   30.40341762 -41.61191444
  -4.25024823   4.35851452  10.17447951  29.68051061  -3.89817494
 -37.06255767 -29.5077923  -10.75726024   3.45236986 -21.82337067
  -0.41823828  21.61426215   1.03826358   5.48235727  -8.65764537
 -17.79329578 -13.76029124 -17.76359367   0.76337421  26.45889686
 -15.5569457  -18.28533929 -44.54325575  -9.68385852 -10.998
  13.14528669  -8.15920836  -0.39618141 -14.89309173 -11.22455219
  -3.36357927  19.4990513   31.54012263  28.74583684 -30.71694358
  -3.30844668   6.39047798 -29.3427115  -46.83874895  -7.36980722]