[ -7.05858635   9.18518829 -11.35814576  -1.57748169  22.0552879
 -12.75626205 -51.74397972 -10.76049327  42.03869895  -1.26805136
 -13.3867648   17.19808215  -7.74974885  22.62682832 -54.79956967
  15.37077618  40.95596775 -68.37058384 -53.84205162  46.96538725
   1.93196936  22.59113231  98.40845667  34.5683425  -21.67357952
  21.1284946  -44.60854381 -49.55438678   3.51560519 -13.83230597
  37.28386146 -37.67627725 -30.72150305  -5.86265238   0.36880736
  23.03828508   0.84754098  10.81731588  41.78511442  30.31433574
   7.72287073  16.49158105 -15.25474672 -10.53985525 -29.17176577
  21.81390554  24.52848777  76.49540835 -28.50763793  11.98563252
  14.26504842 -39.86632138  -3.06631916 -47.74820007 -46.06606151
 -63.95316181 -22.62850765  20.03864271  10.54164847  19.71152362
   3.27287875 -31.57656559 -20.55768855  29.14977796 -73.05800134
   6.36335429  25.26833807  16.5434787  -37.80317526 -26.81209631
   9.34399439  36.45555665  30.82202123 -51.39688595  -5.94943615
  46.62601295 -53.90990953  -0.17151499  17.36946686  18.51432576
  37.31525527   8.44395237   9.17747702 -81.1750233   29.2424525
 -23.42769738 -14.83312793   2.25302112   0.5811638  -12.7291381
  19.02495898  18.48816274  12.89309501  24.73960255  15.02433893
  -5.7551357   36.52193158   2.25192739  51.49401625 -11.96589253
  -9.40730663 -40.1363616  -52.22608773 -25.44559388  22.38969089
 -59.39160465 -27.75166009  21.79038868  17.49693885 -42.24910367
 -61.70513881  40.72783152  29.80877468 -38.30903365  16.71071799
 -35.90850982  46.85414991  30.04967701  -4.39362033  22.08386988
 -37.06382638  18.74867779  -6.79120991  44.79077106   4.19714547
 -54.91035347 -40.72916386   5.09035313 -31.90308268   5.95719025
   6.07269453 -19.75389836  31.74829573  83.00999705   1.09726524
  38.40782016  -0.59946572 -23.01031877  29.13509529   3.27295987
  37.83948327  -5.44123376  -9.11471988  -9.02285421  26.21793565
   7.57911701  14.50718951   0.78650117  14.81031556  50.66748504
   4.09884632   6.58852637  39.52607887 -35.25839518   5.88724882
  18.32887401 -29.20204591  -0.69046528   0.89565872 -41.71814854
  17.14902038   2.96610623 -18.31367867  26.93150473  20.04134703
 -62.98777724  13.48512011 -10.83796727  11.76501823  26.46272404
 -26.1848268  -24.41158433  61.94055607 -11.32817667   7.22834165
   7.7026032   40.80609184 -25.55429747 -28.11405557  44.22966855
 -26.06401986  56.14150075  12.88524323  66.16050793   9.06466478
 -28.63419069  -4.44302092  17.82845518 -21.25577138 -24.43739379
  23.86553863 -15.34439588 -44.26126841  -6.34161668  42.51217652
  18.7287188   11.65201339 -57.14221458  -3.46240346 -28.77198185
   6.62892331 -10.26453903  29.46564674  12.15794101   5.79547646
 -13.96907488  42.96675135  65.96105866  39.55829991 -25.84323162
  85.41451052   3.74348421  56.89834168 -34.45717825  21.3471409
   3.55758498  16.7783952   21.59243095 -53.08863251  36.36158082
  18.50233064 -40.98644946 -11.19052787  24.30229285  14.27897763
  -5.0554945   -8.69992082   5.00941405  42.91647918 -44.28016646
  -3.79056154 -11.55583891 -53.01637641 -17.64670057  -5.82031525
 -31.7630461  -13.18322593 -12.64618388 -12.88821763  38.85662042
  23.47639468 -43.252131    35.87653469 -10.75933975 -16.72242973
  34.60375664 -80.65310369 -27.93753137   5.50866611  22.04331788
 -78.69680255   9.4928192   27.27011932 -18.0246716  -66.95620614
  36.83401682  10.99765837 -31.65043914  43.03394364 -57.70554471
  -9.25854493   5.83477614  18.02222218  42.40906374  -4.76383062
 -51.79239612 -43.94727141 -12.17105373   7.0136826  -34.79702418
   2.48440055  28.51433041   0.18481948   5.04422144 -10.7192995
 -20.84732799 -17.85085763 -25.51733756  -1.58786119  36.2461751
 -20.72535535 -24.49910763 -62.26491374 -14.29185097 -10.36232305
  18.74430881  -9.93156215  -5.01384214 -21.55588082 -16.98332793
  -3.29668804  34.2412965   42.00759169  37.87086798 -41.81166283
  -5.86688493   5.44549405 -42.25337305 -66.79842314  -7.62428884]