[ -8.99262179  14.94959296  -8.02850226 -10.96526815  29.55763244
 -13.44603377 -47.88471043 -12.67890827  41.04098861  -5.57200859
  -7.92897485  19.67175387   2.26115688  25.64543283 -54.0075703
  11.76765896  39.82071665 -71.15605621 -48.71705903  47.99829782
   1.71745312  19.31502643  92.67347302  32.97073891 -17.28739495
  22.37679806 -49.96828585 -43.56865645   6.46580779 -13.16276538
  24.91440253 -36.8306964  -33.83763219  -4.14993673   1.84802072
  17.96926946  -2.80810056   9.60169489  37.27399061  26.77407584
  12.14063243  20.73758316 -13.82455304 -16.12876472 -23.85393574
  18.67707137  23.48214167  80.2135259  -26.85782197   9.74918907
   9.15600079 -40.26394459  -1.96619144 -45.49250941 -49.45791638
 -65.99024377 -21.19775509  25.03801431   5.73575021  15.70432889
   1.20314148 -21.60096627 -25.43084279  26.45022914 -69.66236184
   1.72007876  20.70856624  18.90499931 -44.40251955 -31.69610133
  12.18868578  36.97595032  33.27111687 -51.58459281  -2.18632194
  46.31519136 -58.54230221   0.33961917  21.46753363  17.21865472
  35.75677677   9.4019402   13.08091563 -79.7937542   26.56670002
 -18.28619137 -10.13829378   0.81325217  -2.76674012 -13.24367315
  19.16932321  20.10217366  15.32300533  19.86396833  12.36649102
  -7.28821816  38.40359739  -3.48454936  54.67502925 -19.69683884
 -11.26291978 -36.83552969 -52.66937721 -18.65090949  20.54409289
 -62.33721726 -35.26212348  21.37007908  18.16709881 -46.20356946
 -57.84335284  42.8119712   29.61585137 -43.27511267  22.30346191
 -33.77025889  43.82141541  29.3836401    1.29668977  27.0285428
 -28.29226013  18.64105422  -4.72210768  43.10641577   3.81929455
 -57.8738003  -35.93422351   7.80151455 -30.09677397   7.60471115
   2.04438434 -19.06695744  24.28256844  83.83126391   4.66965466
  32.61530842 -11.45275459 -25.19128183  25.48112361   7.7924809
  36.97650069  -5.4970392   -8.85512808 -11.18066303  22.97014573
   3.42521254  21.159005    -1.1660385   18.70172549  48.54798626
   2.20766708   3.56584889  31.23936162 -35.88096759   7.6891423
  22.93140891 -27.80144392   5.1692422    0.11872402 -46.81364306
  20.09542161   9.66799151 -11.44947985  30.12144068  17.99589988
 -58.32636487  13.78631064 -12.28716606  11.92769025  26.63037028
 -30.20805527 -25.09254592  52.42191274  -8.73856837   3.68742936
  10.4791517   35.70808299 -19.62936262 -22.10400674  43.88819121
 -26.70253336  55.3647975   17.04115335  67.06097992  -2.23396945
 -36.1565689    1.93323813  23.43806218 -21.25818634 -22.27909428
  29.10035825 -13.98842496 -44.5415507  -10.98178337  45.32100112
  23.09207059  15.42735803 -56.33523112   1.48910727 -33.74846366
   4.41162105  -8.74077126  31.89709821  10.52468267   3.35854409
 -14.55516541  40.11315296  62.68214952  33.8288196  -26.8986269
  88.63027569   2.81570958  59.22399253 -31.15095047  20.70105524
   5.43512031  23.12534269  17.42221225 -52.23840682  30.35436089
  20.10961039 -38.02587345 -13.81660198  24.74219557  14.02865047
  -1.09377335  -9.91693666   3.2406327   45.25163207 -44.0523074
  -5.81982983 -17.43536075 -51.89970136  -9.44380011  -5.99115854
 -29.88549006  -8.30150874  -9.92363245 -12.04375369  35.48158125
  19.75904178 -51.4811446   34.60080358 -12.04803854 -14.67435137
  31.66662395 -80.06672107 -23.90387866  -2.5059118   23.37444435
 -73.87065281   6.45737936  29.17507519 -22.22567021 -67.56286042
  40.45011963  10.99861998 -32.97023946  38.92989874 -59.75162641
  -7.09161887   4.49581371  13.60703448  40.2693657   -5.08758302
 -46.9115852  -40.45509152 -16.40270636  13.44268274 -30.66030792
   2.44484089  26.49330208   5.53475724  10.20292268 -14.10044043
 -24.74924963 -17.42719601 -28.10364416  -0.63700079  38.94491606
 -18.51437828 -21.95325577 -58.08659902 -12.65389296  -7.47678609
  18.24465242  -8.49463272  -1.25783741 -20.51952755 -17.68646281
  -4.01327619  21.9903922   39.18889013  38.82233208 -39.75191119
  -1.93179177   9.88032607 -43.86993679 -66.66361616 -10.32073426]