[ -6.55350957  15.37089257  -8.07952656 -14.26172385  28.11093772
 -13.84310449 -47.31145966 -11.50367064  37.93084131  -6.22337122
  -3.5480979   23.21746214   4.33777402  28.01281041 -53.97142584
  13.17343117  38.17825844 -72.40160711 -53.0612825   48.90583902
   2.53441975  19.05209774  92.9462727   32.05150507 -17.20406642
  22.75392152 -53.4316557  -43.7884152    5.7395534  -16.25833853
  22.81973451 -35.29387666 -36.71381906  -0.28427561  -0.4013395
  18.02218771  -4.1736184    8.79867013  39.37471309  27.02155399
  12.9884643   22.35119702 -10.61675022 -16.62559929 -23.30144958
  20.94784449  23.98207581  80.94117296 -29.35845036   9.65382403
  11.05370717 -41.28985596  -0.7940568  -44.34038633 -53.36460897
 -68.14900794 -21.46927234  26.1512707    6.4282008   18.67389155
  -0.38631575 -20.66647574 -27.27057819  27.29583103 -74.13506698
   3.37892736  21.32379613  16.18983337 -45.83741602 -32.97201884
  12.57520493  38.67648651  30.6390522  -54.26083339  -0.37821007
  45.79734777 -57.25698193  -3.30013674  21.48234302  16.8797751
  35.51982752  10.02547801  14.41478096 -81.63218409  30.34451053
 -20.10915121  -6.25755799   3.24784212  -4.41732364 -11.91324949
  18.94427334  18.50663757  14.25344119  15.75261273  13.10745932
  -7.08781723  37.64535617  -2.53535772  56.08655215 -20.87805978
  -8.78426267 -36.71770066 -51.72638286 -15.89425701  20.42745829
 -62.18780685 -37.01855059  23.76682934  17.39616085 -45.79241619
 -57.52375934  44.3575109   25.13745947 -43.29961818  16.78508609
 -32.04364305  45.0963519   28.05917919   0.16023427  23.82306019
 -28.60756585  20.92296537  -3.75639729  45.96905885   2.78662747
 -58.33896224 -35.55966792   8.08430101 -30.8990222    7.01068032
   2.90801384 -18.9211196   24.44796022  83.05223661   9.78667945
  33.77196478 -15.27409882 -24.66323904  24.81698837   4.8752593
  37.90616119  -6.96994706 -10.16289508 -14.74482008  19.32574767
   1.48217496  19.06247508   2.22463934  17.9307174   47.74783366
   4.82494445   5.05823686  32.25008975 -32.52464801   8.16822024
  20.46409121 -26.75584985   7.51714377  -1.48254831 -47.37532315
  22.70791363   7.41846008 -10.52380553  29.02637535  19.70002099
 -59.22215183  13.79490244 -13.17954847   9.86010735  27.81625374
 -28.91398685 -24.58968265  55.6221453   -8.99268129   5.81513698
   7.78412828  40.14847073 -18.66120653 -18.84725636  44.60087815
 -24.08999071  56.4110402   19.30579449  68.29746766  -3.87147797
 -35.3307765   -2.53265626  23.86682965 -22.76626067 -24.5286355
  31.39078325 -15.75128949 -46.61421101  -9.67559146  44.74157163
  21.43597294  20.11567927 -56.8734505    0.90565583 -31.6322063
   2.69502569 -11.92056165  29.76291662  14.28233247   3.62703768
 -12.37765072  39.29723744  65.42183592  33.3119094  -27.51854702
  87.25582277   1.59981724  61.18250273 -34.1239929   22.3623116
   0.71177452  23.77217266  19.24132718 -55.57819013  31.28487332
  21.03502577 -39.90626301 -12.91095064  27.9102215   12.62646605
  -0.50575376  -8.49955241   0.65963451  40.72755805 -42.98796031
  -5.18076331 -16.90289315 -49.03955025 -10.46563191  -4.07109674
 -34.52000418  -7.72516242  -9.09621941 -13.80466543  36.56512667
  19.47843531 -52.95633049  38.62261831  -9.51264187 -14.70466034
  33.78409405 -78.7510282  -23.01621549  -3.49899576  27.73607576
 -75.44677572   9.76511882  34.4186083  -22.65875165 -67.87777774
  41.03021963  10.33808844 -28.74722161  41.64783992 -62.03733233
  -6.43145593   3.21248818  13.92702966  42.77547679  -5.72594624
 -49.30178845 -39.00293174 -17.73327819  11.21975833 -31.15636246
   5.08316544  29.64269404   5.72092329  10.65069106 -14.05428875
 -24.62970694 -17.93267021 -27.9477834   -2.89506329  41.20860747
 -13.53354718 -23.90303505 -57.47348468 -12.35920715  -9.92962005
  18.74712557  -9.25125215  -2.3144622  -17.08570801 -18.29866814
  -2.0413611   23.35439882  35.06111772  39.87820718 -44.24982976
  -6.4229073    7.26958321 -45.57654757 -67.26222439  -7.68678923]