[ -6.51113965  11.92536259  -7.83660578  -8.02907184  19.78649836
  -8.03926225 -29.12195554  -4.26991742  23.26950036  -7.99326831
  -4.25140403  13.45659501   7.68060591  15.87875278 -32.35193729
   3.61073831  28.77126325 -41.37455048 -29.38483813  28.73581679
  -1.17921184  10.27281115  56.22094092  22.04800272 -10.41445288
  12.7534608  -32.19006646 -25.86306893   4.10521351  -9.06428118
  12.75188186 -21.18945998 -24.5742786   -2.66092588   3.6044733
   8.5968179   -1.04765315   5.11626893  22.93761466  13.56207363
   6.43328206  14.39419816  -8.65455487 -10.5650076  -10.75249052
  11.74630035  12.27222949  50.7663231  -15.40098306   7.18947812
   6.53378846 -26.11264126   2.14843884 -27.84761789 -31.85057882
 -38.96571577 -14.01641669  14.54058949   4.39920643   9.81874405
  -0.8112352   -8.47504623 -17.98584263  14.57411908 -45.3504664
   2.14630856  13.02565233  12.32965072 -26.49693386 -20.45656324
   6.51694773  20.19783942  20.29442092 -33.27111564  -1.34167447
  27.35612697 -37.24889886  -1.35687776  10.84911138   8.53274614
  23.89993466   5.07862223   8.64427877 -45.07760065  14.52811161
  -9.59261792  -5.01005143   1.71400451  -3.30177254  -4.41653967
  12.05950658  11.75179769  10.862909     9.02665767   4.89699079
  -2.42788592  24.31520714  -3.441548    37.4962286  -14.58850718
  -6.50282597 -20.95277779 -32.07141074  -7.1449123   12.20423229
 -40.69886728 -22.96656002  14.78351211  10.46743061 -29.62382063
 -34.30524732  28.70208133  17.48556447 -27.229842    13.72591785
 -20.95549659  27.69263081  20.78257074   1.86918589  15.9389703
 -16.16591325  12.19770125  -4.70382091  27.40871841   4.92172735
 -35.91726052 -19.81413201   4.93891104 -20.43787692   4.31133151
  -0.19272602 -11.13307133  14.31718526  49.98352685   5.23234806
  21.93306967  -8.7367473  -14.96031504  13.18890654   3.26280404
  22.47332605  -2.51933628  -6.41722927  -9.86483492  13.92445339
  -1.4571254   13.95074346   1.70358158  10.24450878  29.29033956
   0.52811673   2.10719756  18.79244599 -21.09255406   9.55800797
  11.35424568 -14.13676873   4.83633647   1.80542887 -32.39501822
  13.32657597   5.53445432  -4.71057135  16.40215003  12.90110859
 -35.92479119   6.89334304  -6.54228809   5.36996949  18.42804301
 -16.21013308 -14.78853988  31.6635252   -4.00057976   5.27607607
   3.11456634  23.04125689 -10.45936165 -10.74244779  26.27378174
 -15.56300401  32.59499821  13.93603804  42.17443008  -5.11018695
 -22.62162587  -1.48226335  14.04897318 -13.29512393 -13.56279403
  19.62707195  -9.44795168 -26.5201453   -5.35236477  26.79678018
  13.00333723   9.94237007 -32.51905099   5.44366568 -17.15202513
   0.72774438  -3.10697891  18.85383476   6.38336688   3.23183675
  -6.11370757  22.45775293  36.43154651  19.28605134 -17.73890731
  54.9859162   -0.90184147  35.331896   -19.14970675  14.9183141
   2.16052019  16.53024281  11.17500469 -33.991799    16.23561174
  11.25038175 -24.1077819  -11.45663064  15.40784825   6.31196196
  -0.10707507  -4.9239302    1.10171838  26.39516686 -26.05055163
  -6.90105686 -11.034921   -29.98727326  -4.99524824  -3.44401324
 -20.05010133  -5.54909993  -4.80718067  -9.67054322  23.87614461
   9.55876382 -33.21249525  19.11977947  -3.32068051  -7.43740923
  20.8770235  -47.08593782 -11.39059835  -4.59540991  17.12015037
 -44.58633311   3.97571459  18.12153844 -15.76685641 -41.31188887
  23.28857826   6.11561615 -18.54813088  26.1530532  -35.84308064
  -2.81977233   2.22694535   6.64642714  25.32566505  -2.82877188
 -28.06507927 -24.57572442 -12.45699127   6.21675305 -18.07178324
  -0.37625651  17.05234142   1.50241426   8.58878235  -7.48039417
 -16.85733959  -8.77071669 -16.01306575  -0.53899508  24.94091737
  -8.57927171 -14.51122543 -34.8423521   -8.020352    -7.44593266
  10.98082683  -5.63829611   1.77361554 -10.66653684  -9.98292388
  -2.34559067  11.57586831  21.62256923  25.38639489 -26.82740414
  -4.6685358    8.01856362 -26.95424892 -38.63979731  -6.68959469]