[ 2.23198562e+00  5.88774321e+00 -5.22488864e+00 -8.07905706e+00
  1.11620844e+01 -1.23176455e+01 -3.05008739e+01 -6.20425644e+00
  1.84994307e+01  1.62791509e+00  3.32356220e+00  1.27495765e+01
 -2.47113506e+00  1.94217850e+01 -3.38557996e+01  1.17426731e+01
  2.02402670e+01 -4.48083895e+01 -3.92515814e+01  3.23616256e+01
  5.13267819e+00  1.36919264e+01  5.86197323e+01  1.95636197e+01
 -1.46686166e+01  1.16309690e+01 -3.23137395e+01 -2.73727982e+01
  2.49203915e+00 -1.24156886e+01  1.66067002e+01 -2.08659878e+01
 -2.43405108e+01  4.97869402e+00 -5.00364088e+00  1.49052482e+01
 -4.31875228e+00  4.53357113e+00  2.79600895e+01  2.04742457e+01
  3.89700483e+00  1.58972460e+01 -3.96724702e+00 -1.11237876e+01
 -1.59639689e+01  1.67505737e+01  1.69302354e+01  4.70315267e+01
 -2.03646438e+01  6.25596119e+00  8.05839481e+00 -2.48173189e+01
  1.64760392e+00 -2.59293047e+01 -3.53830543e+01 -4.26200045e+01
 -1.70008724e+01  1.82836172e+01  7.34115819e+00  1.68566733e+01
 -1.23184097e+00 -1.64164899e+01 -1.63253590e+01  2.06130911e+01
 -4.84023045e+01  2.15810214e+00  1.39012956e+01  7.21108589e+00
 -2.74244018e+01 -1.79194144e+01  5.53019782e+00  2.62097005e+01
  1.99395156e+01 -3.65660498e+01  1.84521464e-01  2.61774394e+01
 -3.39595193e+01 -3.48019824e+00  1.15777892e+01  1.10426861e+01
  2.15135177e+01  4.53072813e+00  9.26528251e+00 -5.33522388e+01
  2.41930144e+01 -1.26012684e+01 -4.89592078e+00  9.59316637e+00
 -3.31756228e-01 -9.68740607e+00  9.07779988e+00  1.15113060e+01
  5.15129584e+00  9.55658655e+00  1.09531312e+01 -3.38805951e+00
  1.91871223e+01  7.47491162e+00  3.07404387e+01 -8.33789101e+00
 -3.84822486e+00 -2.41830078e+01 -3.04403777e+01 -1.17977709e+01
  1.45758753e+01 -3.65223102e+01 -2.19060313e+01  1.61882403e+01
  8.51530915e+00 -2.75733837e+01 -3.38858989e+01  2.98880840e+01
  8.04040139e+00 -2.32712966e+01  3.08377940e+00 -1.71154432e+01
  2.86691898e+01  1.54767354e+01 -4.00954352e+00  1.00834256e+01
 -2.08066034e+01  1.63312144e+01 -6.92031351e-01  2.92176965e+01
  6.40899129e-03 -3.72049720e+01 -2.54691852e+01  2.85792332e+00
 -2.27086581e+01  3.17652231e+00  3.72164396e+00 -7.27700512e+00
  1.76109358e+01  4.88644271e+01  8.83470351e+00  2.84433205e+01
 -1.05952354e+01 -1.53820332e+01  1.55651852e+01 -1.94394959e+00
  2.19628910e+01 -6.30920957e+00 -8.73759729e+00 -1.05494714e+01
  1.14448652e+01  2.97534315e+00  5.53785673e+00  4.97558623e+00
  8.82922830e+00  2.83728901e+01  4.74937699e+00  6.48213924e+00
  2.35535365e+01 -1.89676890e+01  2.36470987e+00  1.12987215e+01
 -1.74251361e+01  2.31923247e+00 -5.15934615e+00 -2.41101625e+01
  1.66215851e+01  2.37107579e-01 -9.35925791e+00  1.70395700e+01
  9.97388572e+00 -3.88263354e+01  1.01310183e+01 -9.89142576e+00
  3.09268518e+00  1.81449272e+01 -1.67143114e+01 -1.38755069e+01
  4.15044777e+01 -7.84280170e+00  6.47191036e+00 -1.27447380e+00
  3.07840298e+01 -1.28971128e+01 -1.27649001e+01  2.98334374e+01
 -1.26683186e+01  3.75498632e+01  9.29037825e+00  4.12330430e+01
  5.39911920e+00 -1.86329121e+01 -5.97861194e+00  1.26637869e+01
 -1.51921072e+01 -1.87854087e+01  1.80241203e+01 -1.00417364e+01
 -2.84567569e+01 -4.23005396e+00  2.37337057e+01  8.12987391e+00
  1.35761743e+01 -3.72523590e+01 -4.49561621e+00 -1.66899291e+01
  9.51019501e-01 -9.09154645e+00  1.77584808e+01  1.42037698e+01
  4.23255959e+00 -1.00790820e+01  2.91468084e+01  4.20819626e+01
  2.61100481e+01 -1.91987330e+01  4.91677177e+01  1.48260347e+00
  3.80321040e+01 -2.50042132e+01  1.29569409e+01 -3.63906809e+00
  1.27519155e+01  1.50708922e+01 -3.62708386e+01  2.41697252e+01
  1.56208866e+01 -2.62603983e+01 -4.35838270e+00  1.68022382e+01
  6.84893580e+00 -3.30368401e+00 -2.40664263e+00 -3.04964836e+00
  2.02729383e+01 -2.67211059e+01  1.30133824e+00 -4.97057886e+00
 -2.70837648e+01 -1.37487427e+01 -3.03539414e+00 -2.30603419e+01
 -5.59679716e+00 -1.96988927e+00 -1.00669051e+01  2.53447412e+01
  1.75346152e+01 -2.94551024e+01  2.88672457e+01 -4.40674358e+00
 -1.09058610e+01  2.33137647e+01 -4.88320027e+01 -1.85133460e+01
  1.78507448e+00  2.04124616e+01 -4.88440326e+01  1.13540061e+01
  2.49996796e+01 -1.06089250e+01 -4.21831708e+01  2.45889412e+01
  7.07149536e+00 -1.27096193e+01  3.07988664e+01 -3.99379164e+01
 -4.33597872e+00  1.48913316e+00  1.19491530e+01  2.93839579e+01
 -2.02693227e+00 -3.28518120e+01 -2.37036942e+01 -8.71008763e+00
  6.74921718e+00 -2.16441447e+01  5.91923655e+00  1.92705865e+01
  2.30631214e+00 -7.74510500e-01 -7.59833295e+00 -1.18552290e+01
 -1.39732409e+01 -1.31699053e+01 -5.92821740e+00  2.26138186e+01
 -5.51456858e+00 -1.53264734e+01 -3.65412691e+01 -9.79969178e+00
 -1.04623402e+01  1.64980406e+01 -7.39588954e+00 -3.85108238e+00
 -8.36867741e+00 -1.33123198e+01  6.79342062e-02  2.30771851e+01
  1.54497145e+01  2.21467971e+01 -2.96133413e+01 -1.17965162e+01
 -2.87919514e+00 -2.89702891e+01 -4.32775095e+01 -2.60237725e-01]