[-4.40882316e-01  5.92547364e+00 -6.64869936e+00  1.41634921e+00
  8.31141088e+00 -6.90430343e+00 -2.43908216e+01 -4.03481364e+00
  1.80937579e+01  3.79863675e+00 -6.76827324e+00  6.18359016e+00
 -2.13748543e+00  9.35154473e+00 -2.30229205e+01  8.83256208e+00
  1.73624646e+01 -3.01275274e+01 -2.49224170e+01  2.22198968e+01
  1.11394794e+00  1.19944033e+01  4.32167985e+01  1.69669243e+01
 -1.11423748e+01  8.79748484e+00 -1.80296594e+01 -2.00256807e+01
  1.85530296e+00 -5.71394313e+00  1.99111660e+01 -1.91862271e+01
 -1.60684927e+01 -2.51792333e+00  1.19563839e+00  1.14806955e+01
  1.81584562e-01  4.23854639e+00  1.86680226e+01  1.28968811e+01
  3.34900066e-01  9.15089345e+00 -8.60447504e+00 -3.18509918e+00
 -1.25216957e+01  9.31234599e+00  9.70030970e+00  3.28504615e+01
 -1.38903098e+01  5.98165026e+00  6.93479410e+00 -1.86215449e+01
 -2.81410758e+00 -2.03472127e+01 -2.08259114e+01 -2.85505025e+01
 -1.54508677e+01  9.34508377e+00  7.39480823e+00  1.06449241e+01
  1.21111130e+00 -1.70874998e+01 -1.03536897e+01  1.62516665e+01
 -3.38992855e+01  2.91991631e+00  1.37178769e+01  9.41183307e+00
 -1.47621623e+01 -1.01557602e+01  2.61021042e+00  1.67413101e+01
  1.72433621e+01 -2.16303915e+01 -1.27710274e+00  2.06799369e+01
 -2.29815422e+01  7.79283914e-01  8.21468352e+00  9.33646891e+00
  1.58678093e+01  2.96852529e+00  3.83155740e+00 -3.76895354e+01
  1.38915302e+01 -1.04315419e+01 -7.65333110e+00  4.95119747e+00
  1.18842093e+00 -7.70964400e+00  6.74876177e+00  8.03695676e+00
  3.31538342e+00  1.07939420e+01  8.10666474e+00 -1.84534478e+00
  1.55758471e+01  2.96215813e+00  2.29414513e+01 -5.82015358e+00
 -6.33756558e+00 -1.98489555e+01 -2.38537046e+01 -1.31065496e+01
  9.58395310e+00 -2.69617769e+01 -1.04158503e+01  1.06757885e+01
  8.09002799e+00 -2.04061669e+01 -3.05716772e+01  2.00952862e+01
  1.04541287e+01 -1.53065674e+01  6.19636489e+00 -1.66668112e+01
  2.24570493e+01  1.48060590e+01 -3.30801143e+00  9.03045786e+00
 -1.58494302e+01  9.24203900e+00 -3.30431808e+00  2.20762513e+01
  1.67229254e+00 -2.40526079e+01 -1.85060510e+01  1.55648296e+00
 -1.67748584e+01  2.23782409e+00  2.78314544e+00 -7.18434311e+00
  1.58590718e+01  3.62137234e+01 -2.26414148e-02  2.05568393e+01
  2.48801210e+00 -9.51753349e+00  1.26197403e+01  7.72002815e-01
  1.39312849e+01 -3.44161017e+00 -3.15295405e+00 -3.98817572e+00
  1.03263426e+01  4.58390188e+00  6.03638256e+00 -1.13874608e+00
  6.72481820e+00  2.24741045e+01  4.63774441e+00  2.20526696e+00
  2.00898495e+01 -1.49399747e+01  2.73150135e+00  8.64894601e+00
 -1.24027837e+01 -1.37278466e-01 -1.03001366e+00 -1.77626737e+01
  8.61801190e+00 -1.13245296e+00 -9.46214914e+00  1.09485533e+01
  6.75307051e+00 -3.21863421e+01  6.11655285e+00 -5.07819381e+00
  2.89468693e+00  1.01297540e+01 -1.03601682e+01 -1.00237572e+01
  2.68953357e+01 -4.55225134e+00  4.18912661e+00  2.85337105e-01
  1.96925455e+01 -1.21173752e+01 -1.34922829e+01  2.21520561e+01
 -1.20450859e+01  2.68076309e+01  5.96360921e+00  3.00546501e+01
  5.69810762e+00 -1.22943887e+01 -2.04382268e+00  7.43444727e+00
 -8.12402914e+00 -1.16175062e+01  1.00001353e+01 -5.01525143e+00
 -1.88451260e+01 -3.81042522e+00  1.88868899e+01  5.78161890e+00
  4.10634230e+00 -2.64762521e+01 -1.90986259e+00 -1.33451463e+01
  1.34114600e+00 -2.05882795e+00  1.47885639e+01  8.57303289e+00
  6.76706330e+00 -8.58183185e+00  2.07690915e+01  2.93706777e+01
  2.01096744e+01 -1.13119358e+01  3.81035673e+01  2.06727154e+00
  2.39814432e+01 -1.84527390e+01  7.04931503e+00  1.31260640e+00
  5.90977058e+00  1.25741709e+01 -2.61750886e+01  1.75233893e+01
  8.20250568e+00 -1.92430006e+01 -5.07439708e+00  1.05170912e+01
  4.05372136e+00 -3.93201336e+00 -4.37258567e+00  1.53379648e-01
  1.86711876e+01 -1.94496400e+01 -2.07260262e-01 -5.89891154e+00
 -2.33052123e+01 -1.22572980e+01 -4.75559484e+00 -1.44016358e+01
 -3.97266002e+00 -5.46131716e+00 -7.15065244e+00  1.86713642e+01
  1.29941004e+01 -1.76017184e+01  1.61008874e+01 -4.43196115e+00
 -1.03873283e+01  1.45958998e+01 -3.72263054e+01 -1.37387785e+01
  4.03495462e+00  1.09731062e+01 -3.61067115e+01  5.75206387e+00
  1.14707863e+01 -6.77478338e+00 -3.22995166e+01  1.74700592e+01
  5.78237150e+00 -1.40705596e+01  2.12310361e+01 -2.60324264e+01
 -3.13441884e+00  2.16192415e+00  9.19932845e+00  1.98326836e+01
 -1.34889364e+00 -2.46216607e+01 -1.92851562e+01 -4.33269855e+00
  2.32703080e+00 -1.60942399e+01  1.46839365e+00  1.47503413e+01
  2.20136465e+00  1.46343586e+00 -5.11332911e+00 -1.00873097e+01
 -9.45559948e+00 -1.06577256e+01 -1.20469765e-01  1.56576539e+01
 -9.66491549e+00 -1.21080906e+01 -2.90100162e+01 -6.11406174e+00
 -7.03568591e+00  1.10934110e+01 -6.64334908e+00 -3.31862347e+00
 -1.11629558e+01 -7.75855827e+00 -3.04472854e+00  1.69181749e+01
  1.71677432e+01  1.78751854e+01 -1.86944165e+01 -4.82703539e+00
  9.12257635e-01 -1.75818634e+01 -3.02706691e+01 -1.45298271e+00]