[-9.70759902e+00  2.17620254e+01 -2.18313383e+01 -1.23692646e+01
  4.11401170e+01 -2.55133036e+01 -8.68560862e+01 -2.03031592e+01
  6.62651035e+01 -7.24324708e+00 -1.51644376e+01  3.11038220e+01
  9.30832411e-01  4.23773047e+01 -9.55308944e+01  2.22709090e+01
  7.16629900e+01 -1.16581437e+02 -8.97343833e+01  8.75329410e+01
  6.02367918e+00  3.83340646e+01  1.61811940e+02  5.75677781e+01
 -3.29648152e+01  3.57559720e+01 -7.98006999e+01 -7.98528677e+01
  1.05171244e+01 -2.46256552e+01  5.58507038e+01 -6.22941241e+01
 -6.01878201e+01 -5.02250506e+00  2.84760108e+00  3.68994108e+01
 -3.64606102e+00  1.40789760e+01  7.24807125e+01  4.21665208e+01
  1.38070057e+01  3.51082577e+01 -2.48084416e+01 -1.96479709e+01
 -4.79422216e+01  4.08551854e+01  3.59631321e+01  1.35920426e+02
 -5.10024171e+01  2.16235041e+01  2.56301610e+01 -6.77166643e+01
 -2.34498508e-01 -7.55083774e+01 -8.77424066e+01 -1.11871708e+02
 -4.36771620e+01  4.05533261e+01  1.72089980e+01  3.38316505e+01
  3.48835569e+00 -4.93177657e+01 -4.95878920e+01  5.15996617e+01
 -1.30853243e+02  8.38356733e+00  3.92278065e+01  2.74178111e+01
 -6.71553924e+01 -4.74880597e+01  1.62795780e+01  6.03834337e+01
  5.74645676e+01 -9.02171415e+01 -1.41168183e+00  7.74586537e+01
 -9.44631378e+01 -4.54987533e+00  2.89949958e+01  2.30514614e+01
  6.36014251e+01  1.00731468e+01  1.70919779e+01 -1.38801939e+02
  4.88424394e+01 -3.58367880e+01 -1.97092441e+01  5.83233758e+00
 -3.64110016e+00 -1.97432461e+01  2.90590446e+01  2.97222861e+01
  2.41201054e+01  3.41836075e+01  2.09969661e+01 -5.63399943e+00
  6.29195584e+01  4.96451809e+00  9.48474025e+01 -2.97865396e+01
 -2.33869737e+01 -6.20625613e+01 -8.64192581e+01 -3.87778270e+01
  4.07305005e+01 -1.02510608e+02 -5.06710703e+01  3.88267266e+01
  2.96535675e+01 -7.42116275e+01 -1.05660415e+02  7.19505149e+01
  4.43728562e+01 -6.71863800e+01  2.21329621e+01 -5.98563428e+01
  8.09616347e+01  5.11709330e+01 -4.91458050e+00  3.71094740e+01
 -5.54992562e+01  3.23290487e+01 -1.48115201e+01  8.33229490e+01
  4.01190194e+00 -9.75747744e+01 -6.58433755e+01  8.57684019e+00
 -5.84271280e+01  9.46650930e+00  4.69614637e+00 -2.96436413e+01
  4.86782564e+01  1.40808862e+02  7.18343567e+00  6.74068620e+01
 -1.30144608e+01 -4.16562242e+01  4.20237726e+01  6.14642310e+00
  6.31922124e+01 -1.17781123e+01 -2.16142975e+01 -2.26628731e+01
  3.81712836e+01  5.45873422e+00  2.76057660e+01  5.77009442e+00
  2.96195880e+01  8.47044948e+01  1.35579726e+01  1.09713722e+01
  6.64196066e+01 -5.88496829e+01  1.36767474e+01  3.34838574e+01
 -4.55578849e+01  7.73804683e+00 -1.91471108e-01 -7.64946417e+01
  3.34070979e+01  8.38505013e+00 -2.46533969e+01  4.31010561e+01
  3.43356927e+01 -1.09288555e+02  2.00891048e+01 -2.10486439e+01
  1.61005729e+01  4.56770364e+01 -4.84730546e+01 -4.35488937e+01
  9.58052642e+01 -1.43041474e+01  1.57301512e+01  1.25857237e+01
  7.23862832e+01 -3.98524932e+01 -4.03015752e+01  7.47580040e+01
 -4.43870057e+01  9.42441451e+01  2.70349265e+01  1.14454302e+02
  6.71977382e+00 -5.10774316e+01 -5.82787306e+00  3.12277398e+01
 -3.79005786e+01 -4.23453875e+01  4.35240849e+01 -2.58428930e+01
 -7.53635233e+01 -7.53990100e+00  7.15563967e+01  2.90521232e+01
  2.47369649e+01 -9.87639483e+01 -3.49332958e+00 -5.13145438e+01
  5.11783159e+00 -1.69401056e+01  4.94320200e+01  2.16196100e+01
  1.60960474e+01 -2.78710322e+01  7.15265624e+01  1.11955654e+02
  6.45747251e+01 -4.72946453e+01  1.44942645e+02  5.66916848e+00
  9.54183994e+01 -6.17749890e+01  3.78759923e+01  7.35191744e+00
  3.10351099e+01  4.26897041e+01 -9.41326991e+01  5.35541305e+01
  3.51392434e+01 -6.67364647e+01 -2.26592046e+01  4.37429251e+01
  1.78217539e+01 -6.00959218e+00 -1.57924483e+01  5.80157310e+00
  7.04241374e+01 -7.45165102e+01 -4.21632849e+00 -3.02497358e+01
 -8.91426415e+01 -2.70503333e+01 -1.24405723e+01 -5.58474377e+01
 -1.45599763e+01 -1.57469761e+01 -2.58925874e+01  6.80329454e+01
  3.68625754e+01 -8.13531599e+01  6.54441396e+01 -2.18050899e+01
 -3.06363751e+01  5.73473906e+01 -1.37491358e+02 -4.06502201e+01
  7.68659119e-02  4.05566617e+01 -1.35518138e+02  1.72126726e+01
  5.03429848e+01 -3.57257438e+01 -1.17486875e+02  6.73103647e+01
  1.87536256e+01 -5.14354059e+01  7.56225503e+01 -1.03259897e+02
 -9.17191949e+00  6.58508734e+00  2.83241224e+01  7.16567992e+01
 -8.85663894e+00 -8.37134620e+01 -6.66857118e+01 -2.19130517e+01
  1.36044266e+01 -5.70585391e+01  6.05887559e+00  5.14141209e+01
  2.76990744e+00  1.31352208e+01 -2.05439084e+01 -3.84006461e+01
 -3.41882845e+01 -4.27274520e+01 -2.65681133e+00  6.24290057e+01
 -2.93684731e+01 -4.56491252e+01 -1.01917528e+02 -2.18008889e+01
 -2.10519326e+01  3.45634658e+01 -1.58324175e+01 -5.52578917e+00
 -2.77453431e+01 -3.28018818e+01 -5.72602807e+00  5.18522583e+01
  6.99780316e+01  6.56145823e+01 -6.91710220e+01 -1.38979995e+01
  8.29800943e+00 -7.23486464e+01 -1.16665425e+02 -1.48178361e+01]