[ -7.90995791  13.53816361 -11.11900369  -3.90133366  24.43648802
 -10.17416753 -49.66775246 -11.9132847   41.31791253  -2.95971428
 -14.62068566  16.07567751  -0.453568    19.20205436 -48.3766369
   9.91726746  40.93484862 -65.20045477 -47.09062564  46.05015643
   3.26707891  22.44617208  90.7961934   32.19347929 -18.99608556
  20.42488821 -42.12156602 -42.89077271   4.48674187 -12.07974131
  37.06556348 -36.54895928 -32.07654116  -6.71079784   3.377401
  17.36483631   0.45759403  10.92819989  36.85222639  23.87602235
   7.68032721  17.51963255 -17.10837031 -12.59993995 -28.04997594
  19.6591918   20.51543857  72.83486752 -26.38912218  11.93593495
  13.78752973 -41.30274499  -3.7562724  -45.51893645 -46.90036944
 -59.82223554 -22.10611493  20.01173678  10.25580183  19.14142564
   0.73970683 -25.09258949 -24.87724901  27.41244075 -68.01340103
   4.86451334  26.37344984  18.11148857 -37.81294653 -26.47408826
   7.75072113  36.06684195  32.24915486 -48.1195114   -6.49423904
  46.331052   -55.08561428   2.31522781  14.36567538  14.72702616
  34.40996787   7.87038636   7.70507633 -74.0228489   24.22311805
 -21.02124691 -16.98155984   0.66156627  -0.58377769 -13.19364283
  19.0532112   19.12710436  12.40490319  21.22672654  12.59876313
  -3.16006023  37.43395428  -0.89463458  51.77459892 -17.52430125
 -13.72804651 -38.6059587  -52.08121078 -26.31188078  16.40783248
 -59.21587595 -28.58229377  22.28301347  17.41187285 -41.76089672
 -60.90477986  40.45391417  32.85212009 -39.14491735  21.26744192
 -34.48702533  43.9353652   31.29188111  -2.51379809  25.66278265
 -30.67443961  14.69123822  -7.36613016  43.62972374   6.52953394
 -54.39350669 -38.30946448   6.44996201 -30.91799695   5.98812452
   2.92608943 -19.51603246  30.08591816  81.65307193   2.10002222
  34.59163891  -0.59390406 -20.94916986  26.90227935   7.17850382
  38.29405163  -4.23087088  -6.36969589  -9.93188112  24.64419357
   8.07974431  19.77706768  -1.68795212  15.95528403  45.41330403
   5.31960889   3.40552722  33.87528082 -31.84307216   9.10773349
  19.61343164 -28.86664054   2.60307334   2.30215685 -43.12714761
  14.39545143   8.15370789 -14.04901142  28.6538589   17.82930146
 -60.21850572   9.69566146  -9.47941205  12.26264266  24.08555818
 -26.56993181 -22.80641295  53.4715887   -8.99111707   5.39214708
   7.35652267  35.58725606 -21.12946554 -25.7036007   40.82079091
 -25.63576495  51.37946772  15.42591437  64.99379634   2.9865927
 -29.88387608   0.50211766  18.5153531  -17.24660888 -21.76953291
  23.6148297  -11.59972051 -39.6186277   -7.20209523  40.84881788
  19.32865722   8.33153779 -53.88433763   1.17267673 -29.37345849
   7.25147867  -6.38481853  30.25586075  11.76363259   7.68557079
 -13.78708849  39.99544453  58.88420757  38.76150925 -22.51646431
  88.0435008    3.11831569  55.95108552 -31.45637551  18.59540994
   4.62803157  18.53088466  21.62189828 -52.23173461  29.48440426
  19.89652735 -38.41038049 -14.7484752   25.26922011  11.34220137
  -6.65714917 -11.54500844   2.30507752  44.42194306 -41.33445859
  -5.01231742 -16.46753834 -50.4184096  -15.4788483   -8.34373724
 -30.49815527  -9.59643876 -11.93448354 -11.54922531  35.19627208
  21.05967022 -43.81738316  33.8459302   -7.90501141 -14.75441575
  30.91877348 -75.75901862 -25.46594006   1.38516868  20.68979906
 -75.28869768   7.69639094  23.08543737 -19.78417349 -67.54107347
  36.44281927  10.13837405 -32.96968949  38.39318367 -56.47404113
  -5.39900311   6.7349174   12.04715864  38.83923188  -5.13218176
 -44.47970572 -42.32828009 -11.77309702   7.70804264 -29.66229225
   0.50232932  29.1473508    1.05853258   9.03608245  -9.52926988
 -23.0898586  -15.9514727  -26.95212688   1.15370139  35.49889358
 -21.47567947 -22.11745978 -59.68202792 -12.91041527 -11.21563872
  16.52821271 -10.92904141  -1.62000994 -22.66052749 -14.96045469
  -4.27731696  26.52214468  41.43806983  36.87100634 -40.23506789
  -2.83802454   4.92788978 -38.49358897 -65.56739366  -7.90530736]