[-5.13851954e+00  7.81866855e+00 -2.82785769e+00 -7.41434222e+00
  1.66079724e+01 -6.45043873e+00 -2.52596874e+01 -5.77373654e+00
  2.04956624e+01 -5.17818185e+00 -3.15470502e+00  1.12524370e+01
  1.76306648e+00  1.45885437e+01 -2.94162659e+01  6.78400801e+00
  2.07058978e+01 -3.79961399e+01 -2.62662832e+01  2.52359365e+01
 -5.74570828e-01  7.26707708e+00  4.79287665e+01  1.76618079e+01
 -8.84967356e+00  1.03908067e+01 -2.83976836e+01 -2.30855675e+01
  2.81833762e+00 -7.04792818e+00  1.03081554e+01 -1.85226689e+01
 -1.66782652e+01 -1.80682214e+00  9.98311101e-01  8.33287837e+00
 -2.24833886e+00  5.62333924e+00  1.96791396e+01  1.42974223e+01
  8.04895975e+00  1.14140004e+01 -5.74083850e+00 -8.58093183e+00
 -1.09792697e+01  9.55984843e+00  1.39544055e+01  4.29136108e+01
 -1.40780313e+01  5.01860802e+00  4.35221552e+00 -2.07469076e+01
  3.06056449e-02 -2.25154204e+01 -2.62291120e+01 -3.38027926e+01
 -1.02883528e+01  1.31446739e+01  1.89278334e+00  7.89654440e+00
 -2.48120569e-01 -1.01034998e+01 -1.33833912e+01  1.22234356e+01
 -3.58939010e+01  8.21363115e-01  9.44658298e+00  8.81093563e+00
 -2.34768228e+01 -1.85969618e+01  8.04024144e+00  1.89849699e+01
  1.48584929e+01 -2.73192876e+01 -4.92057882e-01  2.34549206e+01
 -3.02989119e+01 -1.01587173e+00  1.27024531e+01  8.40728438e+00
  1.93947622e+01  5.56582979e+00  6.34354129e+00 -4.20313469e+01
  1.47997679e+01 -9.96731764e+00 -2.81449368e+00  1.19699691e+00
 -2.50846827e+00 -5.20967605e+00  1.08532345e+01  9.66403691e+00
  8.58004134e+00  9.20935053e+00  4.80426870e+00 -4.38883566e+00
  1.98196600e+01 -3.03529358e+00  2.77387503e+01 -1.07327137e+01
 -3.34808152e+00 -1.78935208e+01 -2.69888787e+01 -7.05912754e+00
  1.07330878e+01 -3.19573821e+01 -1.97533954e+01  1.09428649e+01
  8.18455783e+00 -2.38456700e+01 -2.79825919e+01  2.22426521e+01
  1.44736069e+01 -2.25942804e+01  1.07449306e+01 -1.81598503e+01
  2.08808514e+01  1.47267250e+01  1.59693959e+00  1.27807404e+01
 -1.45598797e+01  1.00318432e+01 -2.08502948e+00  2.28577036e+01
  1.00159217e+00 -2.92522598e+01 -1.82222278e+01  3.90054139e+00
 -1.44632688e+01  4.51402917e+00  1.40916336e+00 -1.02042418e+01
  1.21465180e+01  4.30265034e+01  4.36738475e+00  1.53286059e+01
 -8.92493042e+00 -1.26235281e+01  1.28705250e+01  3.27893492e+00
  1.94243669e+01 -2.64397096e+00 -4.36976673e+00 -5.19009878e+00
  1.13046096e+01 -1.04922431e+00  9.94494638e+00  2.85136895e-01
  9.33664970e+00  2.59076885e+01  2.07484746e-01  2.91001323e+00
  1.42795423e+01 -1.77168835e+01  4.27062041e+00  1.08330236e+01
 -1.35943277e+01  3.42100077e+00  1.18337449e+00 -2.54921403e+01
  1.10034481e+01  6.24959761e+00 -5.25491349e+00  1.45201749e+01
  1.03686465e+01 -2.82314401e+01  7.22368361e+00 -6.87494199e+00
  6.18705516e+00  1.47087964e+01 -1.50504087e+01 -1.25488757e+01
  2.73074241e+01 -5.88250872e+00  1.51574215e+00  5.66990807e+00
  1.84700897e+01 -9.16937686e+00 -1.11313137e+01  2.26921481e+01
 -1.41500276e+01  2.83937682e+01  8.75146984e+00  3.45025330e+01
 -2.72949942e+00 -1.95696696e+01 -2.94138947e-01  1.24929298e+01
 -1.23775961e+01 -1.10236679e+01  1.59653538e+01 -8.94491541e+00
 -2.36387704e+01 -6.05695110e+00  2.33122016e+01  1.25405799e+01
  9.73640684e+00 -2.73574960e+01  4.86237666e-01 -1.66216574e+01
  2.01556264e+00 -6.03772238e+00  1.49891414e+01  5.67737207e+00
 -1.60975380e+00 -5.19931213e+00  1.96033522e+01  3.31960770e+01
  1.68585475e+01 -1.51269404e+01  4.49067407e+01 -6.61807323e-01
  3.15511381e+01 -1.61333605e+01  1.11759922e+01  2.24069343e+00
  1.25129512e+01  8.79339470e+00 -2.65815502e+01  1.56812168e+01
  8.25404844e+00 -1.98325390e+01 -7.67096594e+00  1.40949128e+01
  7.88254493e+00  7.65898772e-01 -3.94578073e+00  1.37650316e+00
  2.28727611e+01 -2.13012481e+01 -3.40466443e+00 -7.41443617e+00
 -2.56228375e+01 -3.90898702e+00 -2.14645040e+00 -1.59835814e+01
 -4.90979627e+00 -5.64133104e+00 -5.78917890e+00  1.82865351e+01
  8.06224504e+00 -2.87123203e+01  1.81057889e+01 -5.15854943e+00
 -7.23653590e+00  1.74596499e+01 -4.09251426e+01 -1.11268430e+01
 -2.19049440e+00  1.36705160e+01 -3.77310573e+01  2.28778241e+00
  1.62470134e+01 -1.31590162e+01 -3.36640446e+01  2.07258680e+01
  3.54674124e+00 -1.60477724e+01  2.11412970e+01 -3.00601868e+01
 -6.36257238e+00  2.14515464e+00  7.52031305e+00  2.11521923e+01
 -3.19398192e+00 -2.51913558e+01 -2.07376692e+01 -1.04708575e+01
  6.75836692e+00 -1.62862393e+01  1.81363135e+00  1.31242775e+01
  2.46423663e+00  6.53427722e+00 -7.63072145e+00 -1.35852613e+01
 -8.11674626e+00 -1.50832047e+01 -7.02227210e-01  2.16394947e+01
 -7.07897854e+00 -1.16212810e+01 -2.98603026e+01 -5.57366768e+00
 -4.04661165e+00  7.16537882e+00 -3.07279329e+00 -4.91225254e-03
 -8.95566325e+00 -9.77263515e+00 -1.73430703e+00  1.14843567e+01
  2.08404383e+01  2.06859030e+01 -2.17174803e+01 -1.82274816e+00
  5.48837279e+00 -2.32411657e+01 -3.42184675e+01 -5.24449328e+00]