[ -2.55051457   3.34059484  -2.64485643  -5.10192266  11.39237535
  -6.06919682 -21.19940375  -5.25830358  14.70062706  -4.40873118
   1.49970929   7.97384756  -1.93517934  12.23745685 -24.31553891
   6.48712539  14.67942857 -31.44054824 -22.71830059  20.66343019
   1.10300864   7.16203242  38.07173674  14.49512802  -8.60085453
   6.24508645 -23.13423446 -20.18578405   1.92267957  -6.79939928
   8.54668313 -13.74378043 -13.21381224   0.36966994  -1.25324709
   7.82641852  -2.7384195    4.40241911  17.76666902  14.62296296
   5.64813552   8.72056073  -3.36645234  -8.21014709  -9.82686158
   8.5514063   12.78303533  32.7853181  -12.03020145   3.53527459
   3.36071513 -18.18716871   0.81504616 -19.39813845 -21.68460663
 -27.73830089  -7.36939635  11.1963009    2.05561675   8.07386855
   0.28840988 -10.06383003  -9.60760765  10.81255274 -29.65626572
   0.4758176    7.40679644   6.19583206 -20.01628337 -14.29876274
   5.61226713  16.27015597  11.28788249 -23.62722161  -0.75969862
  18.07234877 -24.01440652  -1.19388492   9.94269807   7.45168475
  16.51826013   3.53491369   6.78196249 -34.85792331  13.52694964
  -7.23418526  -4.50793273   4.58944575  -0.939304    -5.63519995
   7.7042638    9.22606419   5.54069998   9.08237832   6.26899436
  -3.83560426  13.82086733   0.29073054  20.28166424  -6.2066439
  -2.23612183 -15.15670085 -22.68969829  -6.9785726    9.07900293
 -24.19247652 -16.2988041    8.77350835   4.46916742 -18.60740838
 -22.31327433  18.11383914   9.41058918 -17.634667     7.21121618
 -12.86930087  15.58298646  10.73078638   0.20308047   8.50086609
 -13.50444405   8.13394709  -1.91038063  15.95111311   2.06411096
 -24.87998714 -17.16118761   2.13928604 -12.49299547   3.75808105
   1.84720764  -6.71394269  11.58118129  33.56292756   4.65072471
  15.28164065  -7.7672499  -10.06694288  12.15626361   0.76670809
  16.29634835  -2.47259469  -5.42893657  -3.6363051    9.22739454
   0.79516721   6.11480719   0.94228217   7.11197064  19.68660168
   0.4272069    4.34303309  10.49559341 -15.34325261   1.40588629
   8.88051478 -11.98460378   0.24227216  -0.8910927  -16.78478777
   9.90027513   4.87715321  -5.28930183  11.41875172   8.10694983
 -21.93693065   7.15450706  -5.66761974   3.58158948  14.11944289
 -12.88441272 -10.41694028  25.97854443  -6.25970283   2.79122075
   4.38805898  15.90833019  -8.49037846  -9.30635691  19.98284228
 -10.74313753  23.7122488    4.45640733  28.03632844   1.18061589
 -14.40325371  -2.07599235   9.62173995 -11.2527271   -8.86781361
  12.19865444  -6.96547139 -18.73330654  -5.12884384  16.22390083
   8.53146007   7.89864234 -24.10926663  -2.69082026 -11.40010364
   2.12848359  -5.7063218   12.36256713   6.31834202  -2.7442974
  -4.7755211   18.33688944  27.41319964  14.93580243 -12.59445268
  34.15684794  -1.9562728   25.33992971 -13.21639361   7.59337391
  -1.73732508  10.76196663   7.46344505 -20.86320769  15.00350623
   8.97635454 -16.82580676  -4.80073511  10.78556286   7.57844167
  -0.65063467  -2.15538857   0.72322602  17.98729591 -17.14180728
   0.13426629  -1.76596802 -19.05649359  -5.38940768  -2.4093809
 -15.1945217   -4.94335794  -3.46600397  -3.69990165  15.46974222
  10.38176625 -22.16488333  16.48339363  -3.9299242   -5.33340182
  15.47510321 -33.40445948 -11.93695108  -0.84378259  12.25070399
 -31.86063728   4.13342519  14.42292524  -8.53714611 -26.8777081
  14.76332436   2.73660296 -11.15437111  18.49758131 -24.67066454
  -6.70338857   1.5947266    6.79682244  18.68441379  -2.11475686
 -21.70097384 -17.29086055  -7.44536023   7.20506735 -14.33087303
   2.42749893  10.44143976  -0.30395294   0.8404482   -5.99453643
  -9.0730883   -6.55015223  -9.66746184  -3.3588479   15.79979489
  -7.08503862  -8.70297285 -24.35295539  -6.21412535  -2.62927735
   6.86141745  -2.01384784  -0.75986638  -7.50790285  -8.80919818
  -0.54672214  13.04342382  13.92053842  14.27569271 -18.38501011
  -4.27777975   1.41767962 -19.85659336 -29.29046586  -3.32443155]