[-5.04177537e+00  7.19688569e+00 -4.82603138e+00 -4.24076638e+00
  1.42081821e+01 -6.84158977e+00 -2.75102593e+01 -5.86753262e+00
  2.13032164e+01 -1.72360545e+00 -5.64927692e+00  9.87823193e+00
 -1.64361857e-03  1.28583254e+01 -2.79875888e+01  6.55858282e+00
  1.99509800e+01 -3.61140060e+01 -2.59093685e+01  2.40559937e+01
  6.61521470e-01  1.01332951e+01  4.87422165e+01  1.75149640e+01
 -9.52047446e+00  1.08656855e+01 -2.54617638e+01 -2.31173270e+01
  2.35528294e+00 -5.60731455e+00  1.50473798e+01 -1.96068099e+01
 -1.68977044e+01 -2.19984816e+00  4.31897601e-01  9.27395504e+00
  2.46143921e-01  5.56459799e+00  2.02420980e+01  1.28798788e+01
  5.72037166e+00  1.11494499e+01 -7.74260253e+00 -7.90770285e+00
 -1.40569518e+01  1.06913959e+01  1.27335899e+01  4.14493277e+01
 -1.54028367e+01  5.13784804e+00  5.29941079e+00 -2.05879135e+01
 -2.02688694e+00 -2.31885423e+01 -2.49098439e+01 -3.28910651e+01
 -1.19398158e+01  1.24224851e+01  3.99930208e+00  8.39932516e+00
  1.81449860e-01 -1.20971135e+01 -1.36611877e+01  1.39014141e+01
 -3.63906660e+01  2.28058075e+00  1.15661298e+01  8.47094642e+00
 -2.23414392e+01 -1.65392448e+01  5.69541349e+00  1.89346081e+01
  1.72654723e+01 -2.69281629e+01 -6.08932579e-01  2.42605612e+01
 -2.89210362e+01  9.66801858e-01  9.31825306e+00  8.61918656e+00
  1.82479049e+01  4.48302909e+00  5.19050680e+00 -4.18807087e+01
  1.40662162e+01 -9.06079478e+00 -5.67118181e+00  1.09464532e+00
 -1.97303118e-01 -7.26180411e+00  9.66591463e+00  9.47322666e+00
  7.58213932e+00  1.03914097e+01  5.88792498e+00 -2.72962393e+00
  1.90373107e+01 -4.23885075e-01  2.77305101e+01 -8.35839595e+00
 -5.49821388e+00 -2.03632777e+01 -2.67053193e+01 -1.05879016e+01
  1.03869803e+01 -3.38267976e+01 -1.77299362e+01  1.19694100e+01
  9.22056347e+00 -2.42240923e+01 -3.11565937e+01  2.23684895e+01
  1.60747708e+01 -2.07815048e+01  1.03126630e+01 -1.71455545e+01
  2.29268829e+01  1.53079782e+01 -3.99289576e-01  1.36736373e+01
 -1.66129102e+01  1.02819508e+01 -2.52580461e+00  2.24375021e+01
  1.29769679e+00 -2.91978088e+01 -1.95325812e+01  3.35161593e+00
 -1.72634763e+01  2.79700464e+00  6.54624903e-01 -8.20470378e+00
  1.48391622e+01  4.47700340e+01  1.74010131e+00  1.80237680e+01
 -3.25776958e+00 -1.24576946e+01  1.34268859e+01  3.76254133e+00
  1.90529836e+01 -2.29430346e+00 -3.86506547e+00 -5.37571978e+00
  1.28954394e+01  2.80337334e+00  1.03305006e+01 -6.17608733e-01
  9.38776577e+00  2.49423844e+01  2.44876150e+00  1.58911685e+00
  1.73176497e+01 -1.84744297e+01  5.37827254e+00  1.16426649e+01
 -1.50421478e+01  9.80581539e-01  1.32416465e+00 -2.54561393e+01
  1.03508440e+01  3.32671870e+00 -5.48704300e+00  1.62122333e+01
  8.41244997e+00 -3.14082540e+01  6.75119410e+00 -7.16834697e+00
  6.21240549e+00  1.45602347e+01 -1.52188485e+01 -1.18539424e+01
  2.86663943e+01 -5.45382582e+00  2.10875697e-01  4.94358169e+00
  2.03176993e+01 -1.03443086e+01 -1.36301551e+01  2.25765396e+01
 -1.41974655e+01  2.87092262e+01  9.86901021e+00  3.50247501e+01
  9.85584096e-01 -1.88427700e+01 -5.91961292e-01  1.14050846e+01
 -1.27795273e+01 -1.18015828e+01  1.41282465e+01 -7.65617398e+00
 -2.23098539e+01 -5.67976695e+00  2.30466058e+01  1.09031465e+01
  6.77331190e+00 -2.91835448e+01  1.33786298e+00 -1.71403979e+01
  2.73795030e+00 -5.68322182e+00  1.62893021e+01  6.94657895e+00
  2.74756759e+00 -6.74581168e+00  2.11197209e+01  3.17932610e+01
  1.93242497e+01 -1.42122600e+01  4.58168428e+01  1.00984654e+00
  2.98905750e+01 -1.66308843e+01  1.13281728e+01  3.64094430e+00
  1.04834650e+01  1.08016394e+01 -2.80070809e+01  1.65043121e+01
  1.02640611e+01 -2.05603871e+01 -8.10878660e+00  1.21621699e+01
  6.54733306e+00 -1.45014846e+00 -4.78247470e+00  2.71373569e+00
  2.31508507e+01 -2.36305799e+01 -2.99918220e+00 -9.01404940e+00
 -2.65330484e+01 -6.19237220e+00 -4.52875698e+00 -1.55724111e+01
 -5.25905719e+00 -4.90414915e+00 -6.86558838e+00  1.94796454e+01
  9.65049787e+00 -2.57853268e+01  1.73832041e+01 -4.98226240e+00
 -8.98091595e+00  1.58751364e+01 -4.13961693e+01 -1.24427637e+01
 -5.40718726e-01  1.13456168e+01 -3.92445237e+01  3.32979531e+00
  1.35299189e+01 -1.12291345e+01 -3.45108342e+01  2.14420842e+01
  4.58318801e+00 -1.71998115e+01  2.12176530e+01 -3.03888564e+01
 -3.49076520e+00  4.07617364e+00  8.57445544e+00  2.14846599e+01
 -2.07641437e+00 -2.38267720e+01 -2.21942233e+01 -7.67251805e+00
  6.62530342e+00 -1.66345628e+01  5.07856059e-01  1.53137358e+01
  3.73225465e+00  5.35406426e+00 -7.00083412e+00 -1.20197917e+01
 -8.70090408e+00 -1.47364982e+01 -6.91793852e-01  2.03127229e+01
 -8.78882691e+00 -1.19071337e+01 -3.19176151e+01 -6.22761645e+00
 -4.67390651e+00  9.44828734e+00 -4.57446610e+00 -8.46448040e-01
 -1.02598546e+01 -9.57766243e+00 -3.61949850e+00  1.23141500e+01
  2.21543051e+01  2.05838317e+01 -2.06426351e+01 -2.24984488e+00
  5.25384236e+00 -2.11654341e+01 -3.42098059e+01 -4.57804905e+00]