[ -3.71687568  10.55983244  -7.58850172  -7.86299665  16.11757925
  -7.78537683 -25.69917872  -4.73708722  18.48684576  -3.64773217
  -4.34238026  11.63627301  10.68214424  12.17707573 -25.67297967
   4.98825157  21.77157332 -38.23151026 -26.31387461  21.69917769
   1.77340197  13.02603587  47.003333    16.73776456  -8.62222399
  13.20995175 -27.06708708 -18.17276347   3.08959681  -7.77693156
  12.81428993 -19.3783543  -22.20475589   0.27375694   1.24332032
  10.41205728   0.17624262   5.33491905  18.1582671    8.14175715
   6.36230035  12.54441287  -7.2263295   -8.69030671  -9.06393553
   9.01009509   8.48477302  42.87631567 -15.51313852   3.93832272
   6.34781248 -24.76580421  -1.71879887 -21.95976726 -27.77056864
 -36.12422334 -13.96433826  13.7510784    6.36764183   9.62146903
  -2.10644215  -8.30356288 -17.44886733  16.10682794 -39.31483431
   5.40781749  13.48549     12.55512725 -22.79688325 -18.72010938
   3.70134025  21.30593064  18.50021744 -27.25606182  -1.19690225
  24.13997657 -29.81834618  -2.46102343   8.76742817   6.77970449
  16.82095592   5.77825448  10.08142041 -40.68337521  14.89710986
  -7.90404052  -3.60946055   1.25979801  -2.8950341   -7.88152497
   8.97447867  10.71809338   6.82845151   5.76221038   6.76777932
  -0.12029358  19.40093629  -1.13401666  32.38701435 -12.76841256
  -8.24672329 -22.07929249 -28.06630202  -7.31996959   9.33512534
 -34.79055404 -19.11901174  14.06812476  11.35857141 -25.93477246
 -33.28606326  26.29626906  16.33226424 -23.09215962  10.11984467
 -16.70597983  24.34175     17.48337432   1.24361137  13.64074206
 -13.92431557  11.92572222  -1.84622875  24.51144498   2.7961746
 -32.27738491 -16.55390478   3.86760095 -19.88873082   1.00728384
  -0.67417268  -9.5005704   12.49360198  44.7372608    3.33268575
  18.25933306  -5.93952703 -12.03292331   9.62595978   3.49206847
  18.72551103  -3.11023647  -4.94169773  -9.60640792   8.82658877
   1.39151461  12.34559971  -2.25973099  12.19871601  24.62977635
   3.60638504  -1.25201446  18.35020928 -17.85060088  10.10311596
   9.6715611  -13.47019375   3.87731384  -0.80494198 -27.73340379
  11.93526031   0.90512504  -3.66165706  16.54201962  10.4947843
 -36.34650424   5.46540188  -5.81127317   3.38377932  15.54067741
 -13.87681908  -9.88463609  26.92453018  -2.0621752    2.65982919
   2.94268505  23.62941318 -10.01891205 -10.85181111  21.51110435
 -11.93100644  29.1279032   14.09700889  37.3271015   -3.75798628
 -18.45411403  -0.27203849  13.60670703 -10.24794883 -13.88261583
  16.9980744   -6.57175707 -23.58945172  -6.06562161  26.00362065
  12.46282545   9.69564362 -30.04925263   3.45377658 -18.39448675
  -1.50072402  -5.35807985  19.50677107   8.69119586   6.7102919
  -6.41675013  18.12605315  30.89729458  17.98753738 -13.99175745
  49.02314845   1.63475807  29.90192404 -19.20901811  13.50516955
   2.23265696  14.11756427  13.49636106 -33.24715389  14.21222967
  11.73830461 -20.981219    -9.66547665  13.45042063   3.42097371
  -0.88169808  -6.25350798   0.57727846  21.65691402 -21.61657303
  -5.65704437 -13.37773251 -26.50577864  -3.30048829  -6.32742755
 -19.08183929  -2.56285831  -4.05681023 -10.31493926  21.70322805
   9.66404817 -29.21365088  16.53728969  -3.10282514  -9.44212141
  14.59433899 -39.54011856 -10.21415536  -2.36175017  17.59072301
 -39.29664305   5.99182034  15.84340941 -11.80861044 -36.34944929
  22.52272982   5.42752947 -15.00002573  22.93902348 -32.51337484
  -0.59528234   3.0748125    4.43435104  22.09992885  -2.53790276
 -22.69348184 -19.03305287 -11.388444     4.90711518 -14.3210466
   1.10940973  20.22897842   5.58048016   4.9123714   -6.30223186
 -13.8714644  -12.25396682 -14.05754775  -0.34684554  22.65375459
  -6.83472688 -12.17030397 -30.10685001  -5.29902885  -9.11664522
  11.38519148  -5.88101409   0.55865279  -9.25847985  -8.1445688
  -4.40386885   7.7176767   17.73936508  22.92640397 -22.91449867
  -4.88992583   7.59358646 -21.74398186 -34.26327313  -2.76280421]