[-8.77586987e+00  1.28814573e+01 -1.28020946e+01 -3.51023055e+00
  2.62391763e+01 -1.20811338e+01 -5.29173838e+01 -1.11781704e+01
  3.68067143e+01 -4.73051723e+00 -1.40577523e+01  1.29989429e+01
  3.49001347e-01  2.13973122e+01 -5.59111724e+01  1.56705635e+01
  4.20338937e+01 -7.16524095e+01 -5.25470446e+01  4.40513903e+01
  9.88359796e-01  2.24382912e+01  9.80337497e+01  3.38465959e+01
 -1.84969147e+01  2.24311469e+01 -4.59817492e+01 -4.40494473e+01
  4.49899053e+00 -1.16434479e+01  3.31293755e+01 -3.89674231e+01
 -3.07246342e+01 -5.95339476e+00  2.10833574e+00  2.37976276e+01
  4.86937244e-02  1.20743405e+01  3.80674146e+01  2.36753234e+01
  1.03561714e+01  1.71561316e+01 -1.68003968e+01 -9.65145761e+00
 -2.58436832e+01  1.88336228e+01  2.12045722e+01  7.94742115e+01
 -2.78671948e+01  1.02467746e+01  1.49540646e+01 -4.25487383e+01
 -4.28767748e+00 -4.68242803e+01 -4.58973434e+01 -6.53783790e+01
 -2.11951873e+01  2.15349623e+01  1.03763467e+01  1.83702041e+01
  6.76233866e-01 -2.81389378e+01 -2.02823283e+01  3.17299699e+01
 -7.20787757e+01  7.22179682e+00  2.27917964e+01  2.10748326e+01
 -4.08334934e+01 -3.14968157e+01  7.45421252e+00  3.94549563e+01
  3.37064880e+01 -5.50917715e+01 -7.83435810e+00  4.70898418e+01
 -5.39131661e+01  9.04382550e-01  1.57432726e+01  1.37869590e+01
  3.78824167e+01  9.34642264e+00  1.18112255e+01 -7.96823669e+01
  2.98223883e+01 -1.98190995e+01 -1.54564515e+01  1.44784860e+00
 -7.72493170e-01 -1.36374649e+01  1.86728452e+01  1.82710799e+01
  1.27529594e+01  2.55803346e+01  1.24657222e+01 -3.75822786e+00
  3.45543129e+01 -3.11376492e-01  5.38450390e+01 -1.26742746e+01
 -1.14866674e+01 -3.99193654e+01 -5.44699132e+01 -2.24995569e+01
  1.89573837e+01 -5.98328531e+01 -2.87449859e+01  2.10599152e+01
  1.64875270e+01 -4.54153478e+01 -6.35566160e+01  4.12905549e+01
  3.37586706e+01 -4.20179365e+01  1.91098451e+01 -3.49999630e+01
  4.42333306e+01  2.89691675e+01  8.24444435e-01  2.34151967e+01
 -3.66315286e+01  1.84042702e+01 -5.75753595e+00  4.17933534e+01
  5.23750078e+00 -5.75326360e+01 -3.95757246e+01  7.84619162e+00
 -3.43975331e+01  7.46035980e+00  3.53034826e+00 -2.17887360e+01
  3.01781885e+01  8.32639098e+01  1.57302313e+00  3.64626820e+01
 -2.51464534e+00 -2.14467214e+01  2.19049795e+01  8.44421972e+00
  3.75734902e+01 -4.84508471e+00 -8.44591136e+00 -1.04410902e+01
  2.40772361e+01  6.33465494e+00  1.73034974e+01 -6.32301273e-01
  1.77006797e+01  4.87642457e+01  4.37271474e+00  3.90933007e+00
  3.54601560e+01 -3.70279370e+01  1.12814403e+01  2.07173483e+01
 -3.17191183e+01  3.74568393e-01  1.67232613e+00 -4.49771345e+01
  1.87964418e+01  3.21633691e+00 -1.47279145e+01  3.15923919e+01
  2.07575199e+01 -6.56966573e+01  1.38774974e+01 -9.01679826e+00
  1.04507115e+01  2.88881288e+01 -2.70949231e+01 -2.16598532e+01
  5.73330785e+01 -1.25435923e+01  4.43959518e+00  9.93788229e+00
  4.00085365e+01 -2.57644190e+01 -2.90095338e+01  4.06077083e+01
 -2.69326523e+01  5.43683289e+01  1.68704421e+01  6.97240415e+01
  5.09659274e+00 -3.04629440e+01 -2.29866228e+00  2.03693607e+01
 -2.19387251e+01 -2.31018970e+01  2.54876495e+01 -1.38839085e+01
 -4.32891223e+01 -7.53282899e+00  4.54871939e+01  2.22868676e+01
  1.19375255e+01 -5.59086945e+01 -9.96826569e-02 -3.07105346e+01
  8.71163860e+00 -1.15430891e+01  3.59603637e+01  1.47759307e+01
  5.79660029e+00 -1.37694109e+01  3.95435855e+01  6.31300995e+01
  4.16757530e+01 -2.60212823e+01  8.98873278e+01  6.37107634e+00
  5.46098242e+01 -3.46464689e+01  2.24951854e+01  5.39014683e+00
  1.93441378e+01  2.30846862e+01 -5.55944588e+01  3.58004223e+01
  2.07325089e+01 -4.16249823e+01 -1.25457879e+01  2.33878831e+01
  1.50165406e+01 -1.23839452e+00 -9.23725948e+00  8.02541970e+00
  4.65690805e+01 -4.08840768e+01 -3.25553088e+00 -1.40349597e+01
 -5.42021718e+01 -1.04424695e+01 -8.97889194e+00 -3.44455746e+01
 -1.21672822e+01 -1.07889125e+01 -1.18616357e+01  3.64812545e+01
  2.25041689e+01 -4.78882610e+01  3.37430594e+01 -8.75757050e+00
 -1.56809879e+01  3.04149488e+01 -7.78790399e+01 -2.70940670e+01
  4.58773170e+00  2.66115032e+01 -7.77752402e+01  6.66029641e+00
  2.53082627e+01 -1.91660503e+01 -6.75410810e+01  3.79473367e+01
  8.73494687e+00 -3.37035303e+01  4.07116320e+01 -5.86486290e+01
 -7.17055147e+00  5.11697266e+00  1.63393730e+01  4.12664241e+01
 -3.94554324e+00 -4.94546650e+01 -4.59689460e+01 -1.73881771e+01
  8.91068746e+00 -3.06212616e+01  1.43442986e+00  2.99266210e+01
  1.28339093e+00  2.23592590e+00 -1.12005408e+01 -2.26117712e+01
 -1.81265092e+01 -2.44340995e+01 -2.83806463e+00  3.54785618e+01
 -2.12776952e+01 -1.97888764e+01 -5.89986649e+01 -9.83519872e+00
 -1.11833045e+01  1.66259198e+01 -9.32120104e+00  5.73529765e-01
 -2.12084095e+01 -1.72904630e+01 -6.42428269e+00  2.72114972e+01
  4.21517504e+01  4.16302895e+01 -3.89078212e+01 -5.29874733e+00
  9.44377991e+00 -4.03867426e+01 -6.67644481e+01 -9.21858734e+00]