[ -5.39792241   7.59407833  -4.84317704  -6.33569414  16.28021156
  -5.3226584  -25.08161329  -4.48767583  15.76968767  -5.24876843
  -3.51708713   7.94681339   1.034904    13.72948603 -29.599211
   9.40461034  19.32529221 -36.84688639 -27.23856172  20.07633459
  -2.14153236   6.34504645  48.28291541  18.23731005  -8.60750667
   8.68581559 -27.81712077 -20.362184     1.63702511  -5.33845434
   9.96881991 -18.30377467 -13.91963298  -0.85688581  -0.43597908
  10.09573544  -1.42483089   6.4187301   18.24097532  13.94913465
   7.49341487  10.46039797  -5.52962693  -6.78393139  -8.79864527
   6.71921555  14.25192335  40.69853481 -12.85643607   3.87955245
   3.90281538 -21.99809693  -0.21330422 -22.07721714 -22.33755065
 -33.05485951  -8.25200752  10.46338011   2.31090572   7.56450923
  -1.45030223 -10.19629845  -7.18655227  14.05747175 -33.24774852
   2.34018758   7.77161346   9.65608518 -22.33140468 -19.74782322
   6.36389835  20.31315883  14.31913169 -28.86781292  -3.12113426
  22.13519773 -26.16935338  -0.6368759   10.95001704   6.72003024
  19.95972219   6.51372346   7.85890404 -40.34059761  15.02498108
  -7.55934793  -4.85561337   2.84744095  -1.58021523  -4.2875149
  10.2891336    8.68808218   6.49071353  11.94242248   4.00566396
  -4.56034451  15.5678734   -3.15671974  25.22756025  -6.1709405
  -0.87930835 -17.75483752 -27.12413809  -4.49015257   8.10135195
 -30.29758195 -17.69503253   9.76717766   5.8872297  -24.05748652
 -26.81507433  21.50273691  14.33835784 -22.72954141  10.42621023
 -17.94873397  18.15886649  13.33703395   2.18604404  10.73641111
 -16.72894699  10.59061431  -1.38008033  18.95620986   2.09482337
 -29.00800623 -18.10935698   3.76257436 -14.79376261   4.55179084
   1.49259288 -10.78411161  12.79926703  39.39184203   4.16634237
  15.328246    -7.44044121 -11.16094167   9.33804899   4.37154427
  17.58396683  -2.55960696  -3.44173833  -4.00630624  11.19178585
  -0.40955351   7.27421154   0.22236914   8.55677759  23.64186079
  -0.68664823   2.14948337  13.04590695 -18.45080608   5.63660502
   9.68348905 -14.48721074   0.95827189   1.49500913 -23.61374639
  12.36714628   3.72965763  -5.14945776  17.07590736  11.03449269
 -28.84791874   7.46430529  -5.55307036   5.03548073  16.3009065
 -12.89997723  -8.50164389  28.48897827  -8.16723325   0.77035116
   5.3016469   18.68316136 -10.68620607 -14.02398707  21.46523388
 -13.63597024  26.79500689   8.91503003  34.77871047  -0.73302278
 -18.36541514  -2.43357625  12.84481419 -13.2501595   -9.85900658
  14.92058636  -8.47745587 -22.62338141  -7.06607815  21.70322581
  12.09335928   8.77810751 -24.60993534  -0.30377899 -14.01673905
   4.32769396  -7.7337534   17.88692349   8.62558779  -2.85525615
  -4.1462824   17.48323879  31.08306444  18.26341663 -15.31241392
  43.28232016   0.08182835  27.36035366 -15.09883946  10.63105855
   1.23222629  11.69868645   8.22860165 -27.05045074  19.83967702
   8.70657685 -20.78102643  -6.17680266  11.14851904   9.69437875
   2.41499624  -1.57155838   4.04572039  22.66755151 -18.80276608
  -1.94430388  -3.13565492 -25.45577946  -2.39102775  -3.36305238
 -17.66893803  -7.61979654  -5.29851676  -4.73658707  15.34480648
   9.18053346 -26.74079223  16.27892714  -1.49016765  -5.61791315
  16.60431811 -37.63866374 -12.16816503   0.12371115  16.47114362
 -36.23110713   1.14904446  14.78485837 -11.63473935 -31.45181894
  18.54432895   1.83627803 -14.2707803   20.4392835  -27.54121879
  -7.15309172   1.53318036   9.53689774  21.79450823  -2.37118089
 -25.07248994 -24.7141389  -12.81266254   6.64609399 -13.81230128
   0.70009258  12.8727935    1.78160174   1.85494793  -7.89573812
 -10.77914982  -6.43795655 -13.11143977  -2.40035384  20.12813168
  -7.47395277  -8.08784471 -28.65487553  -4.57786876  -2.65220777
   6.84340198  -3.13603097   1.87015069  -9.25475601  -9.2644178
  -4.04598181  11.50693988  18.05803741  21.70781266 -21.64121991
  -3.30138309   7.07824294 -22.35813155 -31.16724448  -5.6892041 ]