[-5.46786340e+00  6.38531881e+00 -7.73736447e+00  2.60222359e-01
  1.53678828e+01 -6.74229982e+00 -3.46199748e+01 -6.25179843e+00
  2.36008528e+01 -9.36520259e-01 -1.14408396e+01  6.05719275e+00
 -4.74958461e+00  1.26246703e+01 -3.68870595e+01  1.15516490e+01
  2.49463812e+01 -4.38342807e+01 -3.35681836e+01  2.69645250e+01
  3.24914661e-01  1.30659486e+01  6.18599423e+01  2.24496964e+01
 -1.31511981e+01  1.08632689e+01 -2.77893744e+01 -2.88140754e+01
  1.84939873e+00 -5.12584036e+00  2.48962333e+01 -2.49735923e+01
 -1.60829839e+01 -4.94062901e+00  1.17376725e+00  1.54835875e+01
  2.09315351e-01  8.17721948e+00  2.52837240e+01  1.66063942e+01
  5.56268653e+00  1.04429725e+01 -1.14152195e+01 -3.98188663e+00
 -1.86429377e+01  1.04674740e+01  1.47426724e+01  4.81954343e+01
 -1.77443780e+01  7.59487699e+00  9.35196279e+00 -2.60555452e+01
 -3.88989861e+00 -2.79917900e+01 -2.60275605e+01 -3.91711180e+01
 -1.46713388e+01  1.15940839e+01  7.11459199e+00  1.15013626e+01
  1.09434243e+00 -2.23475329e+01 -1.02355825e+01  2.07805912e+01
 -4.27541132e+01  3.84934690e+00  1.39897715e+01  1.11987305e+01
 -2.21729522e+01 -1.93169480e+01  5.16892102e+00  2.41883683e+01
  2.07103172e+01 -3.28184945e+01 -4.82940414e+00  2.92809075e+01
 -3.05239863e+01  2.08047210e+00  1.04840355e+01  8.54465835e+00
  2.42992079e+01  5.05501938e+00  4.74848842e+00 -5.12573740e+01
  1.81960076e+01 -1.29275107e+01 -1.08986696e+01  2.47509030e+00
  6.92907025e-01 -8.78532285e+00  1.21740353e+01  9.44916788e+00
  7.12219929e+00  1.93052257e+01  6.78481487e+00 -3.84414998e+00
  1.99447925e+01  4.16465591e-01  3.07950705e+01 -5.29845161e+00
 -6.60842029e+00 -2.52306145e+01 -3.30864696e+01 -1.62196561e+01
  1.13087374e+01 -3.56595428e+01 -1.52810836e+01  1.13286024e+01
  8.58383128e+00 -2.75293173e+01 -4.06448404e+01  2.42546766e+01
  1.95035679e+01 -2.44151646e+01  1.01881531e+01 -2.46926885e+01
  2.66509326e+01  1.85333925e+01 -7.59826446e-01  1.31511628e+01
 -2.54892510e+01  1.10475162e+01 -5.29656001e+00  2.71161138e+01
  1.30961766e+00 -3.31572120e+01 -2.70669729e+01  2.39022836e+00
 -2.05358345e+01  4.33380328e+00  2.92150312e+00 -1.22710855e+01
  2.13673070e+01  5.09439564e+01  6.66601107e-01  2.26047780e+01
  2.39416605e+00 -1.27513837e+01  1.34193634e+01  4.40449171e+00
  2.18196146e+01 -4.11750874e+00 -4.33530767e+00 -2.84192035e+00
  1.69051165e+01  4.34717276e+00  8.78713123e+00 -9.37567791e-01
  1.00340942e+01  3.24472100e+01  3.99942169e+00  3.65859598e+00
  2.30124617e+01 -2.33465218e+01  4.69507680e+00  1.27401567e+01
 -2.00945479e+01 -9.49470621e-01  3.15214450e+00 -2.63986464e+01
  1.13297925e+01  2.99421484e+00 -1.16992389e+01  1.80563745e+01
  1.21196779e+01 -4.09312162e+01  7.58142713e+00 -6.28201519e+00
  6.91080588e+00  1.72929756e+01 -1.66551528e+01 -1.19141565e+01
  3.66815812e+01 -9.61866110e+00  1.95849666e+00  6.84636284e+00
  2.48314314e+01 -1.80042102e+01 -2.19075789e+01  2.63254687e+01
 -1.79005551e+01  3.41110588e+01  8.19906002e+00  4.21874281e+01
  7.49582961e+00 -1.79542233e+01 -2.17247589e+00  1.14127278e+01
 -1.41388983e+01 -1.29619507e+01  1.28768016e+01 -9.57300475e+00
 -2.61350857e+01 -4.45650193e+00  2.66097159e+01  1.17174202e+01
  5.09340519e+00 -3.37666076e+01 -3.12458479e+00 -1.80357749e+01
  7.35962326e+00 -8.18208461e+00  2.11533514e+01  9.45260747e+00
  2.37242945e+00 -9.29202836e+00  2.49852235e+01  3.92961304e+01
  2.72960835e+01 -1.67107831e+01  5.37395426e+01  3.13243549e+00
  3.20126366e+01 -2.15805280e+01  1.20930325e+01  4.13497772e+00
  8.79562205e+00  1.57575155e+01 -3.28725412e+01  2.42094162e+01
  1.03329049e+01 -2.57561510e+01 -7.58119119e+00  1.35432613e+01
  1.00617719e+01 -1.61025717e+00 -4.72607372e+00  6.26462627e+00
  2.88712380e+01 -2.62609503e+01 -5.22148756e-02 -6.00230611e+00
 -3.45197144e+01 -9.53875469e+00 -6.01528255e+00 -1.99658657e+01
 -8.30414505e+00 -7.72542671e+00 -6.19431169e+00  2.03974054e+01
  1.44343024e+01 -2.74127867e+01  2.12704458e+01 -6.55065346e+00
 -1.13113793e+01  1.93785265e+01 -5.00671780e+01 -1.84038289e+01
  5.06485695e+00  1.43369773e+01 -5.07001076e+01  2.12924356e+00
  1.33818925e+01 -1.10128367e+01 -4.26401410e+01  2.27596921e+01
  4.29769438e+00 -2.09543925e+01  2.54483401e+01 -3.42762656e+01
 -6.68517603e+00  4.66578084e+00  1.29735352e+01  2.63401895e+01
 -2.59557043e+00 -3.25130855e+01 -3.08537728e+01 -9.70910770e+00
  4.86989618e+00 -1.94309635e+01 -2.45063687e-01  1.70500526e+01
  5.18645800e-01  6.08723443e-01 -8.15042442e+00 -1.29045008e+01
 -1.08379655e+01 -1.54778751e+01 -1.09707886e+00  2.11043661e+01
 -1.38835569e+01 -1.28934617e+01 -3.90286248e+01 -6.67440648e+00
 -6.95969641e+00  9.97817835e+00 -4.78619278e+00 -5.18238162e-01
 -1.26772683e+01 -1.14330379e+01 -5.21511562e+00  2.01560228e+01
  2.94964869e+01  2.48964209e+01 -2.47099446e+01 -2.69638111e+00
  5.37152059e+00 -2.46948667e+01 -4.05633216e+01 -6.78129382e+00]