[ -5.31623849   7.96283338  -4.89333198  -7.23751337  18.71923896
  -6.09269468 -28.87836502  -3.92017066  15.82732237  -5.71090492
  -4.12449808   7.96896078   0.07366436  15.82599295 -34.40085553
  11.50589242  21.7236176  -42.40066619 -31.10124002  22.25934498
  -1.7979646    5.97040816  55.1004656   20.47587429 -10.08554128
   9.0410798  -32.33315574 -22.64068379   0.73073273  -5.38340317
  11.35673251 -20.37631319 -15.37117602  -1.27431269  -1.1621859
  12.09633146  -2.56747194   8.19563459  20.61622351  16.47903505
   8.413823    11.54221772  -6.55255129  -7.33679319 -10.53595733
   6.60549417  15.77446144  45.33764853 -14.51636452   4.67086974
   4.4225663  -24.86175101  -0.22275844 -24.23214838 -25.27380255
 -36.94400625  -8.88626681  11.49412905   2.44097362   8.50767985
  -2.51689499 -11.43318311  -7.02954952  16.83598103 -36.18116756
   1.3586388    8.07448184   9.96107587 -26.21854887 -24.33017395
   7.35403188  24.26611161  17.10928085 -33.1901616   -3.52379242
  25.32341296 -28.5293808    0.57807262  12.42706052   7.9680522
  22.60708888   7.60413953   8.5794771  -45.40839981  17.54590674
  -7.2426617   -5.20955258   4.88016482  -1.34731298  -5.18109983
  11.91108984   8.87714132   6.63491017  13.57756976   3.54468184
  -6.26905749  16.34238016  -3.22223723  27.94680475  -6.58967165
  -0.19371792 -21.07009773 -30.97017866  -5.17053921   7.78990007
 -33.66745689 -20.82590052  10.12917216   5.35696399 -27.85660035
 -29.89619948  24.62739872  14.90432895 -26.14949487  11.06290917
 -20.59191659  20.07172808  15.1484455    2.10192307  11.20242894
 -19.73273286  13.08568728  -1.80089467  22.12065605   1.72245184
 -31.19670322 -21.70057572   4.59368381 -16.38609146   5.07703224
   1.63774085 -11.1193168   14.22575617  44.02878788   6.26994052
  17.18440979  -8.0505579  -12.27871455   9.09998927   4.68460166
  19.02624044  -3.44362416  -3.39472819  -4.42813601  12.69670815
  -0.78039708   7.94744505  -0.33804996   8.72912005  27.7255345
  -0.39790641   3.08167023  14.00323263 -21.20606405   6.01781537
  11.25516446 -16.93909584   0.61439691   2.59930517 -26.5576
  14.95047693   4.40723414  -5.91966131  18.71784308  11.66247259
 -32.98211466   8.09315033  -6.99811639   5.62778565  18.9823831
 -14.89229415  -7.99938956  32.23469497  -9.94263084   0.64228872
   5.484178    21.47151991 -12.42460646 -16.76198458  23.31937531
 -15.32170812  31.13150083  10.46403418  38.71333041   0.16238472
 -21.00303097  -3.88706094  15.03011394 -14.93287738 -11.25322927
  16.6869596   -9.82127792 -24.5005297   -7.56397664  24.7725767
  13.69492993   9.3885341  -27.27847963  -0.52059486 -15.64549073
   6.04591086  -9.28644071  20.26171982  10.51026925  -3.6526725
  -5.07987062  19.38074452  33.90784492  21.67852855 -17.24457728
  47.94634482   0.17022314  29.47014054 -16.73604872  12.00942846
   1.78400991  14.04097421   8.88722724 -30.17648971  23.05193884
   9.16004382 -23.43476447  -6.68482251  12.39820413  11.16774569
   3.09796512  -1.54333524   5.16919221  25.24280112 -21.52714033
  -1.26562351  -2.0434455  -27.9630376   -2.01781485  -2.85778538
 -19.89972067  -8.26621917  -4.68306014  -4.90670299  16.12424729
  10.10459509 -30.22653703  18.69801051  -1.5507159   -6.28400207
  19.35761471 -41.90532401 -15.03674571   1.02468804  18.69084745
 -41.30222565   0.71270932  16.76037178 -12.19174784 -35.55289593
  20.53756708   2.12482745 -15.95109164  22.30435469 -31.01327272
  -8.30193482   2.07349568  10.6357449   24.60175952  -2.73975378
 -29.02251328 -28.79472392 -16.35549779   7.92774346 -14.72763917
   0.5580313   13.33036945   2.98165974   0.94619794  -9.39002762
 -12.12237615  -7.72548552 -14.23781477  -2.8152209   22.39546915
  -7.73885568  -8.54106361 -33.19088762  -5.81261655  -3.99832401
   7.54502335  -3.38413063   2.98529078  -9.20562399 -10.72736096
  -5.07056666  13.25952969  20.57828724  24.16921144 -26.11815537
  -3.78911934   7.70574833 -25.79380257 -34.31377637  -6.71180325]