[ -3.22855535   4.23890627  -3.16474627  -7.65143374  14.55386943
  -9.64995302 -30.35843722  -9.41352319  21.75346756  -1.50429052
  -1.41427213  11.01626904  -7.24240922  18.17467038 -36.8343456
  13.10544686  20.37941951 -44.15073827 -34.13402746  31.76322978
   1.97927027  10.18248945  58.31940228  18.59815005 -11.04546025
  11.9215764  -31.11662056 -28.84602291   2.97140686  -7.99791923
  15.17971346 -21.21299197 -15.44998081   1.1139332   -3.48252058
  14.49647112  -4.01053179   5.68221458  26.04876769  19.58844919
   8.09920805  12.42947028  -4.79056664  -7.37061349 -18.51479782
  14.63622774  18.58026227  47.56497951 -19.02414904   5.65298493
   7.40013704 -22.25730659   0.27795778 -26.16695007 -31.00700076
 -40.95213794 -10.84265915  15.72373962   2.26081718  11.03273995
   0.78010614 -18.09731089 -13.27053333  18.44084763 -43.23492449
   0.97501164   9.77314223   6.76178521 -27.31914999 -19.40711182
   8.91941574  24.25578219  17.21854933 -34.28537979   0.56937797
  27.0089999  -31.63231857  -1.83226881  14.13257374   9.09303637
  21.95726178   4.54107804   6.92467287 -53.02550453  21.72015975
 -12.91426321  -4.7437513    1.93144318  -0.18416447  -7.21943952
  11.22731621  10.12644603   8.1763792   14.61076166   8.18940118
  -5.28862673  19.90450717   2.23408762  27.90778632  -6.50492145
  -2.80704164 -20.59994683 -30.15632248 -11.94881212  14.73939253
 -33.53507099 -20.25012047  12.53522763   8.39573469 -24.84106461
 -32.59098872  22.17097026  13.68061149 -24.31367988   6.21363602
 -20.0144446   23.52688414  12.4504381   -1.98694696  11.77777589
 -20.06417613  11.64341043  -1.47039511  26.87362825  -1.73882289
 -34.14106992 -23.88841204   4.12980596 -16.93166223   5.14196588
   4.11983158 -11.79641484  15.52131971  49.49283168   4.62266563
  20.68819888 -10.36348873 -15.61098782  16.2509413    3.0256264
  23.20084524  -5.09275115  -7.74576585  -5.66485148  12.94474741
   1.8659311    6.77581204   3.49105571  10.30516883  29.0173813
   2.87750599   6.12689681  19.74819982 -21.50568622   0.30096742
  13.62277518 -18.70650974   1.69206936  -1.20285698 -24.27369537
  13.02392672   4.77930307  -8.99235407  18.32219746  12.21058132
 -33.99801078  10.23136617  -9.03809723   7.24593146  16.93539671
 -19.35763636 -14.73743347  35.42037941  -8.47464473   2.20045099
   8.03837713  24.6145881  -13.0860344  -15.22784449  26.24118468
 -16.37015305  33.08337375   6.14693042  39.06444831   4.48180824
 -18.06898422  -2.34793791  13.1330202  -16.35699841 -15.00864263
  15.34701709 -10.58627616 -27.90205819  -4.17291345  25.2926178
  11.79492634  11.32173429 -33.5078852   -5.97633014 -19.7118607
   4.1068572  -10.89212874  16.70696245   8.38328897  -1.20068253
 -10.1117019   26.19304667  41.9461041   23.87938206 -17.80696048
  47.75495105   2.68395275  35.38207611 -19.7231973   12.15998895
   2.95057283  10.46910066  11.48969773 -29.97616058  22.67732263
  13.1099706  -22.86654454  -3.44641436  15.44320296  10.53761822
   0.60822846  -3.16852842   3.44168161  24.57636303 -25.81132958
   3.15946017  -6.24329265 -30.67834063  -7.24567316  -3.68378969
 -19.56796485  -7.04341708  -5.85469909  -6.08329896  20.55412292
  13.23163653 -29.5167729   26.34903577  -8.9040846   -9.83845273
  20.86568061 -48.08270201 -16.33709699   1.90889889  14.60884899
 -46.04752318   5.61493041  20.97959158 -11.92298892 -38.47240613
  23.68496593   4.17133795 -17.20771317  24.64886155 -36.68713599
  -7.37979254   1.3891995   12.24915285  25.18732292  -3.95388598
 -30.20760957 -24.8177357   -8.673554     8.04485192 -21.0256818
   5.61541865  15.729917     1.41345251   1.78417551  -8.74035329
 -11.18300827 -12.05345228 -16.18044378  -3.08023788  22.09654994
  -9.35777589 -13.67992024 -34.41227612  -6.50186181  -2.79032481
   9.9839049   -2.78625004  -3.63939425  -8.62650032 -13.8656662
  -1.27608994  20.53707885  24.8135305   21.68394052 -23.24135863
  -3.27618513   0.91054799 -27.18160857 -42.83206111  -4.92540027]