[-1.04799426e+01  1.29670167e+01 -1.13790609e+01 -9.43550450e+00
  3.13977950e+01 -1.28362670e+01 -5.18999381e+01 -1.45594846e+01
  4.31860561e+01 -1.06045059e+01 -1.07948715e+01  1.86500370e+01
  7.94697479e-01  2.48512682e+01 -6.11039628e+01  1.43268608e+01
  4.59003064e+01 -7.93102709e+01 -5.45544310e+01  4.95682779e+01
  8.55954880e-01  2.20153185e+01  1.02247078e+02  3.56351145e+01
 -1.92273918e+01  2.37329989e+01 -5.33808996e+01 -4.91173651e+01
  5.15699961e+00 -1.49608873e+01  3.01483152e+01 -3.91738024e+01
 -3.32329634e+01 -4.21496960e+00  1.61823323e+00  2.33578430e+01
 -2.08842169e+00  1.24030657e+01  4.15455262e+01  3.06385017e+01
  1.48016013e+01  1.84723589e+01 -1.48106070e+01 -1.33462134e+01
 -2.45656118e+01  1.85108405e+01  2.50547825e+01  8.59874083e+01
 -2.77288660e+01  1.08929701e+01  1.37538030e+01 -4.69574695e+01
 -1.96145292e+00 -5.11104535e+01 -5.10933176e+01 -7.30725840e+01
 -1.91128010e+01  2.28516649e+01  7.79319649e+00  1.81662968e+01
  1.93447059e+00 -2.83988052e+01 -2.31292797e+01  3.00406739e+01
 -7.64632451e+01  6.35123666e+00  2.17762034e+01  2.22598844e+01
 -4.42289378e+01 -3.46560350e+01  1.23910105e+01  4.18284758e+01
  3.10523290e+01 -5.62109396e+01 -6.70728662e+00  5.03231848e+01
 -6.06553560e+01 -3.54776416e+00  2.33760373e+01  1.70654041e+01
  4.18040326e+01  1.20046688e+01  1.67990740e+01 -8.53111463e+01
  3.04968785e+01 -2.30984360e+01 -1.39249616e+01 -3.94230396e-01
 -4.39703664e+00 -1.28038358e+01  2.15542958e+01  2.24438223e+01
  1.61046616e+01  2.55850558e+01  1.48326291e+01 -6.75209989e+00
  3.96980927e+01 -4.84624759e+00  5.76659711e+01 -1.85730657e+01
 -1.06905537e+01 -3.99185650e+01 -5.91155425e+01 -2.05288653e+01
  2.21091937e+01 -6.15675125e+01 -3.45681675e+01  2.18058544e+01
  1.76024415e+01 -4.66897804e+01 -6.53357789e+01  4.44286949e+01
  3.45837389e+01 -4.85531094e+01  2.19049798e+01 -3.97691250e+01
  4.47794010e+01  3.17492564e+01  2.37045985e+00  2.52486583e+01
 -3.50069198e+01  1.77326925e+01 -7.47193667e+00  4.54501527e+01
  5.96513321e+00 -6.37366017e+01 -4.01080196e+01  7.46780753e+00
 -3.06088444e+01  8.59453970e+00  5.16807680e+00 -2.60030164e+01
  2.82871447e+01  8.86388039e+01  4.49113730e+00  3.44197887e+01
 -9.67147567e+00 -2.49057914e+01  2.70135226e+01  6.96764831e+00
  4.23268447e+01 -5.67430388e+00 -1.14813633e+01 -1.05381089e+01
  2.45563342e+01  3.10633408e+00  1.85030693e+01 -7.88161216e-01
  2.06565686e+01  5.40455332e+01  4.88679628e-01  5.66341937e+00
  3.47085327e+01 -4.06335609e+01  8.07876538e+00  2.10110392e+01
 -3.10729467e+01  3.43181846e+00  4.66511196e-01 -4.69533733e+01
  2.01418197e+01  1.05359552e+01 -1.64991516e+01  3.10403578e+01
  2.53126280e+01 -6.43547461e+01  1.47807213e+01 -9.53227143e+00
  1.22200468e+01  3.03881577e+01 -3.06899858e+01 -2.62074047e+01
  6.06480190e+01 -1.16404894e+01  8.17716408e+00  1.45509278e+01
  4.04372324e+01 -2.51116498e+01 -2.68152629e+01  4.62879935e+01
 -2.82763730e+01  5.82243018e+01  1.40101669e+01  7.33887249e+01
  4.96977787e-01 -3.32875406e+01 -9.45429707e-01  2.43638163e+01
 -2.23493174e+01 -2.33062824e+01  2.91456495e+01 -1.74382540e+01
 -5.02315360e+01 -9.39626912e+00  4.98898282e+01  2.52674761e+01
  1.71897741e+01 -6.08800491e+01 -3.66848810e+00 -3.29328888e+01
  5.68708510e+00 -1.18836645e+01  3.52154488e+01  1.15856872e+01
  2.37566814e-01 -1.35920398e+01  4.12440335e+01  7.09511730e+01
  3.72557112e+01 -2.82010173e+01  9.48650573e+01  1.97953340e+00
  6.26175838e+01 -3.46002040e+01  2.25000613e+01  2.88472063e+00
  2.48491183e+01  2.13320606e+01 -5.60014192e+01  3.58497240e+01
  2.11103116e+01 -4.19821291e+01 -1.25464929e+01  2.72432047e+01
  1.87738696e+01  2.70126271e-01 -9.68425518e+00  5.80623181e+00
  4.90699150e+01 -4.33568292e+01 -4.38627022e+00 -1.38479122e+01
 -5.77483219e+01 -9.02287274e+00 -6.97211947e+00 -3.72535211e+01
 -1.25007025e+01 -1.44843115e+01 -1.16602240e+01  3.87210739e+01
  2.28168454e+01 -5.48847906e+01  3.70127931e+01 -1.30154217e+01
 -1.37354178e+01  3.58161255e+01 -8.45377766e+01 -2.67338515e+01
  6.65791001e-01  2.89256197e+01 -8.28362478e+01  6.25935447e+00
  3.12242016e+01 -2.24846098e+01 -7.18874587e+01  3.90077660e+01
  9.51719909e+00 -3.37577895e+01  4.34924167e+01 -6.17582934e+01
 -1.24979628e+01  4.10544010e+00  1.40647522e+01  4.38206749e+01
 -6.95646914e+00 -5.37212333e+01 -4.52781237e+01 -1.98278600e+01
  1.04812315e+01 -3.39189789e+01  3.12545361e+00  2.96729712e+01
 -5.94586579e-02  5.54793440e+00 -1.35453917e+01 -2.47025244e+01
 -1.98983626e+01 -2.86611550e+01 -2.15485334e+00  4.18084505e+01
 -2.27740828e+01 -2.35865384e+01 -6.16609667e+01 -1.30153394e+01
 -8.64963074e+00  1.59843439e+01 -7.31128063e+00 -1.47009488e+00
 -2.23427176e+01 -1.87738074e+01 -3.11133055e+00  2.79274073e+01
  4.36495607e+01  4.18818173e+01 -4.42973173e+01 -3.10151526e+00
  1.13722146e+01 -4.77731473e+01 -7.35833580e+01 -1.18121716e+01]