[ -7.06336809   7.99967545  -9.29682418  -2.51064148  20.65545704
  -8.63975902 -43.29876445 -10.25171514  30.75145221  -3.06587043
 -11.20439893  10.62665576  -4.57593834  17.59807005 -45.84796476
  13.97647375  30.51756041 -57.01403734 -41.46174948  35.48050533
   1.68488036  17.18702915  77.07874961  27.46955966 -15.21161658
  15.23166566 -37.09258313 -37.11467318   2.64993462  -7.89299319
  28.73548629 -30.62641888 -21.65018477  -4.77097411   0.20437556
  18.62967358  -0.30890055  10.16137565  32.10193724  21.46457398
   8.85164432  13.12200056 -13.13782438  -7.48239565 -24.05828935
  14.23426928  19.23671699  61.54991262 -23.36089732   8.41296864
  10.55095322 -34.01862672  -4.62300055 -36.79182276 -35.4738764
 -51.60188829 -16.08433304  16.0443613    7.14746672  14.18929282
   1.57083258 -25.86330066 -15.5583505   25.10718077 -55.2101718
   4.54791022  17.57384253  13.62473114 -32.26321184 -25.23802812
   7.86880987  31.55726003  25.41812    -41.74605257  -4.53250303
  37.86266609 -40.3564788    1.34414779  14.23481074  11.717001
  30.05144195   6.97518217   8.00482623 -65.82216394  22.8565649
 -15.7876327  -12.80628552   2.266007     0.30147865 -11.33992538
  15.03892498  13.73641058   9.35705952  21.81646487  10.11217318
  -5.23348196  26.5068642   -0.78305751  40.08687235  -9.15343788
  -8.84022442 -32.16561357 -43.12050005 -19.89867661  14.46745503
 -46.45690125 -22.55453676  15.31855955  11.73538163 -35.0406778
 -51.17755151  31.11907863  25.5313679  -32.37985704  14.13411845
 -29.37531598  33.69780005  22.63216438  -1.00572032  17.9271963
 -29.79628518  13.76621303  -6.20786992  34.03315762   2.59509909
 -43.92634219 -33.55643002   4.2165882  -25.05422209   5.15488494
   2.67390209 -15.91940223  25.51984846  66.38325915   1.33464965
  27.50947758  -0.70015281 -17.33045906  19.7539496    6.42435225
  29.61574764  -4.69725146  -6.28919156  -5.17092094  19.73780038
   5.7699344   12.90117358  -2.02012398  14.13692552  39.56876626
   5.44309289   4.12318995  27.34315207 -29.7582085    5.66178592
  17.26485505 -25.40624613  -0.99948517   2.46213937 -33.91727752
  14.79608475   4.95483996 -12.66366671  23.97852629  15.72535314
 -50.54767571  10.23834427  -8.99643654   9.43655822  22.87552408
 -22.96796615 -16.76274265  46.22440369 -10.69597162   2.50191294
  10.40384245  31.22264832 -21.10725404 -25.40505776  33.86810069
 -22.508983    43.62286778  10.99366854  54.27522272   6.22650584
 -24.33832017  -2.13698633  16.11442159 -18.6962707  -16.7099199
  18.54636951 -11.52468405 -34.3431025   -6.82910225  34.30276339
  16.61031154   8.35104712 -44.77495192  -3.56952641 -24.60199279
   7.99941749 -10.72630779  26.56668884  11.36087999   2.46375607
 -11.61646403  32.14710852  50.74970735  32.35820587 -20.55885408
  69.26419506   2.86057193  42.39009579 -26.11325543  15.73185622
   4.15598749  14.01582897  18.23238572 -42.17636926  29.40084349
  15.65909868 -32.34420456 -10.09760429  18.58750568  12.81557662
  -2.11611468  -7.32425698   7.10492439  37.2220691  -33.60566506
  -0.21914731  -9.38526811 -43.25073138  -9.9371234   -7.23779557
 -26.84506027  -9.70683273  -9.81784967  -7.75939236  26.95465781
  18.20384165 -36.95104685  28.19806896  -9.05361787 -13.30325819
  25.1830402  -63.44266174 -22.49102538   3.59566817  18.22155534
 -63.68538577   4.33085427  19.40634088 -14.63833015 -53.61223611
  29.88555636   5.96109936 -26.55970559  31.81988083 -45.63979425
  -8.23860256   5.08076049  14.76926712  33.45528165  -4.27396435
 -40.18999994 -37.34683197 -12.5767459    8.28575384 -24.99421152
   1.2865636   22.8253955    1.70880459   2.41945435 -10.89678328
 -16.30520829 -13.76737059 -20.65117123  -1.58571995  28.82966898
 -17.82072479 -16.80529595 -49.29497272  -9.19561909  -6.0877703
  12.5563563   -6.09421044  -1.2164857  -16.49268422 -14.89171549
  -5.83196565  23.82047554  36.39479929  31.20430603 -31.91325633
  -2.6834082    6.52473902 -32.78829841 -53.37361061  -8.42005596]