[-8.61539287e+00  1.14759182e+01 -1.08954575e+01 -7.17790301e+00
  2.78065981e+01 -1.10452348e+01 -4.94740300e+01 -1.49713387e+01
  3.94499828e+01 -9.85220151e+00 -8.58975414e+00  1.66785244e+01
  1.04399857e+00  2.20786684e+01 -5.68586699e+01  1.27432306e+01
  3.95956162e+01 -7.22927593e+01 -4.82332461e+01  4.76587671e+01
  4.21203453e+00  2.29003536e+01  9.09756174e+01  3.23511071e+01
 -1.68205154e+01  1.98796612e+01 -4.83027746e+01 -4.71647473e+01
  6.35838292e+00 -1.34185530e+01  3.10970375e+01 -3.57411887e+01
 -3.12785595e+01 -5.51542492e+00  2.68108489e+00  2.06126440e+01
 -3.37223109e+00  1.03575397e+01  4.00438611e+01  2.55645143e+01
  1.32421533e+01  1.57424221e+01 -1.48709008e+01 -1.19263657e+01
 -2.81860065e+01  1.83410466e+01  2.03221657e+01  7.88902057e+01
 -2.84531709e+01  1.04737565e+01  1.31694613e+01 -4.33243289e+01
 -3.89188750e+00 -4.53488972e+01 -4.86040344e+01 -6.69658371e+01
 -1.92105790e+01  2.24102793e+01  7.16606225e+00  1.67957119e+01
  3.50040850e+00 -3.03382222e+01 -2.61246630e+01  2.94101331e+01
 -7.20804505e+01  4.14945123e+00  2.11988753e+01  1.78053142e+01
 -4.18265690e+01 -3.13149344e+01  1.07179866e+01  3.72388626e+01
  3.06983279e+01 -5.03551587e+01 -2.75290002e+00  4.62847838e+01
 -5.40639747e+01 -1.21047593e+00  2.00668731e+01  1.32885218e+01
  3.74888788e+01  7.98139727e+00  1.25089571e+01 -8.07643455e+01
  2.61197898e+01 -2.01372598e+01 -1.37190844e+01  1.27765619e+00
 -4.43016993e+00 -1.37620439e+01  1.83935464e+01  1.91128922e+01
  1.41134741e+01  2.35954753e+01  1.31047179e+01 -6.38339108e+00
  3.61242796e+01 -2.99394023e+00  5.46625104e+01 -1.89015631e+01
 -1.54682607e+01 -3.67622584e+01 -5.39694797e+01 -2.39532548e+01
  2.06031559e+01 -5.52978189e+01 -3.03415015e+01  1.86582834e+01
  1.58102912e+01 -4.23272855e+01 -6.44013957e+01  3.89376192e+01
  2.98770948e+01 -4.30878911e+01  1.76267291e+01 -3.55420618e+01
  4.31843638e+01  2.89702953e+01  8.08528163e-01  2.26717766e+01
 -3.27232947e+01  1.51065871e+01 -1.01373630e+01  4.40845757e+01
  4.08086198e+00 -5.68438981e+01 -4.03002196e+01  5.15905941e+00
 -2.98427570e+01  7.13948863e+00  2.37930224e+00 -2.02449880e+01
  2.82451084e+01  8.21238353e+01  3.71782496e+00  3.22529978e+01
 -6.81593565e+00 -2.27770394e+01  2.48500289e+01  6.46786680e+00
  3.92600994e+01 -6.60421987e+00 -1.20735940e+01 -8.95939036e+00
  2.08934791e+01  3.80205451e+00  1.91594751e+01 -2.13573833e+00
  2.06784462e+01  5.01448983e+01  7.81180945e+00  5.56880054e+00
  3.18732665e+01 -3.66197808e+01  5.15864517e+00  2.15768521e+01
 -2.84214725e+01  4.03493763e+00  9.77342266e-01 -4.19272037e+01
  1.85939979e+01  1.02575143e+01 -1.38817858e+01  2.56718815e+01
  2.17410724e+01 -6.08637367e+01  1.10306092e+01 -1.05135531e+01
  1.05839744e+01  2.79519312e+01 -3.16371947e+01 -2.57819716e+01
  5.31719172e+01 -9.56393763e+00  7.03647989e+00  1.57434830e+01
  3.64674059e+01 -2.52885634e+01 -2.40987607e+01  4.30949965e+01
 -2.63731406e+01  5.43492067e+01  1.34991748e+01  6.76350104e+01
  1.07003235e+00 -3.10383335e+01 -7.88027016e-02  2.05529470e+01
 -2.12912691e+01 -2.01728982e+01  2.50089782e+01 -1.39394196e+01
 -4.40497434e+01 -7.73923901e+00  4.27486700e+01  2.14749000e+01
  1.43045829e+01 -5.89671358e+01 -4.86469864e+00 -3.12479508e+01
  5.81283065e+00 -1.25236985e+01  3.09563990e+01  1.12410725e+01
  3.66367078e+00 -1.50980487e+01  3.86700901e+01  6.47962852e+01
  3.36351506e+01 -2.44653968e+01  8.59472065e+01  1.71535174e+00
  5.48825438e+01 -3.35013664e+01  1.92547316e+01  1.83624332e+00
  2.07045114e+01  2.36598183e+01 -5.15436413e+01  3.04489182e+01
  2.05776687e+01 -3.78419640e+01 -1.36644771e+01  2.61420124e+01
  1.44945782e+01 -1.25833906e+00 -1.17952938e+01  6.96316121e+00
  4.55728941e+01 -4.16438846e+01 -1.04550442e+00 -1.68716038e+01
 -5.34818723e+01 -1.02494588e+01 -6.82516529e+00 -3.47566692e+01
 -6.98673633e+00 -1.18816145e+01 -1.01614367e+01  3.44742793e+01
  2.27746762e+01 -5.02196742e+01  3.73013861e+01 -1.57450562e+01
 -1.60171167e+01  3.15153131e+01 -8.07599812e+01 -2.58555040e+01
 -1.36616655e+00  2.32630612e+01 -8.02301779e+01  7.09463617e+00
  2.76503741e+01 -2.03609935e+01 -6.86052007e+01  3.79270330e+01
  1.00061319e+01 -3.21915331e+01  3.89618470e+01 -5.92606666e+01
 -8.74540836e+00  4.57252905e+00  1.36755899e+01  4.10439035e+01
 -6.63749780e+00 -4.95547458e+01 -3.96556835e+01 -1.49578917e+01
  1.13056797e+01 -3.01207820e+01  2.71355564e+00  2.85774591e+01
  1.15596640e+00  6.79400629e+00 -1.40999041e+01 -2.30926102e+01
 -1.88859169e+01 -2.58085862e+01 -1.21966565e+00  3.65266688e+01
 -2.28473625e+01 -2.36017213e+01 -5.87571335e+01 -1.20254785e+01
 -7.07362010e+00  1.55884055e+01 -5.95480224e+00 -1.21591219e+00
 -1.82661470e+01 -1.80774260e+01 -3.71244962e+00  2.56387054e+01
  4.33732685e+01  3.65626232e+01 -4.00460305e+01 -2.28637240e+00
  7.42871019e+00 -4.35979646e+01 -6.92771495e+01 -1.21562880e+01]