[-4.82676314e+00  1.14834109e+01 -9.44458316e+00 -4.54654117e+00
  1.63109517e+01 -7.34856109e+00 -2.82144935e+01 -6.16272203e+00
  2.44119137e+01 -4.14694733e+00 -7.16773044e+00  1.21987539e+01
  8.87192222e+00  1.24728179e+01 -2.81822778e+01  1.89911308e+00
  2.70885324e+01 -3.93636235e+01 -2.76767426e+01  2.62961768e+01
  2.58715508e+00  1.54852953e+01  5.37858745e+01  1.96394218e+01
 -1.04621149e+01  1.47552453e+01 -2.69589967e+01 -2.45510131e+01
  3.77948742e+00 -9.24663234e+00  1.89321801e+01 -2.15025324e+01
 -2.58744260e+01 -2.88004249e+00  3.02706542e+00  9.77373236e+00
  1.61246181e+00  5.19604758e+00  2.17748670e+01  1.09322521e+01
  4.50530537e+00  1.21310784e+01 -1.07594184e+01 -1.00926336e+01
 -1.29040160e+01  1.18114517e+01  8.34789612e+00  4.71678286e+01
 -1.53125452e+01  6.88070084e+00  7.18852467e+00 -2.55457341e+01
 -1.46890727e+00 -2.72194433e+01 -2.95914654e+01 -3.84368194e+01
 -1.54942906e+01  1.34712632e+01  7.45744329e+00  1.11648202e+01
  4.02453932e-01 -1.10221104e+01 -1.88944547e+01  1.54587971e+01
 -4.42735744e+01  4.38647638e+00  1.59467216e+01  1.27806533e+01
 -2.35892475e+01 -1.61575722e+01  3.53300917e+00  2.05073720e+01
  2.14801269e+01 -2.91339645e+01 -3.05503000e+00  2.76184669e+01
 -3.56903524e+01 -9.09867607e-01  7.15826336e+00  8.56530726e+00
  2.08083818e+01  5.47457594e+00  7.82006621e+00 -4.29741226e+01
  1.21501404e+01 -1.05051906e+01 -8.24248521e+00  2.98101628e-01
 -2.64306490e+00 -7.84194347e+00  9.76832665e+00  1.24837536e+01
  8.58395704e+00  7.95895208e+00  7.19025391e+00 -2.15286998e-01
  2.38596145e+01 -1.39289658e+00  3.71718517e+01 -1.45880751e+01
 -1.12863632e+01 -2.34169815e+01 -3.08947318e+01 -1.22799568e+01
  1.12751390e+01 -3.94267077e+01 -1.89439920e+01  1.45494352e+01
  1.27994603e+01 -2.80453834e+01 -3.82544892e+01  2.90443040e+01
  1.98462421e+01 -2.51443501e+01  1.33203822e+01 -1.92969676e+01
  3.09379084e+01  2.16728899e+01  5.69765281e-01  1.68459658e+01
 -1.69968904e+01  1.15248145e+01 -5.43895810e+00  2.71640432e+01
  5.21299862e+00 -3.59784628e+01 -2.07218554e+01  3.61822867e+00
 -2.17716189e+01  1.69742732e+00 -1.48546366e+00 -9.78704864e+00
  1.59687977e+01  4.99316025e+01  1.26690089e+00  2.23798853e+01
 -1.89300871e+00 -1.40263816e+01  1.33483653e+01  3.74116199e+00
  2.19688260e+01 -2.16300164e+00 -5.44032356e+00 -1.03632816e+01
  1.34963652e+01  3.07497250e+00  1.41452664e+01 -1.31248046e+00
  1.13743629e+01  2.78987992e+01  3.30077425e+00 -4.38906668e-01
  2.25564566e+01 -1.99074302e+01  9.58607139e+00  1.10905527e+01
 -1.46793778e+01  3.39308902e+00  9.16888332e-03 -2.99496671e+01
  1.11148805e+01  2.69756379e+00 -5.76040216e+00  1.67173212e+01
  1.07417577e+01 -3.91727547e+01  5.04322970e+00 -6.00885004e+00
  5.74502821e+00  1.55942979e+01 -1.54302454e+01 -1.46199044e+01
  3.14813115e+01 -2.17263801e+00  5.19899998e+00  2.18487089e+00
  2.39785432e+01 -1.22624305e+01 -1.22380117e+01  2.52759461e+01
 -1.36951254e+01  3.26696508e+01  1.40805742e+01  4.12829040e+01
 -3.07934741e+00 -2.10056330e+01  3.57533944e-01  1.19993630e+01
 -1.03882219e+01 -1.40989512e+01  1.76578106e+01 -7.17202671e+00
 -2.58703364e+01 -4.67958506e+00  2.64086398e+01  1.21974843e+01
  7.75827621e+00 -3.52434986e+01  5.06946550e+00 -1.79546499e+01
  5.84309889e-01 -2.39402682e+00  1.98261099e+01  6.96052678e+00
  9.04273721e+00 -7.61884585e+00  2.25598973e+01  3.48475578e+01
  1.92017951e+01 -1.47756254e+01  5.57999309e+01  1.50404460e+00
  3.39379678e+01 -2.04879343e+01  1.46250399e+01  1.48032414e+00
  1.44813074e+01  1.40906618e+01 -3.53170176e+01  1.51140239e+01
  1.33203054e+01 -2.35634094e+01 -1.19256282e+01  1.47491866e+01
  4.41269431e+00 -3.60710923e+00 -7.79032855e+00  2.15219867e-01
  2.57161324e+01 -2.60973606e+01 -7.96461044e+00 -1.43631521e+01
 -3.09135049e+01 -7.20786687e+00 -4.09606320e+00 -1.92367442e+01
 -3.92750531e+00 -4.83446840e+00 -1.04419285e+01  2.45996339e+01
  1.17223521e+01 -2.95786629e+01  1.83197429e+01 -4.70095802e+00
 -8.70261538e+00  1.81691228e+01 -4.60882813e+01 -1.21060478e+01
 -3.31666106e+00  1.46887998e+01 -4.54933967e+01  5.35835602e+00
  1.52501035e+01 -1.34284697e+01 -4.19433545e+01  2.42411941e+01
  8.74295853e+00 -1.87230532e+01  2.53830757e+01 -3.57649340e+01
  5.83716486e-01  3.71069821e+00  5.96337980e+00  2.43869466e+01
 -2.12735038e+00 -2.60368382e+01 -2.27793010e+01 -8.86854016e+00
  4.66291456e+00 -1.67628400e+01 -1.38033955e+00  1.93793585e+01
  3.01574700e+00  7.33969142e+00 -6.47623502e+00 -1.50994087e+01
 -1.06928659e+01 -1.53267877e+01  3.38372136e-01  2.33423390e+01
 -1.06519882e+01 -1.47586384e+01 -3.55631371e+01 -8.89210220e+00
 -9.10458583e+00  1.35470817e+01 -8.45159707e+00  8.82727501e-01
 -1.25573680e+01 -8.31786170e+00 -2.80137899e+00  1.07389031e+01
  2.12451729e+01  2.43953829e+01 -2.54810935e+01 -4.00603032e+00
  7.17934677e+00 -2.43993356e+01 -3.78988479e+01 -5.46363577e+00]