[ -3.09946814   7.94780666  -5.13990339  -9.32963917  16.51676458
 -10.18642734 -30.38563694  -7.47703245  21.89507302  -2.31763685
  -1.64134766  12.74210194   0.86759314  17.30885224 -34.10334766
   9.77609534  23.31375371 -46.28278209 -34.76878482  29.77506012
   2.40791475  12.59016993  59.1256271   19.37890787 -11.90407543
  13.8520731  -32.95740971 -25.760275     2.94881971  -9.69540226
  14.7781894  -22.12464587 -21.63294576   1.97025625  -2.34587406
  13.56699146  -2.55486583   6.20635375  24.50906617  17.53731855
   7.56112495  14.49769643  -5.78935052 -10.57605331 -14.36064262
  13.2923928   16.16667769  49.60788657 -18.48364695   5.20575979
   7.30562611 -26.49196686   0.08783305 -27.45783774 -33.31546535
 -43.030796   -13.3673086   16.73978549   5.00893268  12.49834112
  -1.47719073 -13.20834534 -15.79397482  18.93567197 -45.50612688
   3.09866475  12.99556764  10.8300834  -28.4147153  -21.12028598
   6.70913144  26.35349878  19.58640346 -35.31744999  -1.48402203
  28.29800291 -35.48075485  -2.32200665  12.79581928   9.99892509
  21.68097584   6.38340125  10.41924184 -51.47190192  21.28319582
 -11.66233471  -5.2541686    2.88653976  -1.46180594  -8.82321265
  11.5497601   12.64381226   7.96789186  11.27224335   9.17996177
  -3.29368723  21.66766964   1.47831194  32.68867484 -10.24719461
  -4.60427906 -24.08202458 -32.74093116 -10.21577848  12.92173982
 -38.13892598 -23.13143261  15.45832501  10.48090015 -28.43378382
 -34.99308944  28.24186489  15.89347524 -26.94667344   9.66207658
 -19.59107643  26.24057414  16.57300527  -0.61256227  14.21100228
 -18.96399016  13.6629724   -0.61299892  27.43495559   1.37360077
 -38.01456271 -22.79687683   4.82246271 -20.36498013   3.86643986
   2.8602288  -11.76386496  15.46555061  52.08779297   5.93612462
  22.54156114 -10.13834493 -15.44732756  14.94118817   2.77836955
  23.80872679  -4.50888196  -6.95832603  -9.017544    12.713847
   2.40556309   9.95718831   1.55293971  11.59545394  29.14976222
   1.67597481   3.28437464  20.54995343 -21.6736516    5.31052405
  12.62841961 -18.45387458   2.92135133  -2.12965531 -28.11666955
  14.35937029   3.55660109  -7.45423836  20.44057013  12.16460187
 -38.09471537   9.43841617  -8.01996278   5.79152724  18.28491074
 -18.1444215  -13.51062191  36.70589039  -6.6984639    3.14980165
   4.44529057  26.94233267 -12.00168046 -13.94711923  27.212908
 -14.85750121  35.11761156  10.76114208  42.50124731   0.92540413
 -20.48849176  -1.84740005  15.41012299 -14.35888879 -16.7221613
  18.56742554  -9.7387229  -28.7825806   -6.17445346  28.2717213
  13.2708607   12.20348694 -35.48080235  -1.49552452 -20.2242749
   1.75424999  -8.63821827  20.43314815  10.40075422   2.01047655
  -8.85078222  25.63049507  40.4728992   24.06766212 -17.95214471
  54.07174323   2.17705048  38.12737335 -21.47629747  13.86627611
   1.29238213  14.75367769  12.75916373 -35.11319799  21.58832395
  14.63326652 -24.92602988  -6.22169458  16.09112331   8.64276032
  -0.55569209  -4.31716023   0.65579524  25.10882222 -26.5032748
  -1.50427509  -8.74617131 -30.64870637  -6.76193598  -4.96963553
 -21.7934223   -6.21427081  -4.89574138  -8.91108526  23.50311425
  13.82084719 -32.50007961  24.4317722   -5.11108052  -9.44314159
  20.71612274 -48.32933691 -16.06441053   0.25452862  19.16953766
 -47.03089369   7.17587152  21.66296019 -12.75015763 -41.75202102
  24.98382714   5.71036853 -16.93437974  26.82164822 -38.64556096
  -4.84050755   2.53581683   8.73716663  26.81523578  -3.17065658
 -29.62572221 -25.15236098 -11.34919821   7.63378238 -19.74441406
   3.92535478  19.35983003   3.24986959   2.39094933  -7.77199207
 -13.6920326  -13.28944673 -16.52312933  -2.97870576  24.74708921
  -8.60395303 -13.49126114 -35.75501693  -7.628355    -7.33349504
  12.57252313  -5.45168672  -1.79573092 -10.70682532 -11.9807336
  -2.08829232  16.49553595  20.87726954  24.17324626 -27.10250191
  -5.5320668    3.56695399 -28.07196005 -43.23235946  -3.35176303]