[ -0.33988487   4.88111068  -5.97304648  -1.61592747   9.63681624
  -6.58809268 -20.74951951  -5.59406675  13.49673883  -4.51700284
  -0.93284327   5.82844906   4.82999614  10.07114896 -23.30337593
   3.33822721  18.98076539 -30.73744834 -22.07587658  21.696424
   4.54671745  12.28032747  38.62580007  13.39968923  -8.05456489
   9.87374268 -18.95459412 -20.36029753   3.54310726  -9.12308638
  12.73671887 -14.19319292 -18.35077975  -1.99865913   1.56363472
  10.22039884  -2.16686135   3.69303396  17.37680317   8.79271442
   3.33352794   6.48717688  -6.74527467  -6.54958854 -10.57110573
  10.68625652   5.18645335  34.20219555 -11.42293563   4.95451573
   6.4028083  -17.21542939   0.47410958 -19.23401635 -22.95080705
 -28.55815268 -10.43681598  12.34393414   5.46027723  10.08256385
   1.63097958 -11.45317297 -13.70435696  12.53057481 -33.82013639
   1.54888172   9.70294203   8.56421021 -18.94196922 -11.12994095
   1.94789581  15.36254213  15.51671443 -23.49487145  -3.01364792
  18.38132868 -26.15039262  -1.67219685   4.88931173   4.65328364
  16.50661653   2.38235222   5.43026034 -32.70475991  11.75863439
  -8.22513267  -6.32991756   3.3607762   -2.20551457  -6.67802172
   5.35928329   9.25609594   5.26726726   6.84048871   5.88676513
  -0.1921898   15.33686042   2.6757702   25.65049642  -9.14717044
  -9.36166596 -15.72578417 -22.42845359 -11.15060444  10.68067
 -23.68019819 -12.62275553   8.01255703   6.93467137 -18.79785607
 -26.85517399  19.7585092   11.58894813 -17.31965983   6.08160203
 -11.92298579  22.29348135  13.0263281    1.01099307   8.84435672
 -14.64608853   8.567601    -4.51196045  18.89837659   3.17398493
 -26.14139699 -18.36201653   2.48625974 -16.67183369   2.8521755
  -0.71650559  -6.32922335  11.63910878  33.56636022   1.45752431
  18.66138259  -4.17654966  -9.79317531   8.7575159    1.21073602
  16.28926512  -2.21708233  -7.06423525  -7.70157014   8.14056022
   1.27726768   7.63955734   0.76453536   7.73928302  20.96794752
   3.67689513   3.24717369  15.72910153 -14.75952476   4.05771455
   8.60075099 -11.54756865   1.25865711  -2.27996912 -17.13510992
   8.57082873   1.21838053  -5.85257689   8.75533568   8.28440128
 -28.11915066   5.44450453  -4.36955318   2.75522048  12.82591094
 -12.24574921 -12.70275158  24.4171682   -3.45302524   6.60424246
   1.63506628  17.76336289 -11.93984864  -8.15105202  17.2914635
  -9.46897937  24.69200689   6.79960815  29.16581849   0.35494935
 -12.93862912  -0.7493819    6.20283332  -8.06599768 -10.61401817
  12.3436594   -5.07136188 -18.35832019  -0.55112819  16.81546971
   8.89179727   6.96796389 -27.32058408  -0.15166394 -11.73333161
   1.69230379  -3.39399218  13.90083297   5.2749508    5.15609482
  -6.98610409  18.46049143  27.23443968  15.77715172 -11.39325582
  37.11526408   2.19265087  23.64713012 -17.10145892  10.96065226
  -1.6589449   10.62022392  11.64041805 -24.19552565  11.74701496
  10.53973371 -17.04036454  -6.84969139  11.92237547   4.13757419
  -2.52570034  -5.69502463   0.24220872  18.44295544 -16.40387076
  -2.2577379   -7.30231933 -21.34968135  -5.54507673  -0.80542333
 -15.47349059  -1.92066794  -1.11383738  -5.89352344  18.82875967
  11.66196479 -21.85576783  16.69917076  -6.23936218  -6.38867904
  14.22941767 -33.65042487 -11.38545586  -0.86010537  12.18014038
 -34.13915875   5.73850366  13.36048391  -8.29595384 -29.48519682
  16.39160934   6.69919484 -12.73430968  19.5888492  -27.72112168
  -1.07480751   0.39775922   5.4203435   17.6375356   -1.16277057
 -21.77535603 -14.20167825  -6.57684535   4.34699325 -13.06114335
   1.49490085  11.66898046  -1.65591993  -0.24927074  -4.129154
 -10.627541    -9.30889887  -6.35665577  -2.7229697   13.02840841
  -8.18508623  -9.68228969 -23.82316648  -6.10310522  -7.80417725
   9.47140575  -5.03273828   1.7071607   -6.67298525  -7.67477488
   0.50585285  12.22577582  14.146645    15.67719696 -16.80444302
  -5.60922073   0.58567934 -18.65931655 -29.34206561  -3.56869817]