[-4.93491044e+00  1.00739729e+01 -5.33810067e+00 -4.50670298e+00
  1.82493142e+01 -8.22320598e+00 -3.26781210e+01 -7.02888014e+00
  2.42126461e+01 -3.64755708e+00 -8.12955908e+00  9.16779447e+00
  2.98496459e+00  1.41332465e+01 -3.51971643e+01  7.67292758e+00
  2.90116578e+01 -4.80558433e+01 -3.36998642e+01  3.03523927e+01
  1.63277273e+00  1.34268062e+01  6.32884281e+01  2.08137102e+01
 -1.24143314e+01  1.54393968e+01 -3.10505860e+01 -2.72622101e+01
  3.38503915e+00 -9.02218906e+00  1.93433424e+01 -2.50716405e+01
 -2.22711803e+01 -4.11986068e+00  2.18320310e+00  1.34068239e+01
 -1.45527497e+00  8.30060583e+00  2.30063532e+01  1.56069948e+01
  7.18589283e+00  1.20216393e+01 -1.05219130e+01 -9.38567107e+00
 -1.48356362e+01  1.24256204e+01  1.33236334e+01  5.27866222e+01
 -1.64338780e+01  6.79124847e+00  8.86175318e+00 -2.68617695e+01
 -1.59945952e+00 -2.96738346e+01 -3.21829366e+01 -4.22172459e+01
 -1.41838497e+01  1.59457756e+01  6.29196379e+00  1.22648053e+01
 -9.98552888e-01 -1.41552976e+01 -1.51165376e+01  1.88606533e+01
 -4.57037981e+01  2.61387972e+00  1.49176442e+01  1.47169308e+01
 -2.79835698e+01 -2.15117928e+01  5.03534763e+00  2.62704257e+01
  2.27252138e+01 -3.58836619e+01 -6.08050213e+00  3.06577865e+01
 -3.96100632e+01  1.53325036e+00  1.07656789e+01  9.39927327e+00
  2.39745230e+01  7.31839138e+00  7.12214725e+00 -5.00987163e+01
  1.91460841e+01 -1.31235261e+01 -9.30693665e+00  8.72828858e-01
 -1.99898501e+00 -9.61540586e+00  1.31332620e+01  1.34516723e+01
  9.13329607e+00  1.41895517e+01  6.99294643e+00 -2.32500418e+00
  2.44739185e+01 -1.89599660e-02  3.58170581e+01 -1.16141508e+01
 -7.60997188e+00 -2.55485517e+01 -3.57139597e+01 -1.43120177e+01
  1.20712630e+01 -3.92457688e+01 -2.14245533e+01  1.39532625e+01
  1.13822150e+01 -3.02571404e+01 -3.87890332e+01  2.92705782e+01
  2.22675532e+01 -2.89185642e+01  1.49120537e+01 -2.19605331e+01
  2.90562076e+01  1.97935768e+01  1.82388933e+00  1.69029231e+01
 -2.18317005e+01  1.23753398e+01 -2.11312742e+00  2.76341433e+01
  3.38552836e+00 -3.84252831e+01 -2.56741072e+01  6.24058842e+00
 -2.19522001e+01  5.89364412e+00  2.42436832e+00 -1.38363227e+01
  1.75932369e+01  5.49225504e+01  2.76657538e+00  2.26438180e+01
 -4.77345806e+00 -1.41675429e+01  1.37239937e+01  5.27538159e+00
  2.55911411e+01 -2.55678949e+00 -4.75327128e+00 -7.95172452e+00
  1.58977046e+01  2.96094125e+00  1.26451860e+01 -4.37111002e-01
  1.13619569e+01  3.23184942e+01  1.06224096e-01  2.44112014e+00
  2.11907982e+01 -2.28402365e+01  7.35414111e+00  1.37018749e+01
 -2.05599413e+01  2.64344149e+00  5.47153225e-01 -3.05303432e+01
  1.18909848e+01  4.54399921e+00 -8.65699391e+00  2.08488824e+01
  1.22221608e+01 -4.11198714e+01  8.44440039e+00 -5.86708450e+00
  7.66750380e+00  1.75267672e+01 -1.81239400e+01 -1.50163827e+01
  3.59009346e+01 -8.26122174e+00  2.48736511e+00  4.48765888e+00
  2.41011424e+01 -1.45944753e+01 -1.66398671e+01  2.58867919e+01
 -1.67113828e+01  3.61897213e+01  1.16352481e+01  4.47669243e+01
  4.38379734e-01 -2.22521974e+01  7.89190949e-01  1.39133840e+01
 -1.20165445e+01 -1.58190386e+01  1.81777912e+01 -8.82551057e+00
 -2.76594651e+01 -5.45650474e+00  3.05365879e+01  1.62138462e+01
  8.78253052e+00 -3.61252403e+01  1.76345444e+00 -2.07500478e+01
  5.32694460e+00 -6.21527703e+00  2.32184189e+01  9.21537685e+00
  3.04638611e+00 -8.50268220e+00  2.58952292e+01  4.00712656e+01
  2.71544076e+01 -1.69048885e+01  6.04551462e+01  4.33286332e+00
  3.91385792e+01 -2.28772562e+01  1.47113927e+01  3.28625480e+00
  1.47864768e+01  1.40888651e+01 -3.58313085e+01  2.09436097e+01
  1.29072656e+01 -2.63855247e+01 -8.62896815e+00  1.68988782e+01
  9.60988707e+00 -8.29228350e-01 -6.81373836e+00  2.36985630e+00
  3.04732151e+01 -2.63736165e+01 -4.38294069e+00 -1.01904691e+01
 -3.40631185e+01 -6.29176835e+00 -3.80873134e+00 -2.04947454e+01
 -6.38494169e+00 -5.69148689e+00 -7.57941843e+00  2.39258189e+01
  1.37329938e+01 -3.34847278e+01  2.23876992e+01 -4.97302089e+00
 -9.20699455e+00  1.99881621e+01 -5.07172760e+01 -1.79992387e+01
  1.73530341e+00  1.82776188e+01 -4.93026393e+01  4.05193511e+00
  1.75611832e+01 -1.41025404e+01 -4.48209578e+01  2.58345081e+01
  6.90424100e+00 -2.23185600e+01  2.59477684e+01 -3.90837787e+01
 -4.37543190e+00  3.72320646e+00  7.91469134e+00  2.58864403e+01
 -2.17211983e+00 -3.09822412e+01 -2.83745794e+01 -1.21945529e+01
  6.69383665e+00 -1.87302065e+01  6.92729096e-01  1.78735277e+01
  1.45212468e+00  3.08262436e+00 -6.30592737e+00 -1.72065611e+01
 -1.24067240e+01 -1.66549127e+01 -1.24186082e+00  2.32536566e+01
 -1.24343628e+01 -1.20640570e+01 -3.81625697e+01 -6.72310229e+00
 -9.82171219e+00  1.06478035e+01 -6.75291387e+00  2.08472985e+00
 -1.38675087e+01 -1.03503120e+01 -2.46297873e+00  1.54034898e+01
  2.57901867e+01  2.66066673e+01 -2.64480643e+01 -2.86390173e+00
  5.04363668e+00 -2.70673608e+01 -4.42349116e+01 -5.33191295e+00]