[-5.35506622e+00  9.34868295e+00 -6.45458629e+00 -5.82958326e+00
  1.84279115e+01 -8.48861512e+00 -3.11867935e+01 -9.33232921e+00
  2.41127432e+01 -7.83576378e+00 -3.73044999e+00  1.14210566e+01
  6.12304458e+00  1.50156672e+01 -3.49672068e+01  6.01043934e+00
  2.74504283e+01 -4.60332702e+01 -2.97190796e+01  3.17525074e+01
  2.26896217e+00  1.41365717e+01  5.72590407e+01  2.00096531e+01
 -9.71186872e+00  1.49516891e+01 -3.09203635e+01 -2.89261317e+01
  5.18254794e+00 -9.92153674e+00  1.52612042e+01 -2.26899521e+01
 -2.29916992e+01 -3.52487800e+00  2.94908462e+00  1.20346187e+01
 -2.03726809e+00  6.13337297e+00  2.38316317e+01  1.32260409e+01
  8.43892349e+00  1.09218345e+01 -9.28112131e+00 -9.66883950e+00
 -1.49151318e+01  1.39531911e+01  1.13678399e+01  5.27476910e+01
 -1.74168881e+01  5.95505880e+00  7.69624389e+00 -2.54925885e+01
 -6.34282771e-01 -2.84888093e+01 -3.28978170e+01 -4.21674317e+01
 -1.28573645e+01  1.68143748e+01  4.14548000e+00  1.00841534e+01
  1.43608819e+00 -1.43163838e+01 -2.01853358e+01  1.66332292e+01
 -4.74878243e+01  2.50456846e+00  1.29800040e+01  1.31646776e+01
 -2.89791765e+01 -2.00542983e+01  6.19159873e+00  2.22401842e+01
  2.10440600e+01 -3.33128890e+01 -1.25835492e+00  2.85992854e+01
 -3.84972413e+01 -1.16899264e+00  1.13771420e+01  7.80252715e+00
  2.34571327e+01  5.31384391e+00  8.00817744e+00 -4.95354945e+01
  1.64855129e+01 -1.15170198e+01 -6.99084248e+00  3.02172180e-01
 -3.72962691e+00 -8.31034668e+00  1.06187410e+01  1.36092947e+01
  1.04371805e+01  1.11789513e+01  7.09486091e+00 -1.70454055e+00
  2.45685184e+01 -8.33760997e-01  3.71233617e+01 -1.42167327e+01
 -1.05859429e+01 -2.21722156e+01 -3.39532412e+01 -1.30023149e+01
  1.51840160e+01 -3.74817829e+01 -2.15018215e+01  1.31183612e+01
  1.16235370e+01 -2.84080402e+01 -3.86621723e+01  2.70000280e+01
  2.03835012e+01 -2.75934227e+01  1.27544476e+01 -1.96028710e+01
  2.87332130e+01  1.82958131e+01  2.24408759e+00  1.57486287e+01
 -1.87446934e+01  1.09076362e+01 -4.66239274e+00  2.71769588e+01
  3.22517544e+00 -3.79822297e+01 -2.36548217e+01  5.21119797e+00
 -2.13061183e+01  4.99736707e+00  5.90215856e-02 -1.19554335e+01
  1.55706738e+01  5.31929372e+01  1.42107029e+00  2.16454105e+01
 -8.27796554e+00 -1.51387025e+01  1.49786506e+01  4.62426134e+00
  2.53779025e+01 -2.15818572e+00 -8.24110514e+00 -8.73745895e+00
  1.25593609e+01  7.41840722e-01  1.34061411e+01 -4.49032003e-01
  1.36552709e+01  3.08361952e+01  2.94346663e+00  2.52964128e+00
  1.97679479e+01 -2.30196246e+01  6.37830161e+00  1.40552022e+01
 -1.71121123e+01  3.27909901e+00 -5.81955853e-01 -2.96359426e+01
  1.21118848e+01  4.88008310e+00 -5.84128920e+00  1.68883639e+01
  1.30227582e+01 -3.85948768e+01  7.96240965e+00 -6.86880175e+00
  6.48673812e+00  1.81391121e+01 -1.98914267e+01 -1.82700677e+01
  3.19673604e+01 -5.26124370e+00  4.13573457e+00  7.93355349e+00
  2.29954185e+01 -1.40190856e+01 -1.25059029e+01  2.60665152e+01
 -1.65615412e+01  3.46614546e+01  1.10548793e+01  4.33136089e+01
 -2.98095843e+00 -2.22300862e+01  8.77248863e-01  1.28564908e+01
 -1.38538137e+01 -1.42288056e+01  1.84596491e+01 -8.26585991e+00
 -2.76857906e+01 -5.02874995e+00  2.83111854e+01  1.55155958e+01
  1.07439321e+01 -3.77039885e+01  1.04545868e+00 -2.09428779e+01
  1.58831568e+00 -6.47809918e+00  2.04118529e+01  6.80768859e+00
  3.97768820e+00 -8.67574550e+00  2.47949944e+01  4.03421743e+01
  2.12069516e+01 -1.64048284e+01  5.61281237e+01  1.86759965e+00
  3.63970237e+01 -2.21494947e+01  1.47264551e+01  2.23738573e+00
  1.52414529e+01  1.46704031e+01 -3.40966407e+01  1.69099105e+01
  1.37618474e+01 -2.39125208e+01 -1.00745703e+01  1.69463694e+01
  7.84364942e+00  5.47096478e-02 -8.18227904e+00  3.41986091e+00
  2.93814392e+01 -2.55933701e+01 -3.65591940e+00 -1.36805001e+01
 -3.29743173e+01 -4.35200929e+00 -3.69956680e+00 -2.09799918e+01
 -3.69676107e+00 -5.29825350e+00 -8.04582469e+00  2.57844082e+01
  1.27884430e+01 -3.46369321e+01  2.22911795e+01 -8.96302365e+00
 -9.90677443e+00  1.90757042e+01 -5.04050277e+01 -1.44161758e+01
 -2.99789682e+00  1.62625107e+01 -4.79309260e+01  5.31909467e+00
  1.85248596e+01 -1.49559330e+01 -4.21001326e+01  2.60462451e+01
  7.21086529e+00 -2.12482976e+01  2.59481664e+01 -3.90168270e+01
 -3.82735385e+00  2.07102378e+00  7.51070880e+00  2.48973783e+01
 -2.95583702e+00 -2.93237952e+01 -2.24780543e+01 -1.03147959e+01
  8.31068397e+00 -1.93093416e+01  1.90645688e+00  1.84133102e+01
  1.54691901e+00  5.71623902e+00 -7.49278643e+00 -1.65806719e+01
 -1.23536432e+01 -1.54638708e+01 -1.26845049e+00  2.31955473e+01
 -1.24988267e+01 -1.46002170e+01 -3.58257865e+01 -6.33906374e+00
 -5.95400107e+00  1.02789934e+01 -4.77280038e+00  1.38420200e+00
 -1.12459607e+01 -1.13471264e+01 -1.86380464e+00  1.34082353e+01
  2.58035255e+01  2.46399551e+01 -2.33053574e+01 -3.06525735e+00
  5.38593950e+00 -2.69050281e+01 -4.43067809e+01 -6.68239236e+00]