[-5.46480362e+00  1.03274569e+01 -8.07927198e+00 -1.10281689e+01
  2.21079471e+01 -1.14208636e+01 -3.91885620e+01 -9.04931317e+00
  2.67289765e+01 -4.76815855e+00 -2.22545534e+00  1.54321758e+01
  1.09357244e+00  2.22995289e+01 -4.39532469e+01  1.27932832e+01
  2.94054595e+01 -5.81712797e+01 -4.39590656e+01  3.55971931e+01
  1.75380879e+00  1.54000952e+01  7.57717824e+01  2.60118693e+01
 -1.42650378e+01  1.68424496e+01 -4.23871449e+01 -3.32110046e+01
  3.61391874e+00 -1.15985055e+01  1.80843886e+01 -2.78654188e+01
 -2.65096868e+01  1.61427488e+00 -2.78332177e+00  1.69288533e+01
 -2.69033055e+00  8.07023700e+00  3.10357577e+01  2.19896899e+01
  1.00087436e+01  1.76236762e+01 -7.84867402e+00 -1.30073196e+01
 -1.80659205e+01  1.55641586e+01  2.08569537e+01  6.31197971e+01
 -2.30660952e+01  6.32740389e+00  8.45163389e+00 -3.48454306e+01
 -5.31739658e-02 -3.62698548e+01 -4.06063954e+01 -5.44830653e+01
 -1.49756685e+01  2.00974367e+01  5.59686309e+00  1.52236305e+01
 -1.53522179e+00 -1.62979954e+01 -1.72774991e+01  2.38058098e+01
 -5.73140295e+01  4.03093377e+00  1.56832581e+01  1.37027297e+01
 -3.72975637e+01 -2.75647139e+01  8.50038093e+00  3.32591536e+01
  2.45475505e+01 -4.62820746e+01 -3.12565615e+00  3.60374990e+01
 -4.37420300e+01 -2.43498084e+00  1.52772382e+01  1.20197595e+01
  2.90088805e+01  8.03434435e+00  1.37168681e+01 -6.50364601e+01
  2.58420294e+01 -1.34656588e+01 -7.71799549e+00  3.87174094e+00
 -1.39484153e+00 -9.85355608e+00  1.47684346e+01  1.54031016e+01
  9.89655749e+00  1.57942537e+01  1.09652844e+01 -5.10733978e+00
  2.65319484e+01 -3.80112801e-01  4.19642825e+01 -1.16028931e+01
 -5.09434419e+00 -3.02806613e+01 -4.23554932e+01 -1.16447070e+01
  1.48204217e+01 -4.93913660e+01 -2.91558290e+01  1.87337408e+01
  1.20699069e+01 -3.69619915e+01 -4.45573970e+01  3.50790069e+01
  2.13195598e+01 -3.48539536e+01  1.37258849e+01 -2.49300557e+01
  3.28753433e+01  2.08349051e+01  1.76353237e-01  1.82435064e+01
 -2.50619463e+01  1.71667157e+01 -1.61582808e+00  3.26886705e+01
  3.49346279e+00 -4.82669747e+01 -2.91723132e+01  6.42620852e+00
 -2.58257312e+01  5.36635459e+00  2.42756887e+00 -1.55694268e+01
  2.03516717e+01  6.52749719e+01  7.31510823e+00  2.83935932e+01
 -1.21480827e+01 -1.93497717e+01  1.83112077e+01  5.13644953e+00
  2.99771786e+01 -5.33608290e+00 -8.26387528e+00 -1.08862140e+01
  1.66507437e+01  3.09396042e+00  1.32623990e+01  1.88533559e+00
  1.41152576e+01  3.59464299e+01  2.33196398e+00  3.90794299e+00
  2.46101533e+01 -2.82276550e+01  7.88571843e+00  1.63720150e+01
 -2.38213994e+01  2.35601357e+00 -1.53920642e+00 -3.60097970e+01
  1.89312705e+01  4.35015373e+00 -8.62407426e+00  2.70190490e+01
  1.62766339e+01 -4.78891593e+01  1.23998916e+01 -9.79855581e+00
  7.38102673e+00  2.51514299e+01 -2.26088098e+01 -1.63641435e+01
  4.72902615e+01 -9.24764457e+00  3.71036994e+00  6.44525095e+00
  3.33629212e+01 -1.61008054e+01 -1.86027128e+01  3.44154221e+01
 -1.94681145e+01  4.38516267e+01  1.46032606e+01  5.53296778e+01
  4.64929338e-01 -2.67058216e+01 -3.25738283e+00  1.98296721e+01
 -1.97046022e+01 -1.95261703e+01  2.41669229e+01 -1.21369473e+01
 -3.65022243e+01 -8.41936566e+00  3.47210612e+01  1.74382439e+01
  1.46806635e+01 -4.41742345e+01 -6.97510188e-01 -2.42806028e+01
  4.37790138e+00 -1.11825802e+01  2.71365761e+01  1.32282805e+01
  1.14713683e+00 -1.00853831e+01  3.17259162e+01  5.07071439e+01
  2.99646644e+01 -2.30630344e+01  6.94702421e+01  2.25647974e+00
  4.66137771e+01 -2.56242265e+01  1.80368788e+01  8.53697765e-01
  1.93204264e+01  1.45633723e+01 -4.47722974e+01  2.88326926e+01
  1.90339242e+01 -3.27626969e+01 -8.83660555e+00  1.94950014e+01
  1.21015287e+01 -1.17288617e-01 -4.75910645e+00  2.73765346e+00
  3.34734969e+01 -3.31889912e+01 -2.09171118e+00 -9.26614360e+00
 -3.94498696e+01 -6.93012964e+00 -6.12290963e+00 -2.91432730e+01
 -9.49658222e+00 -6.35734696e+00 -1.01383184e+01  2.81068604e+01
  1.75870857e+01 -4.12086291e+01  2.99969498e+01 -4.89269727e+00
 -1.03345043e+01  2.66776018e+01 -6.07356903e+01 -2.02202160e+01
 -2.47327249e-01  2.45516627e+01 -5.95539643e+01  7.87450929e+00
  2.66235597e+01 -1.63085204e+01 -5.24877877e+01  3.07065461e+01
  6.36504244e+00 -2.19688815e+01  3.33511625e+01 -4.86916523e+01
 -6.23353011e+00  2.57231845e+00  1.23665523e+01  3.48120399e+01
 -3.92970819e+00 -3.83394082e+01 -3.49173476e+01 -1.58496351e+01
  1.03234141e+01 -2.41390133e+01  3.86995374e+00  2.38328753e+01
  2.98187194e+00  2.43265222e+00 -1.08113006e+01 -1.66960943e+01
 -1.39907666e+01 -2.02628223e+01 -4.55644263e+00  3.13860780e+01
 -1.19509178e+01 -1.54902309e+01 -4.52493470e+01 -9.70252026e+00
 -6.86187400e+00  1.52194759e+01 -6.87238369e+00 -7.48851747e-01
 -1.43424469e+01 -1.51298581e+01 -3.63536945e+00  2.02343982e+01
  2.63233076e+01  3.19018435e+01 -3.45883463e+01 -6.80429310e+00
  6.31060135e+00 -3.59702593e+01 -5.31830782e+01 -5.92681681e+00]