[-9.42402450e+00  2.57141190e+01 -2.38153220e+01  3.27451626e+00
  4.10653569e+01 -1.91230786e+01 -8.77946537e+01 -2.02328011e+01
  6.63309242e+01 -6.72783862e+00 -2.84631037e+01  2.16997807e+01
  1.01088559e+01  3.08863700e+01 -8.94726035e+01  2.03168653e+01
  7.64975634e+01 -1.19764810e+02 -8.27337779e+01  8.03885374e+01
  7.76092637e+00  4.54365513e+01  1.61330063e+02  5.64763477e+01
 -3.15816199e+01  4.23392386e+01 -7.05790539e+01 -7.82029006e+01
  8.81984905e+00 -2.39803079e+01  6.63763972e+01 -6.81483887e+01
 -6.32490772e+01 -1.83283862e+01  1.09121329e+01  3.94725400e+01
  5.20685681e-01  1.99160833e+01  6.38056532e+01  3.62738771e+01
  1.24968563e+01  2.30547211e+01 -3.66916906e+01 -1.47029619e+01
 -4.59102672e+01  3.33494322e+01  2.24560956e+01  1.33423313e+02
 -4.60280903e+01  2.11781598e+01  2.75630081e+01 -6.91883358e+01
 -1.17004027e+01 -7.89353818e+01 -7.92999894e+01 -1.09925852e+02
 -4.29939838e+01  3.55523880e+01  2.19936548e+01  3.30414124e+01
  5.86248149e+00 -5.34105869e+01 -4.41358325e+01  5.33807612e+01
 -1.26891066e+02  1.01843435e+01  4.55116377e+01  3.86820842e+01
 -6.62748826e+01 -4.62200503e+01  9.25635315e+00  6.25927517e+01
  6.39456168e+01 -8.35434605e+01 -1.16264104e+01  8.13417224e+01
 -9.54624197e+01  4.24669019e+00  2.40474552e+01  2.69599724e+01
  6.25946847e+01  1.61678770e+01  1.45403535e+01 -1.30744565e+02
  4.26982969e+01 -3.68937332e+01 -2.94872765e+01  4.53755573e+00
 -4.97732705e+00 -2.71640901e+01  2.71086450e+01  3.23729282e+01
  1.98196514e+01  3.61776176e+01  2.21599890e+01 -4.43384826e+00
  6.40232038e+01  3.14986260e-01  9.94266254e+01 -3.31768595e+01
 -3.28998999e+01 -7.06542965e+01 -9.33516368e+01 -4.92862158e+01
  3.39760635e+01 -9.87252932e+01 -4.35583771e+01  3.32889020e+01
  3.22633218e+01 -7.70689737e+01 -1.18566347e+02  7.42297871e+01
  5.68504466e+01 -6.95509009e+01  3.28728701e+01 -5.86686361e+01
  8.82127659e+01  5.64062276e+01  2.03518262e-01  3.98749532e+01
 -6.07051893e+01  3.06777565e+01 -1.74184204e+01  7.86242923e+01
  1.08609982e+01 -9.41240076e+01 -7.07890944e+01  1.29759424e+01
 -6.07756591e+01  1.12846829e+01  2.65770041e+00 -3.25812239e+01
  5.26190178e+01  1.40852127e+02 -2.91318533e+00  6.49058175e+01
  6.69251034e+00 -3.46712060e+01  3.86866935e+01  1.17298695e+01
  6.22846546e+01 -6.79565195e+00 -1.38652611e+01 -2.10753219e+01
  3.71389027e+01  1.17739586e+01  3.31812465e+01 -7.70717602e+00
  3.05662904e+01  8.73737177e+01  1.45068175e+01  4.81998642e+00
  6.71091703e+01 -5.94535948e+01  1.70677481e+01  3.52921622e+01
 -4.89842735e+01  3.14098217e+00  7.85646972e-01 -7.47723811e+01
  2.90976973e+01  2.63900535e+00 -2.66351402e+01  4.17935206e+01
  3.08135856e+01 -1.19056467e+02  1.83447152e+01 -1.51185475e+01
  1.68166399e+01  4.13936113e+01 -4.53923005e+01 -4.43092231e+01
  9.12026560e+01 -1.55915147e+01  1.45428696e+01  1.24123560e+01
  6.55356691e+01 -4.76537817e+01 -4.47482373e+01  7.03008507e+01
 -4.37146420e+01  9.81749924e+01  2.99605446e+01  1.16858927e+02
  4.48144629e+00 -5.33563011e+01 -1.40107507e+00  2.84184941e+01
 -2.87415657e+01 -3.94909810e+01  4.29362867e+01 -1.89144770e+01
 -7.11734282e+01 -9.47940488e+00  7.78007948e+01  3.63890279e+01
  1.79306127e+01 -1.03391717e+02  3.15515692e+00 -5.26111072e+01
  1.08403805e+01 -1.11037960e+01  5.86545729e+01  2.39991605e+01
  2.39150886e+01 -2.65294860e+01  6.80507235e+01  1.07078123e+02
  6.63130276e+01 -3.72568027e+01  1.54163874e+02  1.14759900e+01
  9.03107644e+01 -6.62381835e+01  3.66635485e+01  5.40967941e+00
  3.28704938e+01  4.58159815e+01 -9.67539443e+01  5.32358290e+01
  3.32830528e+01 -6.96880700e+01 -2.61128368e+01  4.39892694e+01
  1.88850379e+01 -7.21616542e+00 -2.53293002e+01  9.35375767e+00
  7.93645780e+01 -6.94111719e+01 -1.00441383e+01 -3.37200673e+01
 -9.24074300e+01 -2.38876933e+01 -7.86722395e+00 -5.63844583e+01
 -1.06058908e+01 -1.74164111e+01 -2.23416259e+01  6.83367840e+01
  4.06322994e+01 -7.88669529e+01  5.67890597e+01 -2.20107058e+01
 -3.05366585e+01  5.08597905e+01 -1.35966060e+02 -4.70937751e+01
  5.38265171e+00  3.96914987e+01 -1.36107467e+02  1.35919814e+01
  4.02349768e+01 -3.15036126e+01 -1.20027556e+02  6.81880937e+01
  2.50739950e+01 -6.11321992e+01  6.97839629e+01 -1.01805973e+02
 -6.07783921e+00  8.02517612e+00  2.40894391e+01  6.79284613e+01
 -5.80629832e+00 -8.75594939e+01 -6.89282495e+01 -2.48656448e+01
  1.13366183e+01 -5.09508113e+01  9.55670418e-02  5.11963435e+01
  5.48669316e+00  1.02068833e+01 -1.79555784e+01 -4.37598357e+01
 -3.41120829e+01 -3.91578641e+01  2.52736223e-01  5.80249015e+01
 -4.03565987e+01 -4.04683961e+01 -1.04602941e+02 -1.98155241e+01
 -2.50815388e+01  3.17953747e+01 -2.26691860e+01  2.21653109e+00
 -3.82866797e+01 -2.57449936e+01 -7.95084681e+00  4.44477399e+01
  7.25279438e+01  6.99224904e+01 -6.75266285e+01 -7.95905254e+00
  1.25326596e+01 -6.72728678e+01 -1.13873180e+02 -1.58100569e+01]