[ -14.6508407    25.9644619   -22.03953333  -15.15173992   52.46233772
  -25.74191493  -97.13075245  -19.0047783    74.5681052   -13.75834795
  -18.19558403   36.7707152     3.61267469   47.46103708 -110.02544647
   25.94258472   81.96985172 -136.34301967 -100.30506133   93.28919141
    2.92025165   39.15880777  183.8674201    66.73856675  -36.45843126
   39.68442907  -96.43421257  -90.30522029   10.57502689  -27.29009602
   57.53835365  -70.69347771  -66.55349919   -9.56752798    5.3046652
   40.15209625   -4.81520749   18.70619443   79.05272774   50.23744481
   20.3288087    36.98552049  -27.70782514  -22.86643467  -49.3394748
   39.11015701   41.3203207   156.40528694  -55.82388426   22.73118077
   26.3056115   -79.95463665   -2.16720128  -86.22136614  -96.73863411
 -127.56787151  -45.1707726    43.76807586   16.50786386   34.14940079
    2.93665848  -52.42915784  -50.71199529   56.72943503 -144.74626458
    8.68191425   43.29000009   33.48228063  -79.01897922  -61.9125769
   20.71582772   69.69222479   62.60499559 -101.8958244    -3.30389333
   88.62117487 -106.45520281   -2.97176372   37.77587721   29.21358164
   73.21910024   15.5328448    22.14719538 -156.60570147   54.65408694
  -38.59796959  -19.2189044     6.44869046   -6.86621688  -21.55849102
   36.79720846   33.43849014   28.56684278   39.91154199   21.88189561
  -11.55283641   71.48268402   -1.63203259  109.39267372  -35.35934206
  -22.20915189  -72.20469412 -101.27355614  -38.59255078   42.95264912
 -115.84400395  -61.40508396   41.45296261   32.53506526  -86.64352334
 -118.91699792   81.99932139   51.61990226  -80.61026298   30.56373746
  -69.76602348   89.20420953   59.48830488   -1.91182717   42.06578522
  -63.80726081   38.01386924  -15.91686513   91.92217195    5.97381321
 -107.5300464   -74.07647482   11.21840609  -62.73647274   12.4831688
    6.40382631  -35.96826272   53.38480532  159.33363558   10.76217369
   69.76047618  -15.406024    -45.74558099   45.77901065    7.16097574
   71.48076857  -13.05089033  -21.82761565  -22.73808051   42.73837666
    2.96648274   34.23440141    1.99860651   33.84971121  100.17456842
   11.76723275   11.43671286   69.19143092  -68.31517983   15.89784899
   37.07818024  -50.97210591    9.38179067    3.32931849  -89.18897265
   39.9405101    11.19752208  -26.51648159   48.12212451   40.95987737
 -121.95321981   22.54983035  -22.65413526   18.40256466   54.31699801
  -54.80675262  -47.01495823  107.41643416  -17.80557473   15.19427518
   17.70183476   77.94565286  -45.71518796  -45.0159426    84.41552895
  -50.13998169  108.60477382   33.1062022   130.59149091    2.77448416
  -61.91057888   -7.36597406   39.60234201  -42.61937497  -45.46619382
   52.04797557  -30.40536983  -85.70104161  -13.20132964   84.83130162
   38.24893465   29.85431569 -109.57710044   -1.86957331  -58.01741905
    6.97423572  -21.32720767   57.50446756   24.08451996   11.55721873
  -26.7762517    75.65968669  125.3098714    68.57609557  -52.55904199
  165.50273832    3.86451398  107.70959078  -68.15132162   43.09880278
    6.92326146   39.58368217   44.27809793 -105.25174412   61.60650593
   34.53679798  -76.49811447  -26.71765212   49.76828368   23.40737689
   -1.89461801  -17.84943296   10.17716044   81.81953484  -84.14486895
   -8.18744466  -31.43328052 -100.78381135  -24.11611395  -10.57576681
  -64.36307586  -16.44223591  -19.66507644  -27.28254024   73.08135016
   39.25284573  -96.37290281   70.27287235  -22.86594996  -33.13103993
   65.23146087 -156.13518804  -47.19553448   -0.55532507   48.94234819
 -152.18518594   16.09061366   57.48623587  -41.17491016 -132.29566265
   75.26178461   20.48028071  -59.36592508   82.31434227 -114.95416581
  -14.40673568    8.52500272   29.80653024   82.02501832  -10.70649834
  -98.44203832  -78.19499561  -32.19547134   16.96814425  -61.52217465
    4.71293497   56.00235096    5.66365316   16.92656535  -25.32827419
  -46.87552719  -36.59203995  -50.00343712   -2.03252064   73.87271801
  -33.64857867  -49.2028006  -116.32732783  -24.20378845  -21.89513674
   34.98149587  -15.29627003   -3.20913362  -32.15168821  -34.56401437
   -7.7682801    52.9376919    79.37830914   75.94064268  -83.02828333
  -12.19940601   15.93538055  -85.19129137 -128.85470526  -19.1491259 ]