[ -2.97429655   7.24511747  -7.64393108  -0.76862245  11.86878459
  -9.46035095 -31.25529022  -3.98237231  23.86533669   1.22571005
  -8.24058419   9.85586562  -2.62600022  12.23179953 -30.93135983
   8.4668115   25.00633901 -39.3660374  -31.76511718  28.41477434
   0.07329369  12.97735697  56.84292879  20.52420545 -13.9613131
  11.97566923 -26.10413416 -26.83644462   1.24920751  -7.30922737
  22.10468428 -23.1988295  -20.94905801  -2.09896042   0.92061735
  13.06251468   1.20262521   5.8170628   24.78080074  17.22337121
   2.29002371  12.5882288   -9.81065422  -5.71254772 -15.00942943
  13.17872814  13.00153205  44.52529601 -17.43223531   7.91810449
  10.13342652 -23.37938226  -1.75212474 -26.69952932 -27.90754916
 -36.5790722  -17.35895242  11.49078481   8.57722611  12.22657476
   0.28554401 -18.19147238 -14.30136923  18.4831778  -44.4380154
   4.78414036  15.84713933  10.77739542 -19.51487123 -15.60048529
   4.00712691  20.96892101  20.00145267 -29.74921578  -0.90830047
  27.05112947 -31.28408883   0.21791542  10.17498036  12.22373976
  21.43756634   4.82730181   6.02659499 -46.05205679  18.23922092
 -12.95534879  -8.11959377   4.12703281   0.39594412  -8.43016007
  10.31616102  10.49025827   7.29283681  12.92778864   8.95631789
  -1.48307905  20.81939695   3.40521255  30.88748957  -7.71604767
  -5.30415937 -24.65753274 -30.11072698 -13.85462842  13.17657814
 -36.01524694 -16.66583742  15.35060719  10.13071333 -26.22779093
 -37.77095702  26.68954536  14.5160605  -21.74964033   7.45975655
 -20.91087554  27.88962475  19.25000619  -3.40028576  11.7679751
 -21.33487285  12.33448892  -4.01514408  27.76281233   2.00998498
 -31.79235105 -22.62689834   2.94902935 -21.16015004   2.78104221
   4.55206163  -9.27242344  19.35422644  48.67342133   2.49291377
  25.45498165   1.47312567 -12.5835668   15.67188969  -0.57896332
  20.27934944  -3.32223795  -5.46161075  -6.96993416  14.84514855
   4.02771325   7.69121701   1.24474638   8.4387109   29.82236576
   2.5366156    3.55288472  24.90952738 -20.51829523   5.32798193
   9.91985905 -15.97879712   0.53405777   0.4117785  -26.2361388
  11.58321398   0.08756312 -10.6110926   14.82450717   9.98261932
 -39.20914029   7.60469558  -6.25958916   4.26445758  14.71980526
 -14.12257101 -13.20499437  35.92409111  -6.43150673   4.89955711
   1.43782218  26.57787398 -13.25616089 -15.70777052  27.28303052
 -14.5409089   33.79522353   9.08378054  38.80446212   6.3516876
 -16.56255518  -4.6760537   10.8504026  -12.32984909 -15.71889305
  13.50035052  -9.59827819 -24.89198327  -3.89487194  26.58412736
   7.6569722    7.01706886 -34.02157974  -0.51079947 -16.01032096
   0.8361585   -4.1514757   17.51785888  10.44446518   6.76673126
  -8.41718101  25.28283919  37.59606214  24.65343765 -15.25686655
  48.96335286   1.11755984  32.97803822 -22.66087817  11.39814126
   2.17456629   9.63676456  15.69413437 -32.72033251  21.15895341
  10.39898795 -24.50521729  -6.28974013  13.25438392   6.40956961
  -2.7257197   -4.14570082   1.41816774  22.55144364 -26.77792171
  -1.96723386  -7.54971015 -28.79169487 -13.1213316   -5.48903267
 -18.92031114  -6.70565202  -6.31423682 -10.17501999  25.44796877
  13.52797271 -24.89467667  19.67611579  -4.7441232  -11.73317758
  19.47129733 -46.78554387 -16.22146855   3.73018861  14.44247962
 -46.46607704   6.28802089  15.52182623  -9.70771267 -40.2884416
  21.72919669   6.61675552 -17.31442133  27.25935283 -32.54459677
  -4.18849786   4.72431321   9.81019225  25.19486618  -1.59681882
 -30.09655245 -24.74059484  -6.81135178   2.81007603 -21.33810832
   0.84146333  18.9870818    2.53065927   3.33085424  -5.48916595
 -13.15406331 -12.25772236 -14.93574474  -1.25549069  21.58689599
 -10.13947237 -16.47127193 -37.01636923  -8.21365778 -10.19186919
  12.61842741  -6.80221958  -3.79868922 -12.09540127 -10.12102323
  -2.80444822  19.76252315  22.74914428  22.56263985 -25.60850141
  -6.50136208   3.4105288  -23.15940997 -39.31491017  -2.49171025]