[ -5.56333078   6.44837254  -4.02264013  -4.52044511  13.74827027
  -7.16311124 -26.64835681  -6.16028797  21.79434496  -0.72305276
  -6.01919166   9.55104783  -3.48193792  12.61367231 -28.9509679
   8.34827354  19.91925144 -36.90051653 -27.24564597  24.27095884
  -0.46137818   9.61352577  50.96609956  16.77790124  -9.60612012
  11.74945378 -25.65462062 -23.22462243   2.20423935  -5.36931927
  14.86044833 -20.12856446 -14.79397247  -1.44677812  -0.46888095
  10.50253804  -0.11782952   5.44501545  20.33373562  15.14114309
   6.22119979  10.96538113  -6.85311604  -6.58008881 -14.16424335
  10.61702491  14.29162459  41.40336467 -15.24476939   5.01315324
   6.73552059 -20.60981662  -2.00920418 -24.26423334 -24.58967926
 -34.06549027 -10.47458972  11.72262061   3.5161664    8.2970184
   0.12544082 -13.26471847 -10.69579354  15.11643447 -36.62706332
   2.72082104  11.03557434   8.92287269 -21.71107814 -16.6231451
   5.94775899  20.14042485  16.22798418 -28.31657365  -1.28112312
  24.76391704 -28.39736155   0.77773073  10.73689195   9.46212719
  18.58070302   5.08183151   6.25389139 -42.57360352  16.31902625
 -10.72588965  -5.85695055  -0.63183159   0.06688373  -6.99949048
  10.86248938   9.40712162   7.96232563  13.14975899   7.07276559
  -3.42503109  18.91082524  -0.44726304  26.5356705   -6.32217927
  -3.11224791 -20.0300203  -27.09697027 -10.26742205  10.64053953
 -32.48898288 -17.31284188  12.41906057   9.16113429 -23.3088533
 -30.81655225  20.77252486  16.03295825 -21.87095249   9.83689648
 -17.88743443  21.6802719   13.82411578  -0.70272535  13.2563236
 -17.48986011   9.63649525  -1.1246704   21.74794534   0.93818829
 -29.55203725 -19.06818286   4.41555089 -15.933504     4.05895168
   3.40993158 -10.96250975  14.64373389  44.8730723    2.37520793
  17.44913952  -3.41032299 -12.46930508  13.80643026   3.76825978
  20.00865748  -2.92061742  -4.15475414  -4.98998552  13.31241332
   3.43103586   9.0740606    0.99479217   9.06689072  25.04750022
   0.75256461   2.34621162  17.6745465  -19.12501192   3.89790056
  11.53160782 -16.42284881   1.36522968   0.88119473 -24.35481531
  10.15574197   3.43590409  -7.11503835  17.97347316   9.8119567
 -31.01516276   8.02573123  -5.94402994   6.49369466  13.98764999
 -15.41530688 -11.87530621  29.8414966   -6.50146404   0.08839024
   6.24191249  20.28580042 -10.46482801 -13.72277313  22.63424104
 -14.10247382  28.24447397   8.39828062  35.21960371   2.63947783
 -17.00942315  -0.87321352  12.2984247  -12.65334335 -12.50751871
  13.41264235  -8.49057914 -23.3215883   -5.34785528  24.57532428
  10.86961022   7.45384574 -28.76500035  -0.3236886  -17.21775754
   3.55266481  -6.69424986  16.68868739   7.22914761   1.1694939
  -7.15404176  21.25529067  33.66170882  20.42449705 -13.90706068
  45.50682064   2.55932299  31.12971462 -16.52361463  10.70334167
   3.934413     9.53669055   9.85319577 -27.14054623  18.61720806
  10.6899682  -20.80861676  -4.91791632  11.8917626    8.57350605
   0.20035212  -3.59707067   3.59756018  22.82977358 -23.94002566
  -1.19156859  -7.60109935 -27.33885713  -5.96564393  -4.78187642
 -16.15222524  -6.68262326  -6.25784104  -6.31046136  18.16707646
  10.36248697 -24.93597522  18.29536532  -5.10616373  -8.35062064
  15.99908055 -41.40431909 -13.65321273   1.69528402  11.92615139
 -39.28066624   3.35103519  14.51607895 -10.35668724 -34.63988498
  20.55897115   4.26878511 -17.2146134   20.14017087 -30.21710103
  -4.2155303    3.67618514   8.61167844  21.40724669  -2.33572759
 -24.64470048 -23.66600271  -7.41508885   5.8659512  -17.25566602
   1.54665129  15.22312988   2.75925985   3.91325441  -6.53435976
 -11.39900527  -9.19274931 -15.67091128  -1.20542883  20.05814357
  -9.71881163 -11.36282583 -30.79514033  -5.52854442  -3.73042144
   8.73191721  -3.82962443  -2.37680942 -10.93627335  -9.59626778
  -2.75330673  13.67236818  22.10849751  20.53178655 -20.34561653
  -1.12749017   4.91235596 -21.63609523 -35.44594621  -4.41168748]