[-7.38362145e+00  1.25702891e+01 -6.78016712e+00 -1.00609815e+01
  2.56465807e+01 -9.63508729e+00 -4.51218022e+01 -1.11052906e+01
  3.23674141e+01 -4.59891814e+00 -7.75349104e+00  1.67269082e+01
 -3.10684425e+00  2.39453342e+01 -5.01189967e+01  1.62333912e+01
  3.32839742e+01 -6.36679677e+01 -4.63170717e+01  4.19936052e+01
  3.11947691e-01  1.32667943e+01  8.56434479e+01  2.95354033e+01
 -1.49730712e+01  1.79398531e+01 -4.66202929e+01 -3.91013353e+01
  2.49410216e+00 -9.82506958e+00  2.40881895e+01 -3.29529036e+01
 -2.57859404e+01 -2.61419004e+00 -1.66488514e+00  1.68940094e+01
 -2.87689688e+00  1.08195686e+01  3.41590320e+01  2.57371053e+01
  1.15371964e+01  1.73134938e+01 -1.13260067e+01 -1.16535375e+01
 -2.38730858e+01  1.65393022e+01  2.39652276e+01  6.98193733e+01
 -2.55958125e+01  8.63409702e+00  9.00139652e+00 -3.59836526e+01
 -2.17641399e+00 -3.95707078e+01 -4.32628455e+01 -5.81149523e+01
 -1.52060010e+01  1.85820771e+01  3.52526876e+00  1.43172860e+01
 -1.24892741e+00 -2.08380590e+01 -1.82559548e+01  2.54538966e+01
 -6.07120929e+01  1.89324278e+00  1.71114938e+01  1.29033737e+01
 -4.10580202e+01 -3.17815144e+01  1.20614187e+01  3.60156234e+01
  2.74722099e+01 -4.81799774e+01 -1.42907243e+00  4.19488961e+01
 -4.71266771e+01  1.31018634e+00  1.85246074e+01  1.43814846e+01
  3.23344203e+01  1.04038309e+01  9.10108736e+00 -7.27952955e+01
  2.57871604e+01 -1.60965615e+01 -9.29516227e+00  3.02323645e+00
 -1.48857229e+00 -9.23048304e+00  1.77897005e+01  1.48815399e+01
  1.11092978e+01  1.86439717e+01  8.60651265e+00 -8.12242461e+00
  3.07284158e+01 -3.22969081e+00  4.50314558e+01 -1.39677839e+01
 -4.64381410e+00 -3.30290030e+01 -4.75680292e+01 -1.57106022e+01
  1.48989917e+01 -5.39969237e+01 -3.12576961e+01  1.88305062e+01
  1.28890223e+01 -4.05494632e+01 -5.05534200e+01  3.64309403e+01
  2.49728567e+01 -3.87955189e+01  1.64984111e+01 -3.08920855e+01
  3.63050451e+01  2.34223817e+01 -1.41998900e+00  2.02818738e+01
 -2.80329748e+01  1.74880704e+01 -3.65271736e+00  3.93027381e+01
  1.68839590e+00 -4.89269441e+01 -3.42253819e+01  8.02067720e+00
 -2.49329024e+01  6.99513238e+00  3.12164130e+00 -1.75554668e+01
  2.36069624e+01  7.37203452e+01  6.35394849e+00  2.75607327e+01
 -9.93752250e+00 -2.07680651e+01  2.20965454e+01  7.60677773e+00
  3.35890026e+01 -4.84117474e+00 -5.60562537e+00 -8.69819666e+00
  1.94088093e+01  2.72151926e+00  1.44034978e+01 -8.64872215e-02
  1.45598810e+01  4.18977893e+01  3.64480890e+00  4.26508161e+00
  2.65263305e+01 -3.03378959e+01  5.97062949e+00  1.93020543e+01
 -2.64056809e+01  2.77629180e+00  2.17832204e+00 -4.11832619e+01
  1.94131804e+01  7.17541821e+00 -9.40174414e+00  2.89808452e+01
  1.67906209e+01 -5.22286236e+01  1.13014661e+01 -1.23791347e+01
  1.16860688e+01  2.44705162e+01 -2.59179518e+01 -1.85633693e+01
  4.89536629e+01 -1.19350021e+01  1.20706207e+00  9.68497657e+00
  3.30482400e+01 -1.76853761e+01 -2.35010949e+01  3.81473854e+01
 -2.43066217e+01  4.89918051e+01  1.54880988e+01  5.98133915e+01
 -5.86574482e-02 -3.21338957e+01 -3.53741073e+00  2.13010032e+01
 -2.18040475e+01 -1.96797182e+01  2.48089009e+01 -1.34219332e+01
 -3.88268232e+01 -9.95721701e+00  3.86764429e+01  1.96441580e+01
  1.36876379e+01 -4.71027118e+01 -1.05235715e+00 -2.79380602e+01
  7.47117902e+00 -1.25935267e+01  2.74748785e+01  1.45703445e+01
  4.93333885e-01 -1.09557820e+01  3.41350373e+01  5.65926358e+01
  3.34001009e+01 -2.33319698e+01  7.64033068e+01  1.80931123e+00
  5.00205600e+01 -2.74055243e+01  1.74684727e+01  4.08290179e+00
  1.84912214e+01  1.54891753e+01 -4.75156653e+01  3.25583078e+01
  1.73990174e+01 -3.54842666e+01 -1.01422402e+01  2.26762399e+01
  1.44836117e+01  1.09280713e+00 -6.75618789e+00  5.69607789e+00
  3.92600437e+01 -3.71883168e+01 -1.12118007e+00 -1.12161041e+01
 -4.51073574e+01 -8.18804636e+00 -4.17015892e+00 -2.94036149e+01
 -1.01100689e+01 -9.68324768e+00 -8.92425116e+00  2.84296375e+01
  1.62933410e+01 -4.43630058e+01  3.34055470e+01 -6.65727087e+00
 -1.23332213e+01  3.00601494e+01 -6.86659836e+01 -2.29818797e+01
  1.65743940e-01  2.22376930e+01 -6.65648390e+01  4.81222910e+00
  2.67162332e+01 -1.96025025e+01 -5.79454851e+01  3.57638666e+01
  6.83503654e+00 -2.77267008e+01  3.41068851e+01 -5.20351032e+01
 -9.01432869e+00  3.56261838e+00  1.57004207e+01  3.72385492e+01
 -5.47745726e+00 -4.33131141e+01 -4.11112702e+01 -1.70098099e+01
  1.11650110e+01 -2.60869772e+01  3.08446118e+00  2.43591022e+01
  6.19067750e+00  8.43621526e+00 -1.33688538e+01 -1.90534906e+01
 -1.33158442e+01 -2.64909212e+01 -1.19133665e+00  3.58970531e+01
 -1.46424593e+01 -1.87601429e+01 -5.44324768e+01 -9.97811049e+00
 -3.90539592e+00  1.31609031e+01 -7.70458618e+00 -5.10720840e-01
 -1.65418803e+01 -1.66619715e+01 -5.47826172e+00  2.27311865e+01
  3.63796748e+01  3.61573692e+01 -3.91162354e+01 -2.61362774e+00
  6.68216760e+00 -3.90741660e+01 -5.89455944e+01 -8.92346827e+00]