[ -8.70580999  11.36967006  -6.78760903  -7.11107459  23.02787414
  -9.61779502 -39.09999261  -7.87712061  32.18099978  -6.28764462
  -7.11461856  14.80297592   1.02153916  19.6394864  -43.01340182
   7.54046006  32.3769001  -54.2136497  -38.52473859  36.49285815
  -0.38425346  13.58883674  73.09753364  27.20739066 -14.32658503
  15.41208711 -39.44684619 -35.68250562   4.52714927  -9.71175072
  19.75350557 -28.24639743 -25.94784244  -4.30567707   2.44800095
  12.27470537  -0.96874386   7.74085945  30.24951165  20.78697603
   9.18433246  16.640988   -11.12201519 -12.90079075 -18.53537941
  15.08119277  19.25392044  63.40537412 -20.66167394   8.51818652
   7.58937557 -31.37220168  -0.71448776 -35.92369889 -37.55455364
 -49.21426004 -16.65650963  18.70619189   5.0315798   12.36912035
   0.760118   -16.32654948 -19.10803262  18.84610212 -54.54700344
   1.93088631  15.98055525  13.63283738 -33.32364458 -24.90780895
   9.15995522  26.95247712  24.63847553 -41.52981792  -2.68487746
  35.67076841 -45.77570875   0.83429485  15.00040422  12.57211926
  29.82823952   6.58438684   8.61849088 -60.94982373  19.99419909
 -14.1569996   -8.54517068   1.38493062  -1.89664213  -8.92102461
  15.80231275  14.79301047  13.04477022  16.56528582   7.89043951
  -5.11343542  29.70950501  -2.88850567  42.78943378 -13.85183282
  -7.36672059 -28.03332887 -40.42265968 -13.82027966  15.83522922
 -49.87576637 -27.36911197  16.86094495  12.63031782 -36.21214524
 -44.57617805  33.54906551  23.70971331 -32.94528181  17.43684335
 -26.68485807  33.77699358  23.82092927   1.63321447  20.79215691
 -24.38463975  14.38980757  -4.75504538  32.3995209    3.76658078
 -44.55097603 -28.85849807   5.15158325 -24.48293701   6.19960611
   1.38746856 -13.85882138  21.11212723  65.30448219   4.42844244
  26.48093687  -7.32442122 -18.8483664   19.47619849   5.0911909
  29.25530869  -3.40115428  -6.74732379  -7.95383883  20.28802683
   1.78574735  16.13509316   0.94966813  13.07207877  38.15924861
   0.75137365   3.83815333  23.74228208 -27.90275203   7.65542942
  16.80041594 -21.58274131   3.12835398   2.52485628 -38.01693232
  15.48278023   8.13854245  -8.73986022  22.81796124  14.34959868
 -44.01030787  10.39746886  -9.19860628   9.15335496  22.51835558
 -22.53824888 -19.26673452  42.96042155  -8.55734017   2.58619114
   7.33397018  27.97174577 -15.28116849 -18.11103337  34.28444678
 -21.09593969  42.30190288  13.75725952  52.73736695  -0.7571956
 -28.52091695  -0.31702815  17.05652335 -18.38533156 -16.24107371
  22.18400977 -12.45583734 -33.98502614  -7.9581752   33.6965695
  16.87081153  10.91689975 -42.69206255   2.69902193 -23.3547312
   4.81212487  -6.93386552  23.82589658   8.17948954   0.86731913
  -8.85124218  31.14973087  47.98885449  26.94345324 -22.20174656
  69.12880588   0.20179477  46.27913251 -23.87509362  16.97953975
   3.55802564  17.49922989  14.10655192 -40.14861982  23.74573997
  14.2486056  -30.74315633 -12.42250911  18.7688562   11.32520636
  -1.14400546  -6.12065066   3.26323115  35.39694163 -34.67080295
  -5.8551648  -11.25790412 -39.57316842  -8.40063955  -4.68474649
 -23.47357867  -8.5312922   -7.51147103  -9.10958864  27.95459436
  14.24734727 -40.04311162  25.72912126  -7.12055774 -10.7506367
  25.46646837 -62.36192323 -18.19354887  -2.31240499  17.98123152
 -58.38650651   3.54866729  21.04141664 -18.17948471 -52.21854865
  30.10018464   6.89025606 -25.58989571  31.56223026 -44.94832819
  -6.38142894   4.98923855  11.70023491  32.20125268  -3.18195838
 -36.96530481 -33.69416463 -12.7169394    9.84159798 -24.51961044
  -0.10365888  19.818489     1.95398737   8.35323686 -10.40331415
 -19.52265075 -11.00636801 -21.29832023  -1.56066832  29.9315205
 -13.5531842  -17.0226347  -46.01540663 -10.03319452  -6.91807256
  12.99531793  -5.9053664    0.25622542 -15.42603176 -13.83518034
  -3.15930998  17.96508861  31.59488652  30.42613182 -31.64504192
  -3.0332725    8.50054768 -33.52183701 -50.69387562  -8.68995394]