[-3.00953045e-02  5.60942515e+00 -7.27290111e+00 -5.40160592e-01
  9.22682434e+00 -7.36224807e+00 -2.33326685e+01 -4.95008680e+00
  1.60603351e+01  1.43969756e+00 -4.84269047e+00  5.87195653e+00
 -1.25769469e-01  1.03594856e+01 -2.49619774e+01  9.05249403e+00
  1.77886457e+01 -3.06837004e+01 -2.49928603e+01  2.30259673e+01
  2.02437776e+00  1.21955083e+01  4.24676576e+01  1.64995276e+01
 -9.96822510e+00  8.63049374e+00 -1.86924668e+01 -1.98505011e+01
  3.19360836e+00 -6.42640101e+00  1.80392203e+01 -1.80065991e+01
 -1.58628213e+01 -1.74987849e+00  1.34650922e+00  1.26942659e+01
 -1.67609346e+00  3.46763559e+00  1.90334867e+01  1.11095015e+01
  1.39759695e+00  8.92361692e+00 -7.60156022e+00 -2.46238516e+00
 -1.24273564e+01  9.56721350e+00  8.57930996e+00  3.40459978e+01
 -1.39542595e+01  5.89242423e+00  7.33055014e+00 -1.87639506e+01
 -1.20177935e+00 -1.91627039e+01 -2.21245009e+01 -2.99167756e+01
 -1.48340629e+01  1.05428271e+01  6.59658198e+00  1.04833144e+01
  1.53742475e+00 -1.74541744e+01 -1.17833185e+01  1.70995790e+01
 -3.49473893e+01  2.45927940e+00  1.19484682e+01  9.21021897e+00
 -1.54457672e+01 -1.08532178e+01  3.02440432e+00  1.66579633e+01
  1.71392853e+01 -2.26336519e+01 -7.94669700e-01  1.97962743e+01
 -2.26506128e+01 -1.17855015e+00  8.42730817e+00  6.28242045e+00
  1.64088951e+01  1.82039801e+00  4.63237108e+00 -3.84988326e+01
  1.41815539e+01 -1.00134010e+01 -6.37034544e+00  4.36620645e+00
 -7.39807691e-02 -6.55519053e+00  6.33777005e+00  7.45967580e+00
  3.82936429e+00  1.05965366e+01  7.14430717e+00 -1.62836893e+00
  1.51459043e+01  2.97612207e+00  2.38948784e+01 -6.70445925e+00
 -7.79275846e+00 -1.77003246e+01 -2.33644456e+01 -1.21504691e+01
  1.08092511e+01 -2.50182899e+01 -1.00350164e+01  9.41956334e+00
  7.72091836e+00 -1.96153427e+01 -2.99304289e+01  1.88308242e+01
  9.43601407e+00 -1.59659161e+01  4.38149166e+00 -1.70606789e+01
  2.19546994e+01  1.38073119e+01 -2.35832998e+00  7.99608141e+00
 -1.50350098e+01  8.84922709e+00 -4.23555535e+00  2.31910622e+01
  8.51606888e-01 -2.47590139e+01 -1.81549660e+01  1.19562697e+00
 -1.65834417e+01  2.41963677e+00  1.88625559e+00 -7.91922245e+00
  1.40295405e+01  3.48775890e+01  4.62416751e-01  2.00051377e+01
 -1.11987332e+00 -1.02282567e+01  1.04528145e+01  1.16841838e+00
  1.40038714e+01 -4.53225901e+00 -5.45215061e+00 -4.72444082e+00
  8.67521636e+00  2.47587161e+00  5.87377501e+00 -6.61862032e-02
  7.83343588e+00  2.28487482e+01  5.92535017e+00  2.90489543e+00
  1.97380039e+01 -1.52774436e+01  2.44166285e+00  8.68475259e+00
 -1.17543490e+01  1.34991740e+00 -1.55983647e+00 -1.71084126e+01
  9.00850213e+00 -4.12003965e-01 -9.09711319e+00  9.70391464e+00
  8.67369414e+00 -3.22909216e+01  5.73942980e+00 -5.05866082e+00
  2.37312135e+00  1.09143196e+01 -1.13658315e+01 -1.04295824e+01
  2.50906513e+01 -3.56278621e+00  5.80678718e+00  1.77013401e+00
  1.99111257e+01 -1.31332741e+01 -1.23336271e+01  2.08573250e+01
 -1.20901841e+01  2.58689976e+01  5.53453238e+00  2.99923541e+01
  4.47617768e+00 -1.11361593e+01 -1.46257674e+00  7.18801534e+00
 -8.25927707e+00 -1.14828938e+01  1.01747612e+01 -5.08950340e+00
 -1.93815687e+01 -2.06714104e+00  1.81404326e+01  6.31144942e+00
  5.44185805e+00 -2.61613938e+01 -3.44918760e+00 -1.37452139e+01
  9.01852365e-01 -3.32362991e+00  1.45977788e+01  7.18298859e+00
  6.48719719e+00 -9.75375943e+00  1.98298433e+01  3.01121054e+01
  1.90919082e+01 -1.22227853e+01  3.70154433e+01  2.83037649e+00
  2.26526767e+01 -1.85965305e+01  8.08146612e+00  1.59608255e+00
  6.20491010e+00  1.31905892e+01 -2.59907914e+01  1.62231859e+01
  8.64232547e+00 -1.80748535e+01 -4.98726480e+00  1.11078479e+01
  3.62348766e+00 -2.74869523e+00 -4.51074967e+00  8.81384352e-01
  1.84480327e+01 -1.81896696e+01  1.03515784e+00 -7.04391575e+00
 -2.42445313e+01 -1.00711184e+01 -4.63219067e+00 -1.51092431e+01
 -2.80265973e+00 -4.69939301e+00 -7.13201581e+00  1.79431624e+01
  1.28221470e+01 -1.91636778e+01  1.76637054e+01 -6.47764313e+00
 -1.02985650e+01  1.46683305e+01 -3.70700025e+01 -1.24619447e+01
  2.89174024e+00  1.19790660e+01 -3.64560001e+01  5.96691923e+00
  1.29041855e+01 -7.54621187e+00 -3.22069303e+01  1.74344628e+01
  5.49988045e+00 -1.32627848e+01  2.11812835e+01 -2.72078512e+01
 -2.79317438e+00  3.54848322e-01  8.97683823e+00  1.94691871e+01
 -2.20776330e+00 -2.44087831e+01 -1.74151551e+01 -5.34859835e+00
  2.41794223e+00 -1.52734500e+01  2.60496805e+00  1.42999912e+01
  7.45313896e-01  5.30381902e-01 -5.68261643e+00 -9.96465175e+00
 -1.06224256e+01 -9.46720363e+00 -2.58315401e-01  1.49534074e+01
 -9.23221029e+00 -1.20700596e+01 -2.69892271e+01 -5.28323518e+00
 -6.73806783e+00  1.08574430e+01 -5.19254521e+00 -2.48012726e+00
 -8.43214379e+00 -8.62980428e+00 -2.56094655e+00  1.67110310e+01
  1.74205260e+01  1.76411480e+01 -1.75310906e+01 -5.01187022e+00
  6.10325634e-01 -1.85092409e+01 -3.06568544e+01 -2.67834917e+00]