[ -2.89290788   5.86855658  -5.24837693   1.40307085   8.35686876
  -4.03155515 -21.07429155  -3.44375317  17.53177399   1.74685597
  -8.99849451   5.44463585  -1.37242985   6.03216514 -19.86568794
   4.99383541  16.49608355 -26.66607569 -20.39076909  17.46670922
   1.1304427   10.57861293  38.74884785  13.32947296  -8.7668883
   8.85865356 -16.05173385 -17.75312695   1.14456037  -4.15825105
  18.8144355  -16.66724369 -13.49957976  -3.80720826   1.83261368
   8.3694013    1.47401989   4.61200487  15.51842363  10.03907873
   1.92642582   6.75343195  -8.64410214  -3.08259218 -12.32053935
   7.2246358    7.05743882  29.57176398 -11.48238583   5.51825899
   7.31000569 -16.87069624  -4.19217082 -18.53013246 -17.42127952
 -24.69952901 -11.35164838   6.89076567   6.36510724   8.36022521
   0.72549211 -13.70451905  -8.46111278  13.28083789 -28.64235647
   3.26230205  12.40694969   7.89312668 -12.77138378 -10.1471598
   1.78339795  15.12701319  14.34369598 -18.98728183  -2.93947781
  19.72396341 -20.54554497   2.29851376   5.5243579    7.50574139
  13.82844561   3.6699322    2.56842734 -30.82898194  10.51246308
  -9.77555111  -7.73272637   0.69719736   0.14992952  -7.03488254
   7.77278397   6.5161738    4.23624201  10.4318298    5.94336698
  -1.47186827  14.71882986   0.37226909  21.75657913  -5.78151846
  -6.04726077 -17.92988765 -21.11756141 -12.60182423   6.29618321
 -24.0602253   -9.32620631   9.21151808   7.59013093 -17.60770718
 -28.62233559  16.9546601   12.8795147  -15.36889643   7.25286652
 -14.98856813  20.20900557  13.79899092  -1.71768957   9.80235094
 -15.41839052   6.85140026  -3.45376948  18.76035554   1.91457156
 -20.89325019 -16.75212608   2.10597804 -13.95434163   2.03936693
   2.34744696  -7.55542245  14.56351013  33.75693819   0.37223415
  15.20656769   5.35128937  -7.53752856   9.88599443   1.97314525
  14.44666522  -2.50360431  -1.68881775  -3.59288578  10.56988843
   4.86917526   7.50964875  -1.31507998   6.18693815  20.33573384
   3.61972263   0.94721344  16.91137928 -13.09105316   3.51206814
   7.66153472 -12.39025334   0.85508049   1.42330572 -17.58230832
   6.26600487   0.8815164   -7.63348523  11.32770634   6.46787738
 -27.90453914   3.62159964  -3.29941667   4.19122258   8.67096984
  -9.99086747  -8.54353112  23.15737011  -4.30472059   1.80155114
   2.25044374  16.08907861 -10.5801677  -12.06077921  17.53760523
  -9.90052504  22.58397709   7.08002605  27.20265883   3.9674341
 -11.43403487  -0.86009969   7.07014299  -6.49753612  -9.4189001
   8.325445    -5.06202114 -16.32466536  -2.75404113  18.17376041
   6.37877704   2.62117752 -23.31324033   0.34310176 -11.65250354
   3.46807727  -2.94837576  13.16264677   6.78786369   5.66131011
  -6.04074704  16.16763986  24.55948637  16.93721638  -8.31113974
  36.25703962   2.60855595  22.11840061 -15.20553418   7.18323873
   1.58050295   5.39529149  11.19113267 -22.49948869  13.78918
   7.25846388 -16.9479388   -5.27557812   9.56908887   4.40933226
  -2.80886828  -4.77396102   1.84247822  17.33163465 -18.38377104
  -1.90601347  -6.97309331 -21.47352999  -8.60882938  -3.45623168
 -12.6953468   -3.5841778   -5.36321618  -5.47103295  14.14546332
   9.74618413 -15.96809998  13.3469255   -3.52191294  -7.9171722
  11.63729709 -32.24604967 -12.07826609   3.07269477   8.06678021
 -33.07973795   2.94571848   8.05049189  -6.36010386 -29.47555763
  15.39094998   5.19126091 -13.92509908  15.80140644 -22.59710635
  -1.05690154   4.15715208   6.10199332  16.76907288  -1.24059792
 -20.32382691 -18.66867054  -3.9117272    1.29343311 -12.21275484
  -0.9067727   13.07952686   1.9152806    2.9950679   -4.03887968
  -9.53770951  -7.45769514 -11.17166476   0.52356872  13.99641164
  -9.40218927  -9.88827771 -25.89520033  -5.20004101  -6.66395301
   7.98047593  -5.45893606  -1.60336568  -9.94949983  -5.46235224
  -2.4986318   11.45764245  17.62096938  15.88060404 -17.30099912
  -1.26800388   2.71923511 -14.95624905 -26.16105261  -2.85755237]