[ -12.99395722   26.11756815  -29.3110966   -14.59780473   47.34320379
  -24.85942955  -83.20098188  -21.18591035   70.1394243   -15.8446073
  -15.57100639   34.07300081   22.89506414   34.99134593  -85.38836912
    8.64588287   78.92711761 -123.63986451  -84.07531218   76.99465963
   10.37452475   51.59987802  157.90210063   55.65779902  -32.0797758
   43.9546819   -80.33611847  -72.88620309   11.31854126  -30.12597038
   54.53705956  -61.45383876  -73.4302709    -3.75004565    5.90607185
   36.29099906    2.16390801   16.16087838   65.96285803   36.20362477
   16.43079637   33.22643899  -28.12947509  -28.55966125  -37.36337174
   33.80809708   25.80426978  137.10328958  -46.55788591   17.59552055
   25.5605635   -83.21717563   -3.48691281  -84.30502525  -89.98583308
 -119.45096709  -41.25977112   41.78871757   23.61633565   35.53062777
    1.92658441  -37.46735732  -54.31096582   50.86325353 -133.71224004
   17.07854468   47.21436206   42.14554992  -70.93363457  -49.11552413
    9.05420898   66.48602564   59.4194007   -88.95750868  -11.9912639
   81.73201942 -104.45062618   -8.53619725   24.93236322   25.68252013
   62.37476948   15.202421     33.64302388 -129.58333798   44.07693182
  -32.69937961  -26.46339662    0.6450073    -7.56867354  -27.21711251
   29.2175888    41.88993972   24.56318279   29.01873337   30.17830072
    0.56853884   67.9497439    -1.59939914  107.14342652  -39.76928934
  -33.65861843  -72.35262044  -96.17060529  -38.00768192   35.05717768
 -109.19965129  -56.69014092   43.67508329   36.44207056  -79.14069824
 -115.63819001   83.09913978   59.25168392  -76.95040053   36.94020832
  -56.73762872   84.97842579   61.09398929    2.21309754   46.53164736
  -51.76697761   31.06472779  -15.06132611   76.39626193   18.38096685
 -111.03787506  -61.91327342   10.6943147   -63.46440554    5.54326166
    0.57108509  -35.27358814   47.06348911  147.3474638     5.40884563
   67.49756785   -9.02487059  -40.69252193   42.28385674    8.58487576
   68.77722857   -8.62186125  -22.6002048   -30.21228617   37.16680385
   11.81358247   40.25627968   -4.54977088   37.38912598   82.47915809
    8.34243706    1.90740958   64.88048736  -64.1710082    25.77714711
   32.10483868  -47.19509389    7.05008509   -4.93694889  -80.30482517
   31.99432625    9.03929483  -22.17570618   49.35036024   38.12115081
 -116.77373442   19.39653744  -13.55165747   13.4124985    51.17528734
  -48.20899097  -43.26582945   98.17670026   -6.02918914   20.74764274
   12.84001098   74.5150008   -39.62882192  -35.76218236   73.99114632
  -39.14918026   95.56125779   34.05376541  123.33281511   -3.49426882
  -52.28845769    0.67138745   38.08666552  -29.53861343  -43.52239784
   50.76394297  -21.49824639  -78.93812758  -12.34496333   81.31753017
   37.95205386   25.37025493 -108.35921308    5.57914069  -54.12475834
   -0.49295583   -9.85832742   62.17830735   19.56405321   21.89254862
  -25.07642661   68.57571     106.95262035   59.14267855  -42.79770006
  163.27434479    4.66762033  101.54962305  -60.91188987   42.15584536
    0.9348365    47.11138465   43.16649215 -102.77189467   46.58181486
   44.35587781  -69.36253914  -29.5357992    44.08854908   16.57482843
  -10.32362967  -23.05582674    1.16888091   76.24409282  -74.36140496
  -16.66650352  -37.41196332  -91.44839799  -18.51778773  -18.1016004
  -64.72677408  -12.80868827  -16.48238697  -29.82434143   75.04859789
   41.94448468  -88.75058866   56.61846425  -17.80694547  -24.9632831
   54.11551357 -135.15384339  -39.98183797   -5.30052971   49.81627888
 -137.23029664   21.61251346   49.33950035  -33.93758383 -123.88425849
   65.20257312   23.75477753  -52.79399891   75.86152371 -107.3327349
   -3.01400004    9.57613883   11.78755885   72.29239082   -8.59914502
  -78.92826196  -64.27553928  -27.7716074    14.22574014  -52.98333049
    1.74231771   60.90193507    1.81566698    9.22836584  -16.5938369
  -42.83005474  -38.57943275  -41.1649597    -3.21287329   67.43019577
  -37.22205384  -42.01009427  -99.92277617  -26.38360512  -27.6849634
   38.6246127   -19.99639228   -1.4682374   -37.95848399  -25.89453102
   -5.58481795   37.35498408   60.16476244   67.49287835  -74.16106244
  -13.68815142   18.72306376  -74.37445397 -119.34293003  -13.37714819]