[ -2.15289232   3.87359185  -8.2760894   -0.69758046  13.24513157
  -7.59770367 -27.29813614  -7.8901706   17.8321445   -8.54244383
  -1.76614132   5.88221077   3.44329914  11.78442474 -32.36630314
   5.86482179  24.12165668 -40.25281294 -27.39522122  26.92176224
   4.18405461  15.28519699  48.71028608  18.22780625 -10.23160049
  10.48318857 -24.31748264 -27.77215771   4.4507873  -10.43054707
  16.53189094 -18.02591423 -19.59358433  -3.50447084   2.69174706
  14.32159905  -2.98697533   5.30211726  23.06704941  12.7652429
   5.79072779   6.50793506  -8.5365879   -6.02791935 -13.60007029
  11.72518367   7.88488756  43.38729146 -14.45365348   6.15578484
   8.63531691 -23.63496108   0.26883413 -25.33131978 -27.14373822
 -36.65789276 -11.41687975  14.08533359   6.1881177   11.54784701
   3.51752455 -18.54047107 -15.35006153  16.4068561  -42.43166683
   2.76973212  11.00848423  11.6309692  -22.56064165 -14.93306363
   3.45927463  19.08022531  17.35120367 -29.16337497  -3.99422005
  23.17639625 -31.11316085  -3.05347627   8.63486834   5.45315103
  22.89446284   2.54677363   8.10290897 -42.77626546  15.22310002
 -10.93336895  -9.056502     3.92291889  -2.99309959  -7.95817879
   7.48119589  11.91668601   7.24436674  12.75148648   8.10828698
  -1.20736588  18.47400411   1.74658261  30.9656671   -9.82179185
 -11.42636944 -19.35802472 -29.77312654 -14.30774867  14.26332666
 -27.07209233 -14.57920319   8.4509818    7.19112222 -22.44482984
 -35.45304214  22.29679443  15.32200044 -22.34651477   7.53711273
 -17.60582312  25.08846749  16.04565226   2.09420018   9.65425425
 -20.04521894   8.65974879  -7.5836396   22.60337088   4.36895119
 -32.60296893 -23.93478369   1.90857257 -19.33676268   4.39663448
   0.34953836 -10.121339    15.81338352  41.74171433   0.94484062
  22.32265456  -4.54638564 -11.82319166  12.00399764   1.32528699
  21.01404465  -3.08936502 -10.26888596  -6.45704016  10.58644398
   0.88073886   8.65027744   0.10915851  10.88204331  28.06074959
   4.28019369   5.43140081  18.479561   -21.14157431   3.49328415
  10.69880121 -14.85194644   0.14862278  -1.76972074 -19.59031264
  10.19698202   3.41946485  -9.33377665   9.47928752  13.08288966
 -34.61530701   7.485223    -4.30947079   3.10441372  17.6937813
 -16.20611973 -16.23520555  31.18787137  -5.42265165   9.16907317
   6.5187287   21.48575597 -17.21809691 -12.16582418  22.54732696
 -13.4966172   30.26713045   5.06540801  36.9970223    2.25522928
 -14.15716435  -1.29914821   7.88232454 -11.19795286 -11.35978497
  13.80290659  -7.34493915 -23.77346429  -0.91827059  21.26905623
  11.4807604    8.30972059 -34.40631799  -3.88323724 -14.26660341
   2.52044604  -5.44298523  17.65959427   5.28199903   2.88092417
  -8.69738694  22.81005366  36.01596254  19.2912178  -14.5328298
  45.27231058   1.01596289  28.22541386 -20.82694601  12.37342196
  -2.16706628  12.92189034  15.21652658 -28.28359416  16.03770838
  12.0238232  -21.16038912  -7.96883921  14.43859206   7.5133991
  -1.9020865   -6.68465316   3.01401467  24.94341525 -19.64845329
  -0.45283779  -6.59108626 -28.34948573  -6.14125147  -2.64544127
 -20.96959314  -3.64851534  -3.96313767  -5.73970821  22.99183667
  15.57219992 -27.77801458  20.42120255 -10.05853244  -8.19469621
  18.26721089 -43.56745312 -14.91997201  -0.10785661  15.42247815
 -44.6079747    5.92071012  15.87251101  -9.85413511 -36.61816834
  18.28770815   6.38390894 -16.45699409  24.69157019 -33.09030063
  -5.32347097   0.34341263   7.34998346  22.39628537  -2.5305304
 -29.35403971 -18.68655515  -8.79685364   5.62399779 -17.71656251
   2.15396292  14.18040982  -4.7602476   -2.2360944   -5.90221277
 -12.84171599 -11.71121516  -7.61078197  -3.63244302  16.18250804
 -13.27311399 -12.35768349 -29.7420042   -7.09583791  -7.42430596
   9.4063186   -3.31689356   1.42263361  -8.7210668  -10.47063125
   0.2022181   17.49855134  20.85273577  18.87441314 -20.09804792
  -5.99295761   1.98166998 -23.97066177 -38.24393746  -6.18848049]