[ -5.75395098   8.50339602  -4.05530786  -7.55825606  14.98935815
  -7.46197713 -23.4425831   -5.23378206  20.91675715  -4.23433868
  -2.25166965  12.05417385   3.39867559  12.3099638  -25.9006322
   4.46024671  20.00967084 -34.96356799 -23.86039359  24.0684254
  -0.61518838   9.52417126  44.67345643  15.74559342  -7.97396516
  11.3566385  -26.29523371 -20.81912547   4.11107893  -6.95098645
   9.54277125 -17.8634587  -17.93108241  -0.67297075   1.78470404
   7.18215798  -1.15591057   3.46127061  18.6461414   11.90504319
   6.77905051  12.06552601  -5.36277133  -8.63988971 -10.43780593
  10.40852679  11.65011179  41.10015704 -14.55408676   4.35985009
   6.09592669 -20.948271    -0.29829099 -22.41044594 -26.53153475
 -32.94773525 -11.04193527  13.34583793   2.91375196   7.34288241
  -0.24300781  -8.61263012 -15.38308573  12.86054945 -37.26222928
   2.52221788  10.99678935   9.86045997 -21.74114304 -16.43501491
   5.67119558  17.25798436  15.28369575 -26.60414268   1.02557867
  22.50499894 -29.56457851  -1.0015754   11.02779582   8.03174639
  17.24637155   3.90550692   8.03344564 -39.0199488   14.45651792
  -9.1953524   -2.96220104  -0.73502202  -2.47092144  -6.02927563
  10.26803951  10.02008981   9.30243632   8.85617788   6.62849907
  -2.13966816  19.96410915  -1.76804005  28.93590883 -10.760768
  -4.9528093  -17.4733091  -25.68431396  -7.02203211  11.11810384
 -31.95069322 -19.04454524  13.30869658   9.77305068 -22.69437147
 -28.8179603   21.10512466  14.03115897 -21.76884797  10.11175792
 -15.64426926  20.87751562  14.27883283   0.8750517   13.44685596
 -12.80590022   8.78548308  -1.40448363  21.27778635   2.1246176
 -29.41097817 -15.44257092   4.39405083 -16.03411996   3.87496452
   2.11365777  -9.95349335  11.76929862  42.59027143   4.23312402
  16.29260233  -7.60213299 -12.29950228  12.75371302   2.54991091
  19.63984755  -2.87163988  -5.87758199  -7.10315014  10.35878943
   0.74829684  11.70915835   1.40844447  10.32450243  23.21815491
   1.11075363   1.56736659  14.92354726 -17.31198381   5.4523758
  10.54443133 -12.96756215   4.74036556   0.07083482 -25.23440884
  10.31989121   4.6000015   -4.04408572  15.26402348  10.25167517
 -28.44039117   6.87515164  -5.21589248   4.34343045  14.01532386
 -15.35484291 -13.032397    25.33278112  -3.34387432   1.61161625
   5.78696232  18.58066443  -7.73053773  -7.75158331  22.03715838
 -12.3965299   26.26252559  10.16352571  34.06010134  -2.7093819
 -17.32080314   0.27726109  12.66212287 -11.40432897 -11.87478814
  14.96537535  -7.56781666 -22.21561259  -5.64624647  23.53229648
  10.61960438   9.39770167 -27.89814303   2.178048   -16.61301968
  -0.38495994  -4.92724574  15.17596078   5.8159818    2.0307667
  -6.00842418  18.94602027  31.26845643  15.80557444 -13.33086132
  43.84165926   0.54972466  30.98661251 -16.21429927  10.65362113
   2.33168696  11.71344312   9.90859438 -26.54209953  13.23055165
  10.46575579 -18.94647518  -6.76900263  12.66656268   5.69370884
   0.83394934  -4.3812653    1.52608839  20.79820932 -22.64642137
  -3.16019528 -10.97705312 -24.43114743  -4.30642697  -4.99744785
 -16.30393165  -3.47230858  -5.16756199  -7.67898781  18.92687158
   8.85140987 -26.93006791  17.06981474  -4.84467801  -8.0756368
  14.6405737  -39.50868688 -10.32828281  -2.70758294  13.10444258
 -36.38519942   4.78283546  15.63419916 -11.77437175 -33.71561296
  20.06558664   4.5984507  -15.50572136  19.71179978 -29.96523895
  -2.22640525   2.92896197   4.8162013   20.31637426  -2.46923463
 -21.95598755 -18.42175004  -7.36476567   6.13957124 -15.89287421
   1.73021779  16.05151934   2.82174574   7.0134933   -6.01506946
 -13.53720169  -9.12315011 -14.95211081  -0.80546458  20.2855715
  -7.95218775 -12.18174424 -27.23936698  -4.9030611   -4.56136559
   8.64556313  -2.88795283  -1.6987685   -9.12614297  -8.52925596
  -1.59811872   9.07547438  18.53345594  19.20731437 -19.55294835
  -2.05243451   5.46993159 -21.26594672 -34.27770703  -3.94443973]