[ -1.06716142   8.37672883  -7.96020935  -5.81765316  13.95092927
 -10.3182967  -26.18090897  -5.32631825  18.80044015  -1.21153976
  -3.65656362  10.18553222   2.65531133  14.8963628  -31.30397319
  10.4804162   23.96143789 -38.71771793 -30.52921839  28.77889876
   0.42294153  11.69919261  52.64864003  19.28836099 -10.76723506
  12.52043601 -26.56984624 -22.86493177   3.67335017  -8.64557962
  15.2515947  -20.97195398 -20.5242612    0.09500168   0.91219321
  14.85860446  -2.86608234   3.90677595  22.38616634  14.1035215
   3.76382044  12.59814198  -7.03631049  -4.16588945 -11.19059074
  11.73992918  11.15346049  44.04194054 -16.10849891   6.62980624
   8.63850961 -22.46191763   1.44183258 -23.33242127 -29.1572985
 -38.27645791 -15.91530543  13.24129971   5.83463436  11.04477297
   0.19001883 -15.94930382 -15.09188224  19.39952784 -43.54002092
   2.98887658  12.07732459  11.76505118 -20.95277577 -16.28028092
   5.5847641   20.7035772   19.69648439 -29.41275881   0.6751646
  24.13070694 -29.54065762  -3.79633692  12.56544764   8.29975976
  20.37699637   3.99806582   8.68159615 -45.83518659  18.49899922
 -11.40834317  -3.73557687   3.48072334  -1.8699415   -5.37950583
   8.77369138   9.55244702   6.8641929   10.06895724   7.64231559
  -2.21609841  19.60562128   1.75928299  30.85788024 -10.25844726
  -6.09896811 -19.80314033 -28.50717263  -8.86493558  14.19598084
 -31.78426044 -16.28629713  12.98091387  10.00971271 -24.82496565
 -33.04287055  24.2455585   10.7978834  -22.43615801   5.4920526
 -20.68514672  25.53634113  16.33159522  -1.63411248   9.79652155
 -15.61187495  12.16548804  -3.43902996  28.87855455   0.75289999
 -31.60304916 -18.40838768   3.69632843 -18.66405867   3.45600473
   3.10960906 -11.4556001   12.79514112  43.01052742   3.22862212
  22.60677101  -7.67479855 -13.80385163  11.68264753   1.06274119
  17.72176354  -5.1973389   -7.76211914  -8.60369444   9.34863604
  -0.47297766   7.15392374   1.94256151   9.84313073  28.07517641
   3.52145091   3.39936891  22.75924375 -19.356645     4.53133127
   9.68925843 -12.94762632   4.00428586  -2.23575224 -24.04052776
  12.72550172   0.24059439  -9.01627926  12.84226678  12.49575772
 -37.70575889   7.87303912  -6.2137652    2.91231615  13.98260972
 -13.93214714 -12.80666808  29.38887987  -3.35830111   7.68034464
   2.39215407  24.96118079 -12.85912097 -11.68676135  24.67226656
 -14.1535098   31.23196043   8.48441821  36.68531388   1.20742293
 -14.90064977  -2.77274209  11.60429229 -10.76576662 -15.41147557
  15.2122857   -8.18512072 -25.4881001   -2.71930824  25.34566853
   9.2981862   10.44884061 -30.63169177  -2.3279374  -17.43961063
  -1.57786615  -4.35055891  17.38441275   8.03174404   6.13364428
 -10.46401679  22.17825614  37.53027055  20.87778846 -16.04307361
  45.01335497   2.87976213  29.41723781 -21.57245071  11.83771114
   2.94785046  10.85414723  13.36272239 -31.89951562  18.92455125
  10.35688291 -21.31331068  -4.89084341  13.89085606   5.17126164
   0.29062666  -4.10936068   0.81576411  20.97645357 -22.07990101
  -0.25350388  -9.38233573 -28.76883357  -7.93623047  -4.42776626
 -18.8444223   -3.94869678  -5.36743084 -10.17711329  22.90542524
  12.35043034 -26.74569592  20.8904979   -7.04966102 -10.62159434
  18.9623063  -43.526937   -12.46383069   1.47888512  17.20588015
 -41.75665008   6.97657299  19.19356191 -10.94632587 -37.68063046
  21.52631224   6.45002312 -14.83252784  25.77581725 -33.35418701
  -3.74078652  -0.89721169   8.86651991  23.08613627  -3.38150427
 -28.71201524 -19.7834116   -9.94386488   3.0739767  -18.66112297
   4.25764748  17.29829118   2.20206329   2.62059528  -6.88935062
 -12.92195357 -13.70613817 -13.01691737  -0.44402176  21.04705069
  -8.09758357 -15.21094303 -30.82484204  -5.95420375  -7.80959357
  12.37833484  -5.44546336  -2.77132848  -8.43566109 -10.75012304
  -2.15379654  17.39856227  19.18646804  22.73187196 -22.62594875
  -6.13957576   3.32851693 -24.38940589 -37.39328077  -3.45296764]