[ -2.974988     4.01863632  -1.77003099  -3.39447038  11.45832241
  -5.85523649 -21.55536994  -7.14694918  15.27864187  -2.81721152
  -3.74957744   5.95780836  -2.21178872  11.27331576 -26.66120499
   9.08977998  16.96724165 -32.89705309 -22.77534813  22.49816012
   0.91029605   7.37807076  42.05622174  12.55480451  -6.55274117
  10.7463197  -20.92373789 -20.5982883    2.48351899  -5.71007939
  10.62555479 -16.22164728 -10.74598868  -2.35339032  -0.04866599
  11.1257647   -2.80866687   5.22516678  16.48299482  11.52001795
   6.96619597   6.23251354  -5.29545364  -3.5053333  -12.13357932
   9.72726224  10.43151801  35.52022241 -12.26305181   3.92679808
   6.19605447 -14.7683246   -1.01598289 -18.71638562 -21.07729188
 -29.05347283  -6.76925868  11.03937526   1.37500486   6.74215644
   1.05687741 -13.03627956  -9.29129284  12.77979672 -30.57766853
   0.82041288   6.66759625   7.40129237 -19.83479916 -14.5010647
   5.87951129  17.09708856  12.98309728 -23.92401474  -1.34918566
  19.77751689 -23.76420805  -0.41372326   9.7617723    5.80635839
  15.99711953   4.45695388   3.90181141 -36.40111796  14.92605983
 -10.05628807  -3.58833043  -0.77506833  -1.41351044  -5.31878721
   8.06189673   7.37413533   6.47269696  10.5886098    4.60095443
  -3.11494095  15.21600225   0.16046784  21.37534164  -5.92132308
  -3.56307904 -14.51323148 -22.45156849  -9.40155785  10.70265367
 -22.38920575 -13.27991296   7.29619902   6.78170754 -17.84124677
 -24.55395923  15.18827509  13.10678353 -18.38697547   6.27592217
 -14.35715751  17.59569961   8.92644711   0.94248328   8.82415696
 -14.89259244   7.62331107  -1.18415132  18.74447003  -0.92329517
 -23.70870051 -17.10114573   4.67785745 -11.98077244   4.99461101
   2.67920586 -10.39990765  10.21677675  35.51912808   0.98289311
  12.92517948  -6.16522884 -10.047263     9.88418971   3.92318216
  17.02169     -2.28977298  -4.73744449  -4.05838283   8.58393708
   0.42366879   5.82732316   0.95701603   8.01128229  22.06089017
   1.25839595   3.61178161  13.72520626 -15.64022896   1.24761061
  10.13766832 -13.8216096    1.42847507  -0.25644437 -18.09581526
   7.97181461   2.83695848  -6.30623336  12.39347452   9.31706911
 -25.41959379   7.33827345  -5.03556817   5.86676446  11.16457339
 -13.6153969  -11.68014829  22.60525545  -6.43564577   1.15228542
   7.0095421   15.56391684 -10.67489685 -10.94907352  16.30042913
 -12.17952136  23.54986563   4.80567676  28.07325023   1.2481167
 -13.33712107  -0.1281153    8.62143556 -10.25561121 -10.27797906
  11.24798011  -6.96695882 -19.56064186  -2.28585562  20.31867231
  11.32468217   7.92246111 -23.82042868  -2.74263103 -15.16976341
   3.85699422  -7.37287862  13.22952644   4.97206819  -0.49402376
  -6.60991994  17.14414521  29.88760461  17.08820498 -11.35526471
  35.72107388   3.88222722  24.63173766 -15.06961156   9.75565605
   3.37739997   7.82101013   8.64649743 -21.15307672  14.94465271
   8.03505408 -16.12288164  -2.93183005  11.7721014    8.11519271
   2.04393433  -4.16288221   4.05960396  19.76363908 -16.32089823
   0.88280443  -6.29069801 -23.19418852  -2.19348639  -1.05951849
 -13.40304182  -4.13482223  -4.60587219  -3.49448527  15.07284134
   8.32870676 -22.30864517  17.13336821  -7.54411782  -6.86986298
  13.28833585 -33.75156795 -11.47801221   1.98139402  10.53239442
 -32.00815473   2.3517052   13.522911    -9.09984157 -26.91808504
  17.55904753   3.52150988 -14.89890781  16.14629801 -26.07914993
  -5.21263458   0.37847539   7.71977551  16.04862318  -2.55307218
 -21.95651838 -16.88971177  -7.7029772    5.07696989 -13.9804214
   3.55152143  10.36425194   0.79820394   1.41671434  -5.39227983
  -9.95242087  -9.04686891 -10.96618625  -1.39764084  14.81638779
  -8.01714373  -8.68184033 -23.54212132  -2.51070505  -2.68991467
   4.84056947  -2.11998644  -0.24656745  -6.79596904  -8.99079568
  -0.7449202   12.47870404  19.96945482  16.98827306 -14.42722335
  -0.40713516   2.06447052 -18.26201232 -30.48508884  -4.34927275]