[-2.27309476e+01  4.52594547e+01 -3.47481951e+01 -2.80943103e+01
  8.60339448e+01 -4.66358231e+01 -1.62417465e+02 -3.55981024e+01
  1.20479413e+02 -1.09623015e+01 -3.35401628e+01  5.38246157e+01
 -4.47357539e-01  7.95055160e+01 -1.82360423e+02  5.09707057e+01
  1.35446548e+02 -2.32881007e+02 -1.74786363e+02  1.53375170e+02
  3.95786428e+00  6.50847558e+01  3.17944380e+02  1.07781711e+02
 -6.21249108e+01  7.29377300e+01 -1.58854421e+02 -1.40009752e+02
  1.49278331e+01 -4.20084548e+01  9.59634733e+01 -1.23678877e+02
 -1.06648176e+02 -8.10211612e+00  5.03092794e-01  7.37970840e+01
 -6.43244371e+00  3.43652433e+01  1.26341488e+02  8.73372028e+01
  3.25830190e+01  6.63565497e+01 -4.57389232e+01 -3.87118326e+01
 -7.85944240e+01  6.45374349e+01  7.51795467e+01  2.59757316e+02
 -9.03408189e+01  3.46716121e+01  4.44212264e+01 -1.33348808e+02
 -4.78303409e+00 -1.46901920e+02 -1.59269439e+02 -2.17290346e+02
 -7.29224793e+01  7.37012752e+01  2.92992357e+01  5.98197436e+01
 -1.52984331e+00 -8.32260356e+01 -7.19725092e+01  1.01270536e+02
 -2.35860341e+02  1.67645968e+01  6.97310779e+01  6.27313832e+01
 -1.33803962e+02 -1.03909435e+02  3.11598338e+01  1.28789356e+02
  1.09247729e+02 -1.78614423e+02 -1.41636577e+01  1.50944349e+02
 -1.80412078e+02 -2.49747745e+00  6.15318899e+01  5.06111127e+01
  1.20284717e+02  3.24466978e+01  4.21531829e+01 -2.61969420e+02
  1.00118142e+02 -6.45135020e+01 -3.88349253e+01  8.20808333e+00
 -5.95439583e+00 -4.07668534e+01  6.15966969e+01  5.99862365e+01
  4.36131683e+01  7.29790985e+01  4.01633183e+01 -1.66443257e+01
  1.15291994e+02  2.18356248e+00  1.74243365e+02 -4.88898740e+01
 -2.94089731e+01 -1.24252778e+02 -1.72252564e+02 -6.26392890e+01
  6.69903633e+01 -1.96253866e+02 -1.03430115e+02  7.32232131e+01
  5.51597274e+01 -1.48332082e+02 -1.94531079e+02  1.40658968e+02
  9.28633619e+01 -1.39380604e+02  5.56005701e+01 -1.14607774e+02
  1.43931287e+02  9.38620360e+01 -2.24203493e+00  7.43770657e+01
 -1.08258385e+02  6.57215164e+01 -1.42509829e+01  1.45657208e+02
  9.74310148e+00 -1.89246345e+02 -1.22227250e+02  2.52989427e+01
 -1.06254722e+02  2.34780146e+01  1.55873501e+01 -6.67172320e+01
  8.75781805e+01  2.69378568e+02  1.66363763e+01  1.18413135e+02
 -2.69442904e+01 -7.67120339e+01  7.29569922e+01  1.95588591e+01
  1.19932680e+02 -2.03330682e+01 -3.10726724e+01 -3.97887740e+01
  7.50014495e+01  1.31913005e+01  5.15446347e+01  5.28122190e+00
  5.61897495e+01  1.60223441e+02  8.80470154e+00  1.53856386e+01
  1.16741900e+02 -1.17292539e+02  2.93156663e+01  6.54031653e+01
 -9.59940889e+01  1.18258931e+01 -2.67714040e-01 -1.48186205e+02
  6.78478625e+01  1.52902086e+01 -4.65497556e+01  1.01002081e+02
  6.52081296e+01 -2.07464063e+02  4.46375426e+01 -3.53475558e+01
  3.35311078e+01  8.83179481e+01 -8.97693634e+01 -7.19114890e+01
  1.85010889e+02 -3.68266739e+01  1.82910345e+01  2.57032336e+01
  1.33188188e+02 -7.33040140e+01 -8.37658852e+01  1.39085999e+02
 -8.41579775e+01  1.81032712e+02  5.43463755e+01  2.21690667e+02
  1.11866313e+01 -1.03358340e+02 -8.98814153e+00  7.18978244e+01
 -7.02608250e+01 -8.12270651e+01  8.73543896e+01 -4.97315276e+01
 -1.45486104e+02 -2.60713494e+01  1.49294867e+02  6.70556255e+01
  4.95902116e+01 -1.81111024e+02 -3.61049672e+00 -1.01518237e+02
  1.76042099e+01 -3.65834665e+01  1.08862053e+02  4.90435985e+01
  1.81615372e+01 -4.81572200e+01  1.30277276e+02  2.09850116e+02
  1.29068854e+02 -8.92354240e+01  2.84739394e+02  1.72514975e+01
  1.85977748e+02 -1.12983452e+02  7.07383660e+01  1.66479938e+01
  6.58380912e+01  6.98719343e+01 -1.80006663e+02  1.15384729e+02
  6.65064173e+01 -1.30880291e+02 -3.43866515e+01  7.81836406e+01
  4.70074683e+01 -7.20468046e-01 -2.50391055e+01  1.57729791e+01
  1.39765657e+02 -1.38383809e+02 -9.80517484e+00 -4.69026809e+01
 -1.71344026e+02 -3.80814824e+01 -2.37535971e+01 -1.07010642e+02
 -3.58600877e+01 -3.20846177e+01 -4.41202976e+01  1.19418826e+02
  6.97574367e+01 -1.59017763e+02  1.17175092e+02 -3.01894974e+01
 -5.07421360e+01  1.05596596e+02 -2.55530764e+02 -8.48249689e+01
  9.49224854e+00  8.89828580e+01 -2.49195412e+02  2.53250555e+01
  9.60517629e+01 -6.57773748e+01 -2.20720660e+02  1.27479421e+02
  3.26106665e+01 -1.00325865e+02  1.35575831e+02 -1.92761307e+02
 -2.37675170e+01  1.36856207e+01  5.17252241e+01  1.35671373e+02
 -1.47204462e+01 -1.59720873e+02 -1.41648889e+02 -5.65314021e+01
  3.04381993e+01 -1.01425154e+02  9.88899310e+00  9.47118034e+01
  1.23195550e+01  1.55031959e+01 -3.94710120e+01 -7.31998044e+01
 -6.40248071e+01 -8.58258064e+01 -7.56738638e+00  1.22149205e+02
 -5.71922456e+01 -7.16985822e+01 -1.91592216e+02 -3.71017051e+01
 -3.70661705e+01  6.10720132e+01 -3.08155806e+01 -4.92628577e+00
 -6.20777329e+01 -5.86247913e+01 -1.56329577e+01  8.88677586e+01
  1.26070458e+02  1.32004004e+02 -1.34915864e+02 -1.98583666e+01
  2.64367970e+01 -1.39641526e+02 -2.19146253e+02 -2.74184265e+01]