[-8.22949434e+00  9.72164950e+00 -1.26438037e+01 -1.76372777e+00
  2.31777450e+01 -1.04535971e+01 -4.75117672e+01 -1.25051618e+01
  3.73883163e+01 -5.83938400e+00 -1.28289347e+01  1.30930764e+01
 -1.86793193e+00  1.95740245e+01 -5.27321488e+01  1.20020214e+01
  3.80371094e+01 -6.34644370e+01 -4.53571827e+01  4.24556787e+01
  2.80547866e+00  2.17892382e+01  8.68361570e+01  3.13536683e+01
 -1.68206660e+01  1.87960316e+01 -4.07538597e+01 -4.49254917e+01
  4.70134881e+00 -1.07824511e+01  3.32925148e+01 -3.42262614e+01
 -2.81212131e+01 -6.64442883e+00  2.52801346e+00  2.09585044e+01
  2.28475271e-01  9.67750315e+00  3.79582067e+01  2.30470100e+01
  9.24878484e+00  1.41112942e+01 -1.62753750e+01 -8.34875419e+00
 -2.71784968e+01  1.77991207e+01  1.82204769e+01  7.20074552e+01
 -2.56810848e+01  1.10976531e+01  1.28433396e+01 -3.73564784e+01
 -4.22131844e+00 -4.24295923e+01 -4.09328063e+01 -5.96874169e+01
 -1.98986756e+01  1.84256893e+01  8.88087382e+00  1.58221330e+01
  4.48659647e+00 -3.07953786e+01 -2.14203375e+01  2.71247962e+01
 -6.62990596e+01  5.37513346e+00  1.99903262e+01  1.59625782e+01
 -3.47047791e+01 -2.55555060e+01  8.57401561e+00  3.23832686e+01
  2.96501551e+01 -4.57944326e+01 -4.14304351e+00  4.27729088e+01
 -4.80352342e+01 -4.29928009e-01  1.54318072e+01  1.28023703e+01
  3.54955623e+01  6.76903698e+00  9.11755348e+00 -7.35886399e+01
  2.28929704e+01 -1.90927810e+01 -1.45875779e+01  8.05128049e-01
 -1.59644144e+00 -1.20572314e+01  1.58013569e+01  1.61401601e+01
  1.26567204e+01  2.34515561e+01  1.14942137e+01 -4.68434865e+00
  3.25220648e+01 -1.06188367e+00  4.96770175e+01 -1.35535477e+01
 -1.41808276e+01 -3.46870469e+01 -4.79560035e+01 -2.35998590e+01
  1.99912932e+01 -5.26459021e+01 -2.39840879e+01  1.67799497e+01
  1.50184438e+01 -3.92587952e+01 -6.06051419e+01  3.59873957e+01
  2.89923554e+01 -3.69042379e+01  1.52342118e+01 -3.39275904e+01
  4.25343998e+01  2.79154406e+01 -3.66307336e-01  2.07473964e+01
 -3.35074277e+01  1.49955630e+01 -1.06011634e+01  4.06792198e+01
  3.55144680e+00 -5.11689080e+01 -3.76502756e+01  3.60034270e+00
 -2.93035395e+01  5.29701571e+00  1.64834521e+00 -1.75125891e+01
  2.82758584e+01  7.54010479e+01 -3.51324101e-01  3.27531279e+01
  6.42635422e-02 -2.09789036e+01  2.24087595e+01  5.93935411e+00
  3.38209619e+01 -5.19335793e+00 -1.00453212e+01 -7.77215487e+00
  2.24614341e+01  5.07519197e+00  1.55167450e+01 -1.28056839e+00
  1.69596569e+01  4.69659646e+01  6.87968845e+00  4.85420356e+00
  3.43337780e+01 -3.46253747e+01  6.31927000e+00  1.90970088e+01
 -2.62971599e+01  4.81922408e-01  2.14324640e+00 -3.90666313e+01
  1.62088920e+01  5.83629351e+00 -1.49810459e+01  2.33376546e+01
  1.89003444e+01 -5.84339231e+01  1.05545416e+01 -9.72098381e+00
  1.03364789e+01  2.50061275e+01 -2.65461890e+01 -2.30338990e+01
  5.14020337e+01 -9.31661676e+00  6.72055113e+00  1.20841621e+01
  3.57753288e+01 -2.52958822e+01 -2.61606965e+01  3.93522725e+01
 -2.50915412e+01  5.01284609e+01  1.23317155e+01  6.18257314e+01
  5.33664165e+00 -2.73774772e+01 -1.61147489e+00  1.62424354e+01
 -2.03526811e+01 -1.88574630e+01  2.12159530e+01 -1.36702936e+01
 -4.05064319e+01 -5.19853628e+00  3.90323245e+01  1.78704961e+01
  1.02479454e+01 -5.39570098e+01 -3.33501142e+00 -2.73751604e+01
  6.62229440e+00 -9.93597274e+00  2.86609655e+01  9.71332862e+00
  6.18948215e+00 -1.41747046e+01  3.67099928e+01  5.93313177e+01
  3.29701228e+01 -2.34792769e+01  7.88772580e+01  3.01052837e+00
  4.80959046e+01 -3.10524632e+01  1.93829498e+01  4.04362144e+00
  1.60641741e+01  2.23995881e+01 -4.79156525e+01  3.01205958e+01
  1.78548065e+01 -3.57915186e+01 -1.30066426e+01  2.14251627e+01
  1.31573952e+01 -2.85632104e+00 -9.80320727e+00  7.70609521e+00
  4.19483130e+01 -3.94002137e+01 -2.44839111e+00 -1.42027709e+01
 -5.09169351e+01 -1.19325353e+01 -6.42103024e+00 -2.98952200e+01
 -9.30255722e+00 -1.09287879e+01 -1.04409377e+01  3.35079253e+01
  2.06220297e+01 -4.24115054e+01  3.16817290e+01 -1.42519774e+01
 -1.53302355e+01  2.91110930e+01 -7.42602054e+01 -2.33341879e+01
  1.47664358e+00  1.87647955e+01 -7.41684460e+01  5.03357472e+00
  2.20760677e+01 -1.75643972e+01 -6.23327911e+01  3.44491771e+01
  9.60655495e+00 -3.05191897e+01  3.75664842e+01 -5.25468336e+01
 -7.27225106e+00  4.98035119e+00  1.61912661e+01  3.76499066e+01
 -4.78374694e+00 -4.62351694e+01 -3.89035941e+01 -1.22641781e+01
  8.03622374e+00 -2.93360385e+01  4.43538949e-01  2.54260128e+01
  3.92860585e-01  4.85368716e+00 -1.24095412e+01 -1.93386708e+01
 -1.65682865e+01 -2.24578065e+01 -1.11199669e+00  3.22810230e+01
 -2.11387430e+01 -2.22796487e+01 -5.56009677e+01 -1.18068564e+01
 -7.75960020e+00  1.59739042e+01 -7.30961269e+00 -1.50349834e+00
 -1.77973755e+01 -1.67793071e+01 -4.67446551e+00  2.64593016e+01
  4.19643428e+01  3.50562124e+01 -3.52200595e+01 -3.10072225e+00
  8.48745636e+00 -3.79944408e+01 -6.09690555e+01 -1.15841328e+01]