[ -6.22353242  11.19143217  -3.64889959  -8.72197924  23.58018864
 -10.67347228 -44.4838061  -11.3683169   31.07602408  -1.94344617
  -8.15819013  14.52637094  -2.74699971  22.0323302  -48.18792122
  17.15888957  30.84664849 -64.33069253 -45.59727448  40.9423162
   1.28789447  14.18871236  82.66781746  26.2887618  -14.58705848
  19.48105518 -43.76318881 -36.6193685    3.00102307  -9.68012109
  22.62903047 -33.23624556 -23.81743314  -2.87609641  -1.44160546
  18.2014301   -3.24721065  11.28343116  31.39935397  23.18696822
  12.37295158  16.26202787 -10.65547488 -10.84691349 -23.09882925
  16.95763393  22.83532583  68.37928098 -25.62051596   6.93881161
   9.84366515 -33.06908279  -4.14656396 -36.89801688 -42.10244967
 -56.30030872 -15.90794567  21.00711066   4.27742472  14.20879859
  -1.51202886 -21.05981671 -18.53494281  25.53134135 -58.34100314
   2.5292405   17.0516007   14.37781216 -40.05423621 -30.98946421
  10.76785901  36.21785797  27.03494521 -46.73976441  -2.18048133
  40.43431056 -46.6188229    1.98310232  18.44089297  14.037246
  29.19117906  10.40061419   8.34017623 -71.70940464  28.59457758
 -17.09179535  -7.76226568   1.69723774  -1.23534808 -12.37439997
  17.07189514  15.00174998  10.70238634  18.42720035   9.51890231
  -6.52508757  29.76556654  -0.53422383  42.22204626 -12.47540161
  -5.21864753 -33.27623877 -45.63761599 -17.16963032  15.82287877
 -50.64092895 -29.84320303  18.2664664   13.86919593 -38.7893429
 -49.14757702  34.6529827   25.82092865 -36.42078382  15.59808278
 -27.87704615  34.52656167  20.54119756  -0.12928488  19.99632521
 -28.0494828   17.19178163  -0.14402097  36.9542758   -0.46897418
 -47.17862037 -33.37945604   8.82788951 -25.47042659   7.5836332
   4.41180772 -17.55288243  22.59387132  72.86372818   4.73558024
  25.9870444   -9.66737113 -19.17364141  20.70218304   7.806863
  32.87096672  -4.43325786  -5.00554178  -8.04548563  18.00961241
   3.76321789  14.03826919  -0.97467691  15.45532817  41.23684401
   3.09745212   3.91035472  25.81614314 -29.11139978   5.67237297
  19.81486753 -27.71530704   2.57300222   0.70006212 -39.37730651
  17.57872909   5.20409761  -9.77579876  29.04824096  15.03310364
 -51.55089668  12.79834914 -11.46966855  11.23905393  22.71159568
 -25.68290621 -18.44993695  46.56560135 -12.72690537  -1.65413249
   9.97219286  32.12557355 -17.56595909 -23.13232369  34.93228234
 -23.35027152  47.90060396  14.40196441  57.28839452   1.54351557
 -30.35942882  -1.12548207  20.31762926 -20.38124515 -20.70424113
  23.66227353 -12.50963967 -37.26467159  -9.75913311  40.14905662
  21.20869684  14.05553829 -46.25267026  -1.5848415  -30.11219927
   7.1991673  -13.80690704  27.96483884  14.6429604    0.49812044
 -11.15767157  33.74171146  55.14270384  35.1578918  -22.11379497
  74.40418804   4.96698328  50.42502014 -28.91606976  17.53996849
   5.71853671  16.82089936  16.81203311 -45.67077479  30.89548287
  16.57044696 -34.08225261  -8.416139    22.60008929  14.0581538
   1.47453293  -7.69572527   5.43097283  38.41526886 -34.97036859
  -0.69080939 -12.5411257  -43.49469516  -7.13287479  -5.0763752
 -27.11942786  -8.4868281   -8.89705173  -8.47634892  28.83349813
  16.27725526 -43.86578373  32.38857734  -8.02354575 -14.27335155
  25.94278624 -66.46570365 -23.61602113   2.88112475  22.30276022
 -63.35601061   5.4682543   25.64015016 -18.11395301 -55.43365481
  36.23350826   6.29065271 -28.42554857  32.44894475 -51.32579859
  -8.82231676   4.37195644  14.46741004  34.45546111  -4.35393143
 -41.41802002 -37.39673354 -15.87794849  11.22353942 -25.97892432
   4.7182544   24.40921768   7.00536302   5.84384393 -11.35761334
 -19.97903678 -16.01343691 -25.06312548  -1.88043828  33.07934287
 -13.92317161 -16.67985096 -50.94787117  -6.72329523  -6.58019455
  11.92631531  -6.81496863  -0.74397873 -16.22434163 -16.2324169
  -4.99107944  21.5733522   36.43764069  34.91413067 -34.1313444
  -2.09897673   5.37963396 -35.73068385 -58.80043533  -6.0744036 ]