[ -4.43216724   5.65374842  -2.60089504  -5.06804069  14.26989057
  -4.4297446  -19.28702752  -4.31294496  16.54252366  -6.16717825
  -3.67689413   7.75234529   0.88957396  10.79988018 -25.1459475
   6.10212529  18.94129902 -32.85248844 -22.46074721  19.41293078
  -1.62301126   5.63132484  40.51802012  14.97418284  -7.96808228
   8.45834801 -23.34247255 -19.22144234   1.61885326  -6.55497587
   8.73844641 -15.15478647 -12.57663082  -2.07844904   1.35328729
   8.36728031  -2.22048446   5.63585538  15.66738523  14.07816504
   7.30424232   7.6879634   -4.76933779  -5.61647105  -6.44230269
   5.45400224  11.53784796  34.79044717  -9.3470436    4.45468554
   4.49142922 -18.71753317   0.40199872 -19.82116022 -19.96268854
 -28.63257059  -6.80383959   8.94987769   2.03326004   6.9919711
   0.04761532  -9.63017777  -7.03831063  10.23871284 -28.69434743
   1.45895601   7.24137452   9.46670898 -17.43408879 -15.57660339
   6.62781814  16.68569598  10.21121272 -22.43944197  -3.71193341
  19.32158046 -24.8206004   -2.16326569  12.05647035   7.61971255
  17.81627496   6.17114843   7.15852471 -33.36505865  12.88261767
 -10.05688123  -3.52849656   0.7571847   -3.03990691  -3.59740911
   9.98547939   8.7673098    6.85141329   9.87917205   4.78952081
  -4.41227137  15.98391008  -4.29110095  22.02980342  -8.24469632
  -1.19973497 -14.6541373  -23.68986486  -5.02597624   8.16106887
 -23.27507895 -15.07217744   7.6823345    5.61550358 -18.71595881
 -23.02070502  18.08889096  12.57718832 -20.27530563   9.74206275
 -17.11535574  15.80181508  12.74857415   2.77980036   9.23361183
 -13.21811434   7.30694858  -2.22578191  17.6745625    2.36578722
 -24.40794036 -15.08954981   3.25695396  -9.88000711   4.98560949
   3.16246357 -11.77792536   9.87054187  33.3512185    4.07006774
  11.61431504  -6.65191871  -9.29463908  10.01592508   2.0491634
  16.2444975   -2.25782493  -3.62676537  -3.13268076   9.51805366
  -1.67184992   6.62172762   0.06363276   7.09491493  22.66968555
  -2.74638447   3.38476782  11.21233433 -15.36934401   2.76460861
   7.21717465 -11.39508732   2.53394922   0.87857952 -18.8462464
   8.48058234   6.26549992  -7.12433955  10.94040827  10.99265688
 -22.76570037   6.56623452  -3.24330953   4.77628326  12.14728856
 -10.8028395   -9.91077167  23.94509405  -6.03644878   3.73564869
   5.18171803  14.43053465  -9.05996506  -9.80244021  18.6075
 -11.24291882  23.08993693   4.61949341  28.48781249  -1.82741267
 -13.97379485  -0.65821294  10.46502327  -8.36172187  -8.31728548
  12.86065547  -8.38160809 -20.62618117  -4.56627747  20.1956469
  11.21187936   8.44143163 -21.70845446  -1.54106194 -11.77855992
   2.46720639  -4.44870136  13.19045765   4.03820577  -4.30716696
  -3.18831235  15.06003813  28.54417121  13.60283528 -12.1193388
  37.02589133  -0.94988155  26.22091719 -13.23380723   8.56221321
  -0.0439753   11.31413096   6.42362309 -20.80473662  14.52710185
   5.39675329 -16.72388982  -4.74625091  11.85945458   9.04134074
   1.61199596  -2.42419975   0.97042225  19.30645014 -15.15399884
  -2.86325913  -2.27660847 -21.63618041  -2.48562461  -0.65325288
 -14.59623648  -5.66874858  -6.57703347  -3.46998268  14.08125335
   7.56445566 -23.45410039  13.97567709  -3.94092133  -3.85048941
  15.61770593 -32.80092704 -10.10762295   0.09568513  13.5639747
 -31.24170154   0.71206932  13.56305751 -10.08251221 -27.61900834
  14.18515721   2.43056625 -12.57000476  17.39550291 -22.94090558
  -8.19502221   0.7916744    5.19973562  17.25635027  -3.16053341
 -23.17705125 -18.18750516 -10.74489418   3.76188228 -13.29081684
   1.45793702   9.24157855  -1.09778735   2.64468124  -5.67062724
 -11.326763    -6.6321747  -11.48567811  -1.02477821  17.59128357
  -7.32490198  -8.46680632 -23.26314869  -4.77175245  -3.94411717
   4.17966267  -2.02154714   0.37020987  -8.65755722  -7.20427276
  -0.04297191  10.81199586  16.06266386  17.06999437 -19.03989355
  -1.15624081   5.35526391 -20.15747108 -27.93355367  -4.86643007]