[-1.02692311e+00  4.30557525e+00 -6.75457113e+00 -3.38685805e+00
  1.08392895e+01 -6.24839861e+00 -2.17269717e+01 -5.27959950e+00
  1.36633329e+01 -3.68657235e+00 -1.59373727e+00  6.60205694e+00
  1.65308168e+00  1.14410147e+01 -2.58290661e+01  6.77241400e+00
  1.76285544e+01 -3.25396331e+01 -2.51336672e+01  2.02283689e+01
  3.17615732e+00  1.12184411e+01  4.16805691e+01  1.50230478e+01
 -8.80858627e+00  8.57187540e+00 -2.17211575e+01 -2.03250793e+01
  2.28176232e+00 -7.90893215e+00  1.37139638e+01 -1.49197413e+01
 -1.60537150e+01 -4.72121951e-02 -6.31779100e-01  1.18702020e+01
 -2.11343606e+00  4.36177733e+00  1.89249740e+01  1.16623473e+01
  4.40528925e+00  7.81225361e+00 -5.63967271e+00 -5.31972974e+00
 -1.09196144e+01  8.58148487e+00  8.62529762e+00  3.45801960e+01
 -1.25426375e+01  4.83491674e+00  6.19312732e+00 -2.00224384e+01
  4.42658830e-02 -1.98059123e+01 -2.22564828e+01 -3.09837515e+01
 -9.90055988e+00  1.07318055e+01  5.24229704e+00  1.03274779e+01
  8.99359812e-01 -1.36408152e+01 -1.02604810e+01  1.46844902e+01
 -3.36136856e+01  2.65208121e+00  9.19847801e+00  7.76403615e+00
 -1.84530028e+01 -1.34416090e+01  3.57808596e+00  1.80407042e+01
  1.40575645e+01 -2.46920129e+01 -3.00532590e+00  1.94936361e+01
 -2.32861487e+01 -2.95243637e+00  7.45172069e+00  5.27566615e+00
  1.75310712e+01  3.39042723e+00  7.38255245e+00 -3.63798623e+01
  1.36828500e+01 -8.67472506e+00 -5.82613443e+00  3.92447734e+00
 -1.58515425e+00 -5.84864983e+00  6.78842639e+00  8.20897379e+00
  4.42757661e+00  9.31900156e+00  6.54245558e+00 -2.31572137e+00
  1.39890596e+01  1.02135347e+00  2.43314537e+01 -6.98886386e+00
 -6.25212790e+00 -1.69468983e+01 -2.35256733e+01 -9.23941365e+00
  9.31855388e+00 -2.43090767e+01 -1.29055666e+01  8.29776368e+00
  5.94037034e+00 -1.94136877e+01 -2.76828749e+01  1.95910217e+01
  1.05459050e+01 -1.85494541e+01  4.94613200e+00 -1.52309775e+01
  2.05504924e+01  1.29865769e+01  1.07168087e-01  7.85172026e+00
 -1.59694660e+01  9.26906431e+00 -4.36350118e+00  2.01287918e+01
  2.22363392e+00 -2.66137896e+01 -1.85435770e+01  1.46539368e+00
 -1.51991186e+01  2.33302993e+00  5.90852446e-01 -8.17142644e+00
  1.25832311e+01  3.41088593e+01  3.20478424e+00  1.77857742e+01
 -4.32562291e+00 -1.02151255e+01  8.85388010e+00  1.24966297e+00
  1.58408186e+01 -3.96417310e+00 -6.51281560e+00 -6.00888738e+00
  8.50183158e+00  1.22734334e+00  5.96687219e+00  6.73177043e-01
  7.86333413e+00  2.20738807e+01  3.82583277e+00  3.52297046e+00
  1.62660006e+01 -1.58956580e+01  3.32826622e+00  7.97643372e+00
 -1.23477743e+01  8.72285923e-01 -1.48624274e+00 -1.71916200e+01
  1.01827680e+01  1.76316083e+00 -7.42753656e+00  1.06123644e+01
  1.01560941e+01 -2.91550869e+01  5.81021091e+00 -4.84853495e+00
  2.83666864e+00  1.40304680e+01 -1.19370925e+01 -9.87995250e+00
  2.72285713e+01 -4.54469170e+00  6.24785449e+00  3.04547229e+00
  1.99673725e+01 -1.27079226e+01 -1.10730515e+01  1.91898787e+01
 -1.02773135e+01  2.52700626e+01  6.20673293e+00  3.06236826e+01
  2.06018644e+00 -1.22631110e+01 -2.53089312e+00  8.43140004e+00
 -9.55969939e+00 -1.04650764e+01  1.21841755e+01 -6.74658117e+00
 -2.06327455e+01 -1.85816588e+00  1.76961172e+01  8.43014264e+00
  7.68733477e+00 -2.64413720e+01 -3.05685243e+00 -1.17588848e+01
  2.39835824e+00 -5.78956149e+00  1.46738059e+01  6.64185804e+00
  2.49950759e+00 -6.89995880e+00  1.79260054e+01  2.93406658e+01
  1.63663436e+01 -1.27740336e+01  3.74215132e+01  1.20710875e+00
  2.35922029e+01 -1.64404397e+01  1.03074837e+01 -1.69816727e+00
  1.01586938e+01  1.11136877e+01 -2.52530409e+01  1.57075680e+01
  1.01066114e+01 -1.81901788e+01 -5.54674984e+00  1.15243807e+01
  5.93707794e+00 -1.62969072e+00 -3.61295861e+00  1.18971471e+00
  1.81979300e+01 -1.71024891e+01 -4.52104687e-01 -4.38964878e+00
 -2.29344861e+01 -5.65738037e+00 -2.21646972e+00 -1.74908677e+01
 -4.10940490e+00 -3.24075977e+00 -5.69196261e+00  1.65333601e+01
  1.19376854e+01 -2.19395002e+01  1.77136107e+01 -5.36801880e+00
 -6.37438551e+00  1.58897987e+01 -3.46382660e+01 -1.18747550e+01
  5.67405910e-01  1.39169817e+01 -3.62568296e+01  4.93839417e+00
  1.45300981e+01 -7.95218001e+00 -3.05209820e+01  1.58496025e+01
  4.71221945e+00 -1.13079544e+01  2.03525517e+01 -2.72808470e+01
 -3.65357431e+00  4.23071378e-01  7.39722487e+00  1.98285666e+01
 -2.47884695e+00 -2.39829690e+01 -1.78309498e+01 -8.56657883e+00
  3.78445294e+00 -1.35262307e+01  2.04075675e+00  1.26773581e+01
 -1.09435602e+00 -1.32397300e+00 -6.06945229e+00 -8.94371542e+00
 -9.25658362e+00 -8.24135325e+00 -2.80266256e+00  1.56322532e+01
 -7.84511735e+00 -9.87823714e+00 -2.53646891e+01 -6.51973819e+00
 -6.17461030e+00  9.42328003e+00 -4.12022658e+00  2.11814478e-02
 -6.70313197e+00 -8.60610147e+00 -1.00486037e+00  1.41584672e+01
  1.48686815e+01  1.69293269e+01 -1.97328361e+01 -5.45945682e+00
  2.15241371e+00 -2.05517932e+01 -2.94893863e+01 -4.11016139e+00]