[-2.30178345e+00  9.08119252e+00 -4.52408993e+00 -3.82557229e+00
  1.48030070e+01 -6.41371905e+00 -2.52124764e+01 -6.33694710e+00
  2.11027540e+01 -1.10278041e-01 -6.40198519e+00  1.00724180e+01
  3.29303420e+00  1.29442835e+01 -2.77267824e+01  7.90538990e+00
  1.97750237e+01 -3.81056127e+01 -2.59439290e+01  2.47819060e+01
  2.38692345e+00  1.14811724e+01  4.80942324e+01  1.75122400e+01
 -9.32104403e+00  1.25117759e+01 -2.52848395e+01 -2.22806826e+01
  2.66238750e+00 -7.04276394e+00  1.63986999e+01 -2.08254486e+01
 -1.95348643e+01 -3.50993238e+00  1.46039584e+00  1.09007206e+01
 -1.50708144e+00  5.72516839e+00  1.91523665e+01  1.31567625e+01
  5.61862312e+00  9.89458989e+00 -9.08711635e+00 -6.61842215e+00
 -1.29400831e+01  8.22469434e+00  9.76050436e+00  4.13965344e+01
 -1.48027071e+01  5.55540812e+00  4.58063400e+00 -2.07331651e+01
 -3.95444842e+00 -2.20062867e+01 -2.50843084e+01 -3.53205340e+01
 -1.40489107e+01  1.25098688e+01  4.51960789e+00  9.03062568e+00
  1.10434770e+00 -1.44960225e+01 -1.38360682e+01  1.55817534e+01
 -3.63967515e+01  8.15956031e-01  1.24449113e+01  1.01373414e+01
 -2.21781301e+01 -1.63982494e+01  6.31573224e+00  2.03378483e+01
  1.92208246e+01 -2.39661988e+01 -4.09704035e-01  2.48838384e+01
 -2.86283657e+01  6.46456327e-01  1.20201935e+01  1.03796126e+01
  1.74255199e+01  6.17482536e+00  5.58970361e+00 -4.33259118e+01
  1.33856478e+01 -1.04287442e+01 -4.48011723e+00  2.37903384e+00
 -2.01384381e+00 -8.57557206e+00  8.76467998e+00  9.18774815e+00
  5.70899994e+00  8.44261173e+00  6.58477618e+00 -4.82008865e+00
  1.98167645e+01 -2.14396866e+00  2.94622907e+01 -1.22754767e+01
 -8.11046977e+00 -2.15958855e+01 -2.75595510e+01 -1.16745672e+01
  9.84689248e+00 -3.18360919e+01 -1.65187566e+01  9.88587831e+00
  1.03558271e+01 -2.51035847e+01 -3.37306022e+01  2.38767776e+01
  1.39628141e+01 -2.17282499e+01  1.02107314e+01 -1.87743463e+01
  2.61442158e+01  1.68286248e+01  4.62440019e-02  1.30698472e+01
 -1.52143566e+01  1.14191254e+01 -3.56025619e+00  2.60476854e+01
  4.08176047e-01 -2.81006167e+01 -1.99567641e+01  3.32775200e+00
 -1.60186136e+01  2.79615488e+00  1.54126964e-01 -8.69547515e+00
  1.33012836e+01  4.33117516e+01  1.50934836e+00  1.67121932e+01
 -2.51833734e+00 -1.23969272e+01  1.21494573e+01  3.81844445e+00
  1.67904758e+01 -3.80366801e+00 -2.80407216e+00 -5.64591280e+00
  9.86792372e+00  1.93041758e+00  1.08137629e+01 -3.93208081e+00
  1.00644102e+01  2.75720011e+01  4.61096325e+00  7.46326000e-01
  1.89904794e+01 -1.73500823e+01  3.25985482e+00  1.18985066e+01
 -1.35295260e+01  3.14552498e+00 -3.22695833e-01 -2.41919835e+01
  1.12626738e+01  2.74905486e+00 -7.04290003e+00  1.32120336e+01
  7.78392626e+00 -3.44390536e+01  5.95846171e+00 -7.54850646e+00
  5.78085580e+00  1.16660647e+01 -1.46712020e+01 -1.23192576e+01
  2.62392436e+01 -3.86080418e+00  2.27858857e+00  3.96803327e+00
  1.97540415e+01 -1.22325166e+01 -1.27885643e+01  2.36940702e+01
 -1.36478740e+01  3.17505644e+01  1.00082458e+01  3.48707756e+01
 -1.47835595e+00 -1.97593977e+01  8.64885509e-01  1.16536632e+01
 -9.37163350e+00 -1.19159088e+01  1.53626801e+01 -6.48789366e+00
 -2.36583719e+01 -6.12209160e+00  2.46973696e+01  1.19276288e+01
  8.19882132e+00 -3.07741632e+01  2.53741529e-01 -1.88197012e+01
  1.70701203e+00 -4.37736014e+00  1.68883073e+01  7.19172442e+00
  5.10714015e+00 -8.50924784e+00  2.01910704e+01  3.32563288e+01
  1.71358807e+01 -1.28635794e+01  4.63843380e+01  2.12880041e+00
  2.91756291e+01 -1.90768168e+01  1.03169802e+01  2.24077250e+00
  1.11224245e+01  1.12877844e+01 -2.94057021e+01  1.63235611e+01
  8.70296504e+00 -2.02933966e+01 -8.10770319e+00  1.40304403e+01
  5.67344024e+00 -1.48700577e+00 -7.09081680e+00  7.66781880e-01
  2.30296528e+01 -2.25133349e+01 -3.55450934e+00 -1.08278910e+01
 -2.77545551e+01 -6.45869250e+00 -1.25741141e+00 -1.54018284e+01
 -1.62634161e+00 -5.43426236e+00 -6.94994110e+00  1.85409141e+01
  1.06936687e+01 -2.62760467e+01  1.82903572e+01 -7.84726151e+00
 -1.00588017e+01  1.61416423e+01 -4.28646475e+01 -1.30286843e+01
 -4.40836838e-01  1.20582539e+01 -4.01543678e+01  3.32715927e+00
  1.49670125e+01 -1.08497022e+01 -3.68837673e+01  2.33146198e+01
  7.50119758e+00 -1.74025703e+01  2.08731638e+01 -3.16685227e+01
 -3.17194448e+00  2.10906114e+00  8.28526486e+00  2.14888391e+01
 -2.81731877e+00 -2.71745513e+01 -1.99710053e+01 -9.33061181e+00
  5.58113358e+00 -1.51498272e+01  1.26537826e+00  1.46127509e+01
  6.51556396e+00  6.25838843e+00 -8.82852224e+00 -1.36959169e+01
 -1.07098266e+01 -1.47527525e+01  1.23945351e+00  2.12000696e+01
 -9.09625724e+00 -1.29668117e+01 -3.25269775e+01 -6.73975505e+00
 -5.76453470e+00  1.09003128e+01 -6.58959587e+00 -7.71420678e-01
 -1.07624603e+01 -8.78037909e+00 -3.12055818e+00  1.12523707e+01
  2.09625272e+01  2.17318647e+01 -2.24887002e+01 -8.91768326e-01
  5.25313289e+00 -2.28592199e+01 -3.35661490e+01 -4.91150908e+00]