[-4.72987643e+00  5.70223533e+00  5.06634405e-02 -2.53035839e+00
  1.50051051e+01 -4.61901969e+00 -2.84739626e+01 -8.20696018e+00
  2.12547279e+01 -4.79270395e+00 -3.55226169e+00  8.45683979e+00
 -4.42351102e+00  1.29403649e+01 -3.12792533e+01  1.02187510e+01
  1.86237189e+01 -4.06106086e+01 -2.58119432e+01  2.79822485e+01
 -1.05144815e-01  7.06474769e+00  4.87737885e+01  1.76331936e+01
 -9.28222985e+00  9.05343675e+00 -2.77002670e+01 -2.72946854e+01
  2.06929102e+00 -6.20111777e+00  1.37414460e+01 -2.04739580e+01
 -1.32558855e+01 -5.23867657e+00  1.34835227e+00  8.46352748e+00
 -3.27702024e+00  7.57472657e+00  2.04961049e+01  1.77390944e+01
  8.68515497e+00  7.43948094e+00 -7.26099320e+00 -7.35651876e+00
 -1.53153013e+01  1.02510026e+01  1.53377076e+01  4.23938092e+01
 -1.54047089e+01  4.80904413e+00  4.74679556e+00 -1.98242939e+01
 -3.24230363e+00 -2.38145852e+01 -2.52296321e+01 -3.30649691e+01
 -8.18982477e+00  1.22771740e+01  5.40466654e-01  7.48975157e+00
  1.36500699e+00 -1.59525404e+01 -1.16725025e+01  1.29097579e+01
 -3.53705199e+01 -9.68642280e-01  9.79055160e+00  8.10285980e+00
 -2.54277180e+01 -1.90066688e+01  8.31960842e+00  1.97360326e+01
  1.47126552e+01 -2.68111458e+01  3.94491428e-02  2.45893929e+01
 -3.00306440e+01  3.18747859e+00  1.40002290e+01  1.04012991e+01
  2.01254075e+01  6.34675089e+00  2.73578591e+00 -4.46407206e+01
  1.55745635e+01 -1.13327506e+01 -6.33678424e+00  3.30991470e+00
 -1.92754874e+00 -7.78879450e+00  1.07684750e+01  1.02690754e+01
  7.36313550e+00  1.31431762e+01  5.49057151e+00 -6.20572596e+00
  1.91741972e+01 -2.00759887e+00  2.48639277e+01 -8.96656742e+00
 -3.42047359e+00 -1.91471421e+01 -2.96204709e+01 -1.27947025e+01
  1.07336273e+01 -2.86093325e+01 -1.87561122e+01  8.96707312e+00
  6.27665749e+00 -2.30364505e+01 -3.09212538e+01  1.99133152e+01
  1.52605576e+01 -2.22736620e+01  1.13488845e+01 -1.72919202e+01
  1.99446413e+01  1.26693997e+01  7.24539830e-01  1.13956774e+01
 -1.81392365e+01  8.23997442e+00 -2.56900391e+00  2.09373754e+01
  5.46073974e-01 -2.72506925e+01 -2.35638892e+01  4.70941962e+00
 -1.35737257e+01  6.99332821e+00  3.27013633e+00 -9.69640987e+00
  1.59457201e+01  4.44032455e+01  2.58183440e+00  1.47861687e+01
 -5.41338319e+00 -1.08363738e+01  1.64453878e+01  3.60418050e+00
  2.16524520e+01 -1.33850940e+00 -3.20361551e+00 -1.23339475e+00
  1.14757132e+01  1.13061188e+00  8.62700855e+00 -1.90782750e+00
  9.36483046e+00  2.68527247e+01  1.59970918e+00  4.66609981e+00
  1.19293523e+01 -1.82524824e+01 -4.87151506e-01  1.32204700e+01
 -1.62925625e+01  6.89969923e-01  1.63309224e+00 -2.22148697e+01
  1.01732799e+01  6.91831376e+00 -6.28680836e+00  1.39891713e+01
  8.67792255e+00 -2.76831198e+01  7.86332499e+00 -7.23016630e+00
  7.34990992e+00  1.40856271e+01 -1.74554137e+01 -1.50394632e+01
  2.82985111e+01 -1.02784873e+01 -9.75831113e-01  9.14593979e+00
  1.50633611e+01 -1.14636830e+01 -1.36189374e+01  2.42520354e+01
 -1.58027098e+01  3.05422310e+01  5.32622398e+00  3.46083277e+01
  3.59895996e-01 -2.07661990e+01 -7.19968853e-01  1.10563409e+01
 -1.35982599e+01 -9.44358358e+00  1.37313551e+01 -7.77604647e+00
 -2.18905861e+01 -7.74070288e+00  2.24044528e+01  1.30084897e+01
  8.20246312e+00 -2.99138799e+01 -2.85224954e+00 -1.67769712e+01
  5.40204942e+00 -8.10031544e+00  1.47758349e+01  8.49089178e+00
 -3.79087941e+00 -5.31691475e+00  2.19048150e+01  3.52912649e+01
  1.95326773e+01 -1.25195635e+01  4.38360847e+01 -1.09788266e+00
  3.15597796e+01 -1.78034123e+01  7.39801142e+00  4.46906496e-01
  1.03061813e+01  1.03043066e+01 -2.44251037e+01  1.87185797e+01
  7.94222473e+00 -2.08671737e+01 -6.12308873e+00  1.51785954e+01
  1.08321370e+01  1.26264674e+00 -5.61745294e+00  4.17395385e+00
  2.60135842e+01 -2.09021162e+01  8.30659943e-01 -5.08502826e+00
 -2.55487520e+01 -6.16507587e+00 -7.18955078e-01 -1.65669919e+01
 -4.48572799e+00 -6.99138068e+00 -1.91985025e+00  1.76801467e+01
  1.09176806e+01 -2.77137819e+01  2.02588896e+01 -6.99975712e+00
 -8.72743783e+00  1.71255720e+01 -4.37796644e+01 -1.65211096e+01
  2.59085255e-01  1.14835385e+01 -4.02025937e+01  1.83882072e+00
  1.48431345e+01 -1.19557578e+01 -3.36474648e+01  2.14275365e+01
  3.57575220e+00 -1.91539218e+01  1.96820611e+01 -3.00272414e+01
 -9.82565140e+00  3.03096450e+00  9.71512466e+00  2.14419257e+01
 -2.68464416e+00 -2.84162138e+01 -2.26676726e+01 -8.25230253e+00
  9.20751423e+00 -1.72636026e+01  2.30109129e+00  1.21258056e+01
  2.60388150e+00  5.67898184e+00 -7.89564973e+00 -1.38026619e+01
 -7.07149960e+00 -1.53540428e+01 -1.28704115e+00  1.95650998e+01
 -1.15270149e+01 -1.12091555e+01 -3.32026614e+01 -4.59129087e+00
 -7.42426580e-01  4.11901167e+00 -2.44474949e+00  9.41480205e-02
 -1.12785272e+01 -1.02882939e+01 -1.69319947e+00  1.48172123e+01
  2.47662929e+01  1.93289962e+01 -2.10096348e+01 -9.97679646e-03
  1.63772372e+00 -2.27638668e+01 -3.80507448e+01 -5.44919769e+00]