[ -6.02696506  13.44969293  -7.01435468  -8.08721689  25.12621159
  -9.53699279 -35.63083048  -9.8327154   29.96362547 -10.46891757
  -3.26712203  15.64446704  11.49120897  18.71435384 -40.27263019
   6.60831148  33.07650741 -57.86990002 -35.12937259  37.17801757
   1.88753597  16.67825475  67.23219124  25.80788369 -12.07431132
  18.28047396 -39.5652925  -33.46793124   6.24219063 -13.55386675
  15.45517282 -27.76375736 -30.83300753  -5.22236681   5.12829023
  13.13216056  -3.6120366    7.86683308  26.82205998  18.05916899
  10.99445913  13.62091412 -11.41928447 -13.62922381 -13.47062887
  12.82972708  13.52927548  63.49281111 -19.44425842   6.67106752
   6.64842127 -33.61499512  -1.48559352 -35.52883127 -39.95750559
 -52.15558531 -16.13546081  20.82649443   4.72931744  12.26334337
   1.58360064 -14.6754321  -23.39232188  18.95559511 -56.05717985
   1.63332583  16.81644289  18.96250862 -36.60443424 -25.64433912
   8.69789713  27.84161306  25.4893547  -38.39662086  -2.34413639
  34.94858707 -48.24205706  -1.62204453  17.65870552  13.26325807
  28.47117814   8.38183676  12.83781837 -59.44703772  19.1738631
 -13.69986063  -7.00034846   2.61770742  -5.83868302 -10.8399588
  13.45864236  18.12196287  11.79662315  11.36315879  10.21582293
  -4.75118575  31.09599847  -5.34588752  46.37918041 -21.19420946
 -12.42799159 -28.6038528  -43.3992232  -13.21878633  16.14732075
 -46.28133253 -28.65873273  15.41971175  14.20733546 -36.62888578
 -46.55208203  35.49889569  23.60568953 -35.20879698  19.63852745
 -24.42256595  34.9179976   24.53983172   4.66787312  20.22076123
 -19.60944156  14.01781975  -5.27830521  32.50752288   6.35967217
 -45.79207663 -27.19959823   6.92597365 -24.05089881   6.8078085
  -0.20406317 -15.41969175  17.19644634  63.16561395   3.62675234
  24.60639392 -11.38338682 -17.96058533  19.03858459   5.38496616
  29.01267387  -2.88841025  -8.03564974 -10.33025106  13.57366009
  -0.20138855  18.95574698  -4.05249768  16.46322609  38.16555503
   1.97115133   2.17114884  21.16143663 -27.33570763   7.73104212
  17.00848259 -19.00497699   5.17960756  -1.56931373 -36.05763403
  15.9328382    7.56564619  -7.2063806   18.79730092  15.34301896
 -45.76849989  10.57944696  -7.82975108   6.78026896  21.86991125
 -22.78633101 -21.92745494  37.74979703  -5.16441509   6.3957497
   8.12461993  25.6973891  -15.9228758  -12.79096341  33.82237785
 -19.60846554  43.98536329  14.04823232  53.05085573  -8.14607384
 -29.30488386   2.30477267  17.99442072 -14.24885134 -16.08184435
  25.64263917  -9.18666949 -34.51361311  -9.45081467  35.89875854
  20.86814307  14.40241893 -45.70012063   3.02648173 -25.60663929
   0.48582325  -4.53147536  25.9312475    7.76246501   2.85734362
  -9.2085769   29.16632971  48.27274153  22.35800658 -19.30486999
  69.93479206  -0.18296976  45.61913389 -26.31092066  16.36936653
  -0.14856857  22.7591756   14.69921191 -41.65980363  19.86004517
  14.90581359 -29.61865332 -13.64103892  21.80223135   9.71434434
  -0.22945156 -10.69431683   0.77032789  36.50184719 -29.86981873
  -7.24037959 -15.10519261 -38.51336632  -4.43782647  -2.58926046
 -26.17901463  -2.94962051  -7.40146772  -9.24980072  30.6021915
  15.9569585  -44.00899366  25.05623935  -9.86840312 -10.64354623
  24.18544226 -61.3101933  -17.4968128   -5.25656175  22.07981796
 -56.35919132   6.2240215   23.90228209 -18.22512715 -52.22831605
  30.93149688   9.71620213 -25.66850692  31.24295231 -47.1132994
  -6.26915303   1.4034804    6.63908978  30.695682    -4.05001607
 -38.12208045 -26.49189753 -15.86862082  10.79446718 -22.64308859
   2.25812993  21.11391741   3.26904894   8.3439259  -10.38958376
 -23.01021454 -13.97415517 -18.88193714  -0.77727822  30.57853564
 -15.30544295 -17.0134953  -42.99120065  -9.08760483  -7.47099966
  12.63413409  -6.90148822   2.16834461 -16.49377161 -12.2716717
  -1.62505113  13.4057118   27.2045326   30.65767802 -31.27518524
  -3.0087277    8.59817539 -34.76260612 -52.10534767  -7.76445816]