[-2.35037007e+00  7.74878602e+00 -6.62385968e+00 -2.40676878e+00
  1.23979475e+01 -6.10116184e+00 -2.17685017e+01 -4.87407659e+00
  1.70810312e+01 -3.89888976e-02 -6.43379144e+00  7.23593751e+00
  4.30790556e+00  9.48241911e+00 -2.26006178e+01  6.74241037e+00
  1.80812972e+01 -3.21604017e+01 -2.22589627e+01  1.87535198e+01
  1.39465737e+00  1.17783696e+01  4.15015049e+01  1.53139770e+01
 -8.26899594e+00  1.12372821e+01 -2.01610014e+01 -1.70312568e+01
  2.23280840e+00 -5.68488825e+00  1.48361898e+01 -1.81607586e+01
 -1.68615494e+01 -2.15684486e+00  1.31448465e+00  1.11050129e+01
  1.98197179e-01  4.94348503e+00  1.55295618e+01  9.93245884e+00
  3.78217137e+00  8.43252653e+00 -8.26236055e+00 -4.74208000e+00
 -9.19594880e+00  6.15056223e+00  7.35620374e+00  3.45324198e+01
 -1.21519942e+01  4.13241162e+00  5.00988853e+00 -1.99655045e+01
 -3.23395500e+00 -1.99534721e+01 -2.04261962e+01 -3.06427220e+01
 -1.21930546e+01  9.79837591e+00  5.63437350e+00  8.09903869e+00
  4.01748204e-01 -1.21089784e+01 -1.05781878e+01  1.50241079e+01
 -3.17234934e+01  3.27517156e+00  1.16025467e+01  1.14867853e+01
 -1.75800179e+01 -1.35178814e+01  3.27512125e+00  1.81396296e+01
  1.70328097e+01 -2.12318272e+01 -2.29516237e+00  2.11310614e+01
 -2.38458526e+01 -3.34906789e-01  8.80148420e+00  8.18714994e+00
  1.49956073e+01  5.17808405e+00  7.42100266e+00 -3.56220124e+01
  1.19693902e+01 -8.02743572e+00 -5.74848987e+00  1.60803769e+00
 -9.85972503e-01 -7.62523083e+00  7.07995795e+00  8.99259701e+00
  4.36321797e+00  8.50993127e+00  7.07140922e+00 -2.17577034e+00
  1.60014168e+01 -1.16992914e+00  2.54672605e+01 -8.81413652e+00
 -7.40354043e+00 -1.96336756e+01 -2.46174624e+01 -9.37607394e+00
  7.98793714e+00 -2.75260528e+01 -1.29480223e+01  9.55256017e+00
  9.35181992e+00 -2.16864804e+01 -2.99431848e+01  2.09016285e+01
  1.36999370e+01 -1.88700840e+01  9.44142882e+00 -1.61202973e+01
  2.16557984e+01  1.50051141e+01  2.03840183e-01  1.11953372e+01
 -1.33883837e+01  9.51709148e+00 -2.68031208e+00  2.05405509e+01
  2.43508346e+00 -2.57667176e+01 -1.58495197e+01  2.96050119e+00
 -1.53849025e+01  1.72687774e+00  4.72122606e-01 -8.90250774e+00
  1.17609151e+01  3.66491998e+01 -2.25615259e-02  1.59835813e+01
 -6.19868879e-01 -1.01137040e+01  9.51704503e+00  3.60441135e+00
  1.41246286e+01 -2.97109254e+00 -2.96260796e+00 -5.48907549e+00
  8.64041255e+00  3.08296036e+00  9.11377217e+00 -3.73876702e+00
  9.26854265e+00  2.23088603e+01  3.01759585e+00 -5.59086509e-01
  1.73212610e+01 -1.62981238e+01  5.27325369e+00  9.24674420e+00
 -1.21277505e+01  1.26709502e+00 -1.02315782e+00 -2.02079968e+01
  9.34209067e+00  2.51354523e-01 -6.57272730e+00  1.30055879e+01
  7.94571719e+00 -3.17769597e+01  5.60803963e+00 -4.56300202e+00
  3.64186472e+00  1.11035881e+01 -1.13149809e+01 -9.00488950e+00
  2.33363824e+01 -2.60149815e+00  3.00272234e+00  2.97396996e+00
  1.83954359e+01 -1.12236927e+01 -1.19525895e+01  1.95910239e+01
 -1.13446596e+01  2.60431084e+01  8.77665216e+00  3.08608260e+01
  2.61923579e-02 -1.46435364e+01  4.70972049e-01  1.03903458e+01
 -7.30167900e+00 -1.08148281e+01  1.26567076e+01 -4.75341459e+00
 -2.00875226e+01 -5.24035055e+00  2.19824902e+01  1.01489180e+01
  6.04420282e+00 -2.61915005e+01  5.36753228e-01 -1.57309120e+01
  7.01879345e-01 -2.82724623e+00  1.72419887e+01  6.70037570e+00
  5.86715431e+00 -7.59016952e+00  1.69393476e+01  2.74812973e+01
  1.60913843e+01 -1.08782065e+01  4.07597246e+01  2.76536765e+00
  2.36058002e+01 -1.62779984e+01  9.23139637e+00  2.30104890e+00
  1.00096441e+01  1.03548479e+01 -2.66228204e+01  1.49466692e+01
  8.96185070e+00 -1.79294540e+01 -6.47107154e+00  1.02796162e+01
  4.69519026e+00 -1.46325187e+00 -5.71383537e+00  1.33855708e+00
  2.00196734e+01 -1.84457019e+01 -3.15070030e+00 -8.91629554e+00
 -2.44643621e+01 -4.95420071e+00 -4.13493150e+00 -1.47152681e+01
 -2.78591665e+00 -4.98269700e+00 -7.05530446e+00  1.70587456e+01
  1.05885614e+01 -2.15275105e+01  1.36742330e+01 -5.04146622e+00
 -8.26144832e+00  1.28527123e+01 -3.51767061e+01 -1.12024342e+01
  1.09340568e+00  1.24960592e+01 -3.39066643e+01  3.89929569e+00
  1.18235538e+01 -7.98877979e+00 -3.14130695e+01  1.83827635e+01
  6.08506156e+00 -1.44698782e+01  1.85407065e+01 -2.64899283e+01
 -1.98201403e+00  1.71047719e+00  6.02824715e+00  1.84195030e+01
 -2.04045495e+00 -2.21545766e+01 -1.79818680e+01 -8.52224328e+00
  3.84873060e+00 -1.28330518e+01  7.33884307e-01  1.46103467e+01
  4.36831938e+00  2.26526696e+00 -6.22572194e+00 -1.08475296e+01
 -1.01042784e+01 -1.13476691e+01  5.34860814e-01  1.75897292e+01
 -9.30142695e+00 -1.00060497e+01 -2.67021554e+01 -5.43684655e+00
 -5.82597018e+00  1.01944814e+01 -5.98283792e+00 -6.46838984e-01
 -1.06679870e+01 -6.80936752e+00 -3.84096425e+00  9.65612144e+00
  1.63370570e+01  1.92092539e+01 -1.83976243e+01 -2.06384826e+00
  5.92823758e+00 -1.85570138e+01 -2.86303201e+01 -3.42227096e+00]