[ -3.21713147   4.28914338  -6.2890612   -2.61299042   8.91259837
  -4.61371063 -15.22637488  -4.28484074  12.19489243  -4.0485974
  -2.64919551   5.32698537   3.73253449   6.45954104 -17.34577778
   1.93242492  14.62199112 -21.9940165  -15.05766578  14.23098044
   1.60020768   9.62952108  29.04743728  10.26572427  -4.97657285
   7.64415213 -14.39964862 -13.93544731   3.15811178  -4.94107801
   9.59584824 -10.91953567 -12.11004243  -0.98842214   1.6114873
   7.37857661  -0.13554616   2.1082285   12.67899243   5.40838825
   3.34225172   5.6927743   -5.07821687  -3.79916799  -7.85136996
   6.48210008   4.22733434  25.88419798  -8.84060214   3.34547139
   5.445563   -15.03954328  -0.11264204 -15.2860411  -16.20502984
 -22.18163212  -7.00436965   7.79564146   3.73378174   5.75438547
   1.1769945   -8.24758014  -9.85287394  10.17248152 -25.31403529
   3.04026811   7.46245783   7.40081003 -12.73340388  -8.89441591
   1.5958062   11.25251047  11.01579162 -17.29770757  -1.74077274
  14.52402076 -18.01935438  -1.88234623   4.19516348   2.58204814
  12.17938886   1.25765141   6.09511317 -24.30038744   7.96428399
  -5.62276469  -4.82865561  -1.02620578  -1.49155941  -4.04711661
   5.28536252   6.6714051    5.28025668   7.14722277   4.83645082
   0.20332232  11.9499339   -0.34757231  20.13070492  -6.3039428
  -7.01863714 -11.61422418 -17.08655088  -6.91070637   7.37351771
 -19.0148471   -9.12462584   7.13401875   6.29925023 -13.84230652
 -21.52609611  13.06226029  10.70913288 -14.09651255   5.64681805
 -10.84130191  15.13490928  10.2104252    0.81613882   8.07143803
  -9.95532185   4.80414933  -3.7422665   13.86793453   2.94995724
 -20.25308782 -11.25034252   1.69999738 -11.81032339   1.43846425
  -0.19508919  -7.0741547    8.40341656  26.3353631    0.50000627
  12.34210144  -2.17287455  -7.83514052   6.47754747   2.25239287
  12.62247269  -2.24923929  -5.67369698  -5.27073042   6.72432873
   1.52378452   7.46005937   0.39604953   7.35480769  15.19097574
   2.68114307   0.85636365  11.97405234 -12.62773901   4.46443135
   6.36908289  -8.71988794   1.6860244   -0.41801414 -14.31333401
   5.80107593   1.80676859  -4.04283469   8.73255267   8.28814114
 -21.43171002   3.53241108  -2.08818985   2.1847894   10.0432252
  -9.76379438  -8.35495133  16.88534565  -0.80601408   4.13461136
   4.28393461  13.38140564  -8.44296065  -6.44292389  12.76921748
  -7.7454968   16.27746564   5.87152793  22.78026992  -0.13487223
  -8.3330163    0.34484203   6.4557085   -6.28458403  -7.36095423
   8.42864137  -3.98614134 -14.37415827  -0.93480553  14.16677705
   6.64380255   4.41414956 -19.50433986   0.22839448  -9.89406705
   0.51293911  -2.71222403  11.39244475   2.4524873    3.96810683
  -5.58894554  12.12371129  19.97495851  10.57136405  -8.29672337
  28.97972646   1.8240865   16.92910484 -10.82874066   8.14472627
   1.14583292   7.51416582   8.3367627  -18.08607151   8.22131911
   8.49812461 -12.15084595  -5.08999536   7.43673546   3.10819264
  -0.81482908  -3.95758627   2.2941047   14.3358505  -13.73340474
  -1.58919892  -7.54508614 -18.01681511  -2.28536316  -4.03721643
 -12.09471759  -2.25887501  -2.88697526  -5.17399244  12.66128555
   7.75816139 -16.19624479  10.91054965  -4.78150819  -4.81055245
   9.36558247 -25.13797727  -6.76975005  -1.12388393   8.48859873
 -25.699965     3.5863346    8.73177876  -6.31536357 -22.67464502
  11.56141877   3.91323291 -10.01484759  13.19893343 -19.94571323
   0.15016525   1.02495924   2.87506952  13.03186868  -1.80718231
 -14.28725824 -11.83144476  -4.65732711   2.65862669  -9.47334665
   0.42779891  10.80483563  -1.0856243    1.04102114  -3.46021253
  -7.37479586  -7.01924725  -6.87196979  -0.76601232  11.10151179
  -7.67134345  -7.56589112 -17.03391382  -3.9406346   -3.82960383
   6.73344467  -2.24356163  -0.07150268  -5.58371424  -5.37554733
  -1.23577854   7.03234333  12.47847201  12.20388831 -11.67320834
  -1.97804402   3.73349212 -13.55379257 -21.91442551  -3.92858428]