[-8.06455965e+00  1.68299138e+01 -1.37858312e+01 -5.31957017e+00
  2.39562117e+01 -1.17738673e+01 -4.40097403e+01 -8.52102384e+00
  3.91511855e+01 -4.73574030e+00 -1.24595542e+01  1.84702104e+01
  1.07083615e+01  1.79113218e+01 -4.35169120e+01  4.05909415e+00
  4.11368542e+01 -6.02240102e+01 -4.27401887e+01  4.06846621e+01
  2.30801308e+00  2.35542024e+01  8.28381500e+01  3.02516172e+01
 -1.68258446e+01  2.23490768e+01 -4.06910870e+01 -3.83503657e+01
  5.66488158e+00 -1.32703233e+01  2.99766609e+01 -3.40628557e+01
 -3.81141303e+01 -5.03282960e+00  5.37402083e+00  1.53025270e+01
  2.95759038e+00  7.72533372e+00  3.39319643e+01  1.79897175e+01
  6.67789294e+00  1.88297098e+01 -1.65831219e+01 -1.37042927e+01
 -2.01708465e+01  1.82061443e+01  1.37746163e+01  7.20836063e+01
 -2.43026944e+01  1.08222688e+01  1.26044108e+01 -3.87343261e+01
 -3.33565119e+00 -4.18794458e+01 -4.44993840e+01 -5.82766192e+01
 -2.49511501e+01  2.01574720e+01  1.20144561e+01  1.67735946e+01
  1.09248266e+00 -1.94161433e+01 -2.81859665e+01  2.43695398e+01
 -6.84449319e+01  7.56646029e+00  2.52221079e+01  1.99992640e+01
 -3.38310671e+01 -2.42016364e+01  5.42371293e+00  3.06709264e+01
  3.21725779e+01 -4.40551044e+01 -3.68532838e+00  4.24203049e+01
 -5.35524205e+01 -8.63513558e-01  1.25541880e+01  1.46562606e+01
  3.18044122e+01  7.91395283e+00  1.16694298e+01 -6.66115753e+01
  2.03545545e+01 -1.76984340e+01 -1.21869360e+01 -1.85509007e-02
 -3.51096148e+00 -1.26395877e+01  1.57512286e+01  1.85425940e+01
  1.37419122e+01  1.43907287e+01  1.21352464e+01 -4.35884892e-01
  3.67093795e+01 -1.62304639e+00  5.59782618e+01 -2.07696149e+01
 -1.60829298e+01 -3.63583930e+01 -4.70458970e+01 -1.95170369e+01
  1.82428945e+01 -5.96553161e+01 -2.79665090e+01  2.30594172e+01
  1.97577522e+01 -4.22504264e+01 -5.97917562e+01  4.31079378e+01
  2.97296938e+01 -3.74784748e+01  1.93491550e+01 -3.03812849e+01
  4.65988432e+01  3.28646968e+01  2.53358208e-01  2.51357696e+01
 -2.71282406e+01  1.70171834e+01 -7.85541971e+00  4.16239806e+01
  7.13720347e+00 -5.35857897e+01 -3.13827559e+01  5.41329107e+00
 -3.32408975e+01  3.20210323e+00  1.60451348e-01 -1.57108668e+01
  2.57707197e+01  7.69661696e+01  1.84678217e+00  3.45179207e+01
 -6.09830665e-01 -2.07821073e+01  2.15502063e+01  4.43433705e+00
  3.34373355e+01 -3.69860341e+00 -8.32110461e+00 -1.44912734e+01
  2.12432340e+01  5.20484198e+00  2.10960471e+01 -1.47032206e+00
  1.72573254e+01  4.38232719e+01  4.81027966e+00  4.35542827e-02
  3.54645426e+01 -3.08107053e+01  1.37096594e+01  1.67560872e+01
 -2.27650456e+01  5.21030345e+00  5.85372540e-01 -4.55365613e+01
  1.64250296e+01  3.61682314e+00 -1.04928108e+01  2.48774311e+01
  1.66079006e+01 -6.00456161e+01  8.60184187e+00 -8.40680020e+00
  8.12958519e+00  2.31259811e+01 -2.34518502e+01 -2.27068138e+01
  4.86288267e+01 -3.99061889e+00  7.31341395e+00  4.25527560e+00
  3.69227634e+01 -1.89322159e+01 -1.90124809e+01  3.95564369e+01
 -2.13368869e+01  4.99652815e+01  2.03398301e+01  6.28001039e+01
 -2.29169615e+00 -3.04815546e+01 -3.70387360e-03  1.82518733e+01
 -1.61235494e+01 -2.18560902e+01  2.55357913e+01 -1.18004579e+01
 -3.95275007e+01 -7.21517083e+00  4.17707292e+01  1.74535287e+01
  1.15797863e+01 -5.38901653e+01  6.79787845e+00 -2.75638010e+01
  3.15047185e-01 -3.77062787e+00  2.96897476e+01  1.09010378e+01
  1.34181457e+01 -1.16803204e+01  3.49379138e+01  5.44050748e+01
  3.02886832e+01 -2.22249028e+01  8.41511081e+01  2.34770409e+00
  5.24788604e+01 -3.23354181e+01  2.12402782e+01  3.04314850e+00
  2.02062971e+01  2.25888607e+01 -5.29531799e+01  2.38355484e+01
  1.89645429e+01 -3.62914909e+01 -1.67834660e+01  2.21566385e+01
  7.09167681e+00 -4.92356831e+00 -1.13047096e+01  1.03185592e+00
  3.87322916e+01 -4.08920674e+01 -1.10338075e+01 -2.15473490e+01
 -4.71787982e+01 -1.27863308e+01 -7.59686439e+00 -2.91419569e+01
 -6.32397648e+00 -8.91985173e+00 -1.62232590e+01  3.80676339e+01
  1.81796277e+01 -4.40483016e+01  2.75454386e+01 -7.91120518e+00
 -1.50125518e+01  2.70445892e+01 -7.15695569e+01 -1.92957397e+01
 -3.05436257e+00  2.18063652e+01 -7.01274714e+01  8.29359482e+00
  2.26637300e+01 -1.95289525e+01 -6.44272928e+01  3.64616275e+01
  1.27151810e+01 -2.92262087e+01  3.88653143e+01 -5.35510114e+01
 -5.02198250e-02  6.71752901e+00  9.41343784e+00  3.72744575e+01
 -3.05582097e+00 -4.09869034e+01 -3.49082536e+01 -1.20450932e+01
  6.05333334e+00 -2.75000213e+01 -1.74989334e+00  3.03879863e+01
  4.55162714e+00  1.13034750e+01 -9.35859924e+00 -2.36800153e+01
 -1.70405013e+01 -2.41957064e+01  5.68475370e-01  3.54186887e+01
 -1.69514566e+01 -2.36777290e+01 -5.43480907e+01 -1.26540750e+01
 -1.44885677e+01  2.00202081e+01 -1.18314534e+01 -8.26722187e-01
 -1.98054172e+01 -1.27820809e+01 -4.22236823e+00  1.79627876e+01
  3.40968089e+01  3.69090523e+01 -3.80487173e+01 -5.76495160e+00
  1.09959371e+01 -3.63413259e+01 -5.88033070e+01 -7.48532438e+00]