[-5.79108889e+00  1.47413072e+01 -7.35806654e+00 -9.02662805e+00
  2.68855271e+01 -1.00823896e+01 -3.81247767e+01 -1.03799977e+01
  3.14011776e+01 -1.02344240e+01 -4.10071190e+00  1.65810123e+01
  1.25181154e+01  2.01787596e+01 -4.35504059e+01  7.73811254e+00
  3.51351604e+01 -6.29388055e+01 -3.87664973e+01  3.92688416e+01
  2.83590735e+00  1.81144788e+01  7.31436417e+01  2.72735728e+01
 -1.30878634e+01  2.00428094e+01 -4.28957156e+01 -3.53009835e+01
  6.23361244e+00 -1.45453943e+01  1.75013957e+01 -3.00728431e+01
 -3.33703897e+01 -5.24579250e+00  4.77105295e+00  1.48461197e+01
 -4.04927072e+00  8.87642128e+00  2.87051759e+01  1.93316414e+01
  1.19325562e+01  1.46386916e+01 -1.23623273e+01 -1.44285193e+01
 -1.48302171e+01  1.32251962e+01  1.41232550e+01  6.82634852e+01
 -2.10463288e+01  7.19203928e+00  7.31605189e+00 -3.62766049e+01
 -2.29924148e+00 -3.75475752e+01 -4.29159677e+01 -5.67883753e+01
 -1.75992185e+01  2.22636049e+01  5.53725474e+00  1.36848413e+01
  1.17019879e+00 -1.61282918e+01 -2.44309870e+01  2.13624151e+01
 -5.99023818e+01  1.79967063e+00  1.81524720e+01  2.00341202e+01
 -3.93785497e+01 -2.82796789e+01  9.17810001e+00  3.13107556e+01
  2.78646210e+01 -4.14877336e+01 -3.03882813e+00  3.79894138e+01
 -5.11870242e+01 -1.54881678e+00  1.87615446e+01  1.41658760e+01
  3.01812334e+01  9.74452217e+00  1.37429076e+01 -6.44173766e+01
  2.10585040e+01 -1.48743228e+01 -7.34339617e+00  3.02934915e+00
 -6.41497572e+00 -1.21879404e+01  1.45618661e+01  1.88497664e+01
  1.19363592e+01  1.20255858e+01  1.07408979e+01 -5.50644222e+00
  3.29046747e+01 -5.57732289e+00  4.99456055e+01 -2.27378435e+01
 -1.33293532e+01 -3.15471694e+01 -4.65772555e+01 -1.44489748e+01
  1.64815280e+01 -4.95738134e+01 -3.06116364e+01  1.62873471e+01
  1.53116000e+01 -3.97305765e+01 -5.06251836e+01  3.87537949e+01
  2.50560546e+01 -3.82838712e+01  2.04046052e+01 -2.65698516e+01
  3.82550489e+01  2.64617811e+01  4.88498092e+00  2.14988895e+01
 -2.18180601e+01  1.59233883e+01 -5.40498422e+00  3.58687036e+01
  6.03603677e+00 -4.91190677e+01 -2.98591944e+01  7.41169371e+00
 -2.59103565e+01  6.94517270e+00 -2.74694150e-01 -1.64767214e+01
  1.85093472e+01  6.79780861e+01  4.50683116e+00  2.60731910e+01
 -1.16055775e+01 -1.91736513e+01  1.91599440e+01  5.94483881e+00
  3.08604888e+01 -3.72949658e+00 -8.05590939e+00 -1.13988828e+01
  1.43015190e+01  3.84708205e-02  2.00195586e+01 -4.71463323e+00
  1.76468282e+01  4.15949629e+01  2.76620099e+00  2.02943860e+00
  2.34860309e+01 -2.90141821e+01  8.23043910e+00  1.81935236e+01
 -2.09457791e+01  5.93681229e+00 -1.73095665e+00 -3.88523734e+01
  1.76848384e+01  7.62907626e+00 -8.03598871e+00  2.07614688e+01
  1.62064436e+01 -5.04762007e+01  1.08721967e+01 -8.72050550e+00
  7.45098604e+00  2.31396707e+01 -2.43612140e+01 -2.25115251e+01
  4.09836716e+01 -5.84637132e+00  6.52114265e+00  8.19647086e+00
  2.84845394e+01 -1.76749169e+01 -1.44985008e+01  3.60334613e+01
 -2.05723903e+01  4.80353071e+01  1.58464740e+01  5.72730967e+01
 -8.44815090e+00 -3.17126688e+01  2.28716997e+00  1.96742359e+01
 -1.49056124e+01 -1.77595674e+01  2.76490054e+01 -1.00177847e+01
 -3.74453263e+01 -1.00228423e+01  3.91179815e+01  2.25745331e+01
  1.57710020e+01 -4.92590304e+01  2.94354050e+00 -2.78079310e+01
  1.18828945e+00 -5.84432382e+00  2.83703411e+01  9.34898318e+00
  3.65641471e+00 -1.01541561e+01  3.08621481e+01  5.19349753e+01
  2.45391537e+01 -2.06629447e+01  7.56828910e+01  7.10921949e-01
  4.89617180e+01 -2.89196222e+01  1.79227413e+01 -3.24305153e-01
  2.42865562e+01  1.62806143e+01 -4.56874915e+01  2.20802186e+01
  1.60474417e+01 -3.21358714e+01 -1.43457608e+01  2.36741576e+01
  1.04514203e+01 -1.74796392e-01 -1.15475624e+01  7.60041049e-01
  3.87537453e+01 -3.22486043e+01 -7.73893411e+00 -1.63414125e+01
 -4.17911167e+01 -4.65731418e+00 -2.14417019e+00 -2.83402722e+01
 -2.83625939e+00 -7.58880264e+00 -1.00350197e+01  3.19219777e+01
  1.72394907e+01 -4.73130575e+01  2.76216104e+01 -1.04660411e+01
 -1.16201808e+01  2.59607237e+01 -6.58421751e+01 -1.93775013e+01
 -4.98515046e+00  2.42638092e+01 -6.14023614e+01  6.49211019e+00
  2.59887803e+01 -1.92899616e+01 -5.68886727e+01  3.39361063e+01
  1.08145887e+01 -2.72311723e+01  3.33370272e+01 -5.11310618e+01
 -6.20505623e+00  1.71166802e+00  7.43297264e+00  3.33648884e+01
 -4.37996827e+00 -4.14682548e+01 -2.91010048e+01 -1.78312689e+01
  1.11730818e+01 -2.34219803e+01  2.33642507e+00  2.28814551e+01
  4.57419119e+00  8.44465556e+00 -1.15849741e+01 -2.44937931e+01
 -1.56892874e+01 -2.05446279e+01 -7.90179565e-01  3.31042861e+01
 -1.57767552e+01 -1.80075508e+01 -4.67802054e+01 -9.86438884e+00
 -8.97898932e+00  1.41195319e+01 -8.01327747e+00  2.61970111e+00
 -1.72305754e+01 -1.30757461e+01 -2.01933169e+00  1.41292717e+01
  2.90375035e+01  3.34828677e+01 -3.48040512e+01 -3.16200749e+00
  9.24258840e+00 -3.77261760e+01 -5.56087908e+01 -8.28713045e+00]