[-3.37049770e+00  5.62833667e+00 -5.33059083e+00 -1.06215779e+00
  1.21788593e+01 -4.76022530e+00 -2.06099818e+01 -4.42878819e+00
  1.58821595e+01 -2.06293258e+00 -5.37156881e+00  5.40488713e+00
  7.38479435e-01  9.16219735e+00 -2.27031279e+01  7.03331293e+00
  1.65657601e+01 -2.98296501e+01 -2.03260823e+01  1.72705787e+01
 -4.62718272e-01  8.74410650e+00  3.84022248e+01  1.56299556e+01
 -8.03073950e+00  8.11606680e+00 -1.91793506e+01 -1.76925012e+01
  1.81882134e+00 -4.62443775e+00  1.24864277e+01 -1.63840642e+01
 -1.28641237e+01 -3.20515655e+00  1.57278738e+00  9.74324216e+00
 -3.99624956e-01  5.07991242e+00  1.48491782e+01  1.17980798e+01
  4.14262731e+00  6.87458366e+00 -7.35975919e+00 -4.18259656e+00
 -8.11654450e+00  4.69329887e+00  9.13421030e+00  3.16578201e+01
 -1.01656092e+01  3.93746204e+00  3.49874368e+00 -1.83356012e+01
 -2.21348058e+00 -1.94238706e+01 -1.70988675e+01 -2.71269259e+01
 -9.32135728e+00  8.18960973e+00  3.74369016e+00  6.61961314e+00
  1.23320906e+00 -1.21960040e+01 -6.81256244e+00  1.24322423e+01
 -2.75711123e+01  1.80432299e+00  8.92575176e+00  1.02752933e+01
 -1.62673352e+01 -1.28573549e+01  4.24059058e+00  1.57270320e+01
  1.39702767e+01 -1.99634757e+01 -2.89545058e+00  1.88953173e+01
 -2.17696782e+01  2.24538815e-01  9.60400251e+00  8.01249658e+00
  1.59078247e+01  4.59091003e+00  6.48177632e+00 -3.29709575e+01
  1.07250776e+01 -7.28591971e+00 -6.21146153e+00  2.49135040e+00
 -5.34491008e-01 -5.93942329e+00  7.19646424e+00  8.47063690e+00
  4.49688298e+00  1.05629848e+01  5.99907936e+00 -3.65259049e+00
  1.40620237e+01 -2.37302045e+00  2.13889737e+01 -6.33488582e+00
 -4.76922192e+00 -1.67965333e+01 -2.32903019e+01 -7.97301472e+00
  7.48697030e+00 -2.40894025e+01 -1.19479677e+01  7.13668330e+00
  6.43787525e+00 -1.95671038e+01 -2.58647803e+01  1.77845426e+01
  1.25118849e+01 -1.73972012e+01  9.94320355e+00 -1.57523822e+01
  1.74617337e+01  1.31820511e+01  1.08083083e+00  9.62969635e+00
 -1.33515542e+01  7.70354332e+00 -3.14636797e+00  1.64993422e+01
  2.97760945e+00 -2.29795811e+01 -1.55635491e+01  2.29886441e+00
 -1.24590783e+01  3.15494053e+00  1.08446912e+00 -8.72218146e+00
  1.14780899e+01  3.24060892e+01  1.28464978e-02  1.41124523e+01
 -1.13142241e+00 -9.04858406e+00  9.90528140e+00  3.26960353e+00
  1.30302830e+01 -2.18086394e+00 -2.68990994e+00 -2.37492831e+00
  9.35841659e+00  1.92488187e+00  7.37734124e+00 -3.12687066e+00
  7.54513140e+00  2.09072290e+01  7.85421056e-01  1.17393935e+00
  1.33281363e+01 -1.61268682e+01  3.28087591e+00  8.74223444e+00
 -1.13358219e+01 -4.00453877e-01  1.68537035e-01 -1.71751826e+01
  8.45843018e+00  2.34788164e+00 -6.91866628e+00  1.11189319e+01
  7.89900260e+00 -2.60778456e+01  6.28868279e+00 -3.86177223e+00
  3.72372606e+00  1.14222109e+01 -1.04514065e+01 -8.74931659e+00
  2.24505332e+01 -4.50950633e+00  2.76178191e+00  4.28362785e+00
  1.46607902e+01 -1.08262784e+01 -1.20583279e+01  1.88674490e+01
 -1.17056275e+01  2.34310920e+01  5.41349070e+00  2.79542221e+01
  9.33125242e-01 -1.36341727e+01 -4.18203920e-02  9.22906632e+00
 -8.00173174e+00 -7.86931511e+00  1.11044434e+01 -5.16709419e+00
 -1.82556071e+01 -5.55632788e+00  1.87145888e+01  9.56618642e+00
  4.92753188e+00 -2.29047759e+01 -8.91778416e-01 -1.27898000e+01
  2.35486082e+00 -2.55628266e+00  1.53014904e+01  5.14025358e+00
  9.72403696e-01 -5.90645685e+00  1.60576160e+01  2.56867950e+01
  1.45271593e+01 -1.07898340e+01  3.60545794e+01  6.08334390e-01
  2.13443363e+01 -1.33318712e+01  7.22784804e+00  1.38094824e+00
  9.30542236e+00  7.64817369e+00 -2.17898645e+01  1.52120427e+01
  6.80701506e+00 -1.66028336e+01 -5.67127180e+00  8.84476938e+00
  6.83061067e+00 -6.40482666e-01 -3.89468489e+00  2.35305705e+00
  1.99514646e+01 -1.60964426e+01 -1.94128897e+00 -3.97948902e+00
 -2.22110830e+01 -4.44960703e+00 -3.17373404e+00 -1.33664897e+01
 -4.47718713e+00 -5.50300279e+00 -4.21043152e+00  1.44886489e+01
  9.98381660e+00 -1.97394772e+01  1.19233311e+01 -4.64044894e+00
 -6.23044591e+00  1.30606838e+01 -3.27876787e+01 -1.11188285e+01
  1.30609532e+00  1.10345444e+01 -3.07109135e+01  1.77856059e+00
  1.02149275e+01 -7.50337872e+00 -2.75269878e+01  1.48624811e+01
  4.05469005e+00 -1.36976512e+01  1.68863670e+01 -2.25188821e+01
 -5.34379208e+00  1.22143815e+00  6.88359861e+00  1.70628378e+01
 -1.93121662e+00 -2.19391479e+01 -1.83548752e+01 -8.39142590e+00
  4.72415058e+00 -1.26195316e+01  3.08264190e-01  1.05428830e+01
  1.52812783e+00  1.07044767e+00 -6.28103995e+00 -9.68790402e+00
 -6.93709305e+00 -9.74585435e+00 -3.18497511e-01  1.54677542e+01
 -9.85987428e+00 -8.10758545e+00 -2.44177275e+01 -5.21394253e+00
 -2.93165364e+00  7.29656517e+00 -3.88500623e+00 -8.09283793e-02
 -1.05505732e+01 -6.83570329e+00 -3.17763964e+00  1.06945574e+01
  1.58403468e+01  1.68714047e+01 -1.64115852e+01 -1.40725237e+00
  5.65106031e+00 -1.76819566e+01 -2.60333229e+01 -4.54088528e+00]