[-5.74629476e+00  8.94241301e+00 -6.39848139e+00 -6.42916564e+00
  1.97512550e+01 -9.24352784e+00 -3.40495601e+01 -9.27232975e+00
  2.44192655e+01 -7.42512741e+00 -4.18016830e+00  1.12008506e+01
  4.97551202e+00  1.66034294e+01 -3.78216710e+01  7.60416599e+00
  2.80611055e+01 -4.93321426e+01 -3.25482132e+01  3.24799956e+01
  2.38065831e+00  1.42932402e+01  6.15437045e+01  2.13722403e+01
 -1.06025286e+01  1.52806086e+01 -3.32118229e+01 -3.00446122e+01
  4.96033441e+00 -9.66087924e+00  1.57943027e+01 -2.39914069e+01
 -2.28843130e+01 -3.35199104e+00  2.09304650e+00  1.36180367e+01
 -2.32719033e+00  7.13316728e+00  2.51842170e+01  1.41290058e+01
  9.29349610e+00  1.20702539e+01 -9.46919484e+00 -1.01678992e+01
 -1.62462144e+01  1.42448330e+01  1.33078415e+01  5.56510917e+01
 -1.87441435e+01  5.91718061e+00  7.72328829e+00 -2.71035020e+01
 -7.45918712e-01 -2.98766947e+01 -3.42820353e+01 -4.43589223e+01
 -1.33079085e+01  1.83249070e+01  4.31689243e+00  1.08054942e+01
  8.57278574e-01 -1.49107419e+01 -1.97795517e+01  1.81723032e+01
 -4.88714698e+01  2.41544315e+00  1.30816748e+01  1.33928688e+01
 -3.14337268e+01 -2.24230055e+01  6.77366164e+00  2.46971569e+01
  2.24009155e+01 -3.64680350e+01 -2.12014309e+00  3.03336370e+01
 -3.98298744e+01 -7.51712813e-01  1.19221170e+01  8.00807474e+00
  2.47769130e+01  5.42204329e+00  8.55268140e+00 -5.33117794e+01
  1.87314467e+01 -1.14116211e+01 -7.04984439e+00  7.97032114e-01
 -2.78346500e+00 -9.14721356e+00  1.16154490e+01  1.37789608e+01
  1.06297056e+01  1.27591063e+01  7.20787244e+00 -2.32840763e+00
  2.48497405e+01 -5.15563614e-01  3.79834471e+01 -1.31645743e+01
 -9.98934671e+00 -2.41943693e+01 -3.58150419e+01 -1.33511501e+01
  1.52611401e+01 -4.01603373e+01 -2.31918203e+01  1.35237491e+01
  1.15778144e+01 -3.05676097e+01 -3.98706594e+01  2.82903920e+01
  2.17335045e+01 -2.88918125e+01  1.34109344e+01 -2.08235481e+01
  2.92296854e+01  1.86277140e+01  2.49426097e+00  1.67080259e+01
 -2.06981893e+01  1.22973349e+01 -3.96171322e+00  2.81197736e+01
  2.78856813e+00 -3.97945439e+01 -2.54748433e+01  5.51474739e+00
 -2.26900807e+01  5.20058295e+00 -6.40294626e-02 -1.24710052e+01
  1.65896323e+01  5.64130545e+01  1.97453705e+00  2.28304604e+01
 -9.02019988e+00 -1.60346401e+01  1.50540927e+01  5.54799262e+00
  2.62242100e+01 -2.65398415e+00 -8.10220327e+00 -8.59347377e+00
  1.40333502e+01  1.14026677e+00  1.39739359e+01 -5.36638934e-01
  1.39598615e+01  3.26348354e+01  2.91162606e+00  2.94746116e+00
  2.03286291e+01 -2.48341917e+01  7.17372470e+00  1.53735552e+01
 -1.93104509e+01  2.39095056e+00 -5.70476488e-02 -3.14559762e+01
  1.31950073e+01  5.02163920e+00 -6.37099570e+00  1.90508704e+01
  1.34076069e+01 -4.06932813e+01  9.23008043e+00 -7.76925549e+00
  7.09765049e+00  2.02914805e+01 -2.10394260e+01 -1.76671352e+01
  3.47296533e+01 -6.48512102e+00  3.05978294e+00  8.30601565e+00
  2.49859309e+01 -1.50357448e+01 -1.49047064e+01  2.67381132e+01
 -1.79696231e+01  3.65642931e+01  1.17877966e+01  4.57949470e+01
 -1.70298608e+00 -2.34191763e+01  7.39540202e-01  1.41171831e+01
 -1.55080577e+01 -1.51343062e+01  1.95103850e+01 -9.06485877e+00
 -2.90599986e+01 -5.43783301e+00  3.00170688e+01  1.69809330e+01
  1.08558516e+01 -3.88321436e+01  9.08075902e-01 -2.25689641e+01
  3.06368219e+00 -7.83047610e+00  2.23106595e+01  7.31744487e+00
  2.80645659e+00 -9.26114417e+00  2.64500832e+01  4.19609595e+01
  2.40307447e+01 -1.82962100e+01  5.93968883e+01  2.53662539e+00
  3.81310916e+01 -2.26034146e+01  1.61725966e+01  3.47382277e+00
  1.62040640e+01  1.47207068e+01 -3.58744282e+01  1.89638136e+01
  1.44364359e+01 -2.55834410e+01 -1.04947315e+01  1.73148206e+01
  8.84327871e+00 -3.11758975e-02 -7.80620597e+00  4.15077007e+00
  3.14063143e+01 -2.71587166e+01 -3.35079850e+00 -1.28628390e+01
 -3.48184057e+01 -3.82906888e+00 -4.58314213e+00 -2.19471146e+01
 -4.89472679e+00 -4.98761977e+00 -8.03322300e+00  2.62699155e+01
  1.33547365e+01 -3.67087256e+01  2.35008855e+01 -8.86513652e+00
 -1.04338591e+01  2.01436189e+01 -5.28014995e+01 -1.57584565e+01
 -2.04791040e+00  1.74785127e+01 -5.03877037e+01  5.09770911e+00
  1.93543107e+01 -1.53097234e+01 -4.40351986e+01  2.72548572e+01
  6.47784148e+00 -2.25246497e+01  2.72106442e+01 -4.12697578e+01
 -4.61069156e+00  2.56231330e+00  8.70941356e+00  2.64497818e+01
 -3.05156175e+00 -3.09900704e+01 -2.52176010e+01 -1.20875585e+01
  9.41756257e+00 -2.03824662e+01  2.16889976e+00  1.88490006e+01
  1.69310085e+00  4.30967053e+00 -8.21091945e+00 -1.70239638e+01
 -1.30021956e+01 -1.59594852e+01 -1.96407149e+00  2.43197115e+01
 -1.25349198e+01 -1.40290428e+01 -3.78206615e+01 -6.51963669e+00
 -6.57378746e+00  1.07093848e+01 -4.54867130e+00  1.77353437e+00
 -1.15095552e+01 -1.25996503e+01 -2.78892459e+00  1.47124710e+01
  2.77530721e+01  2.62712125e+01 -2.44659342e+01 -3.35922640e+00
  6.00631409e+00 -2.83592182e+01 -4.61092386e+01 -6.89390598e+00]