[-3.55286814e+00  1.54024163e+01 -1.34930644e+01  2.38092622e+00
  2.32393401e+01 -9.74587145e+00 -5.10800603e+01 -1.09525528e+01
  3.39420537e+01 -2.42098453e+00 -1.59889972e+01  1.07552365e+01
  6.18965361e+00  1.68178867e+01 -4.96053430e+01  1.54274936e+01
  4.09832847e+01 -6.83554310e+01 -4.70839173e+01  4.50193825e+01
  4.51830961e+00  2.54173366e+01  9.01338749e+01  3.22909958e+01
 -1.74977486e+01  2.25352931e+01 -3.98741012e+01 -4.16543409e+01
  4.54886335e+00 -1.26239125e+01  3.89095334e+01 -3.95364850e+01
 -3.45572884e+01 -1.08582561e+01  6.34088993e+00  2.31220982e+01
 -1.33494627e+00  1.22906868e+01  3.46844893e+01  1.92406323e+01
  6.66684552e+00  1.23626751e+01 -2.10540077e+01 -6.36606043e+00
 -2.65708857e+01  1.73650536e+01  1.23729018e+01  7.33519222e+01
 -2.75116936e+01  1.12221509e+01  1.60189146e+01 -4.10206455e+01
 -8.06191618e+00 -4.32287892e+01 -4.53558456e+01 -6.15705073e+01
 -2.45730106e+01  1.96540756e+01  1.24339244e+01  1.93550711e+01
  1.68763100e+00 -3.13138069e+01 -2.43016012e+01  3.34164726e+01
 -7.09030809e+01  5.29834606e+00  2.71220349e+01  2.25040899e+01
 -3.89349894e+01 -2.82318503e+01  4.59635437e+00  3.77112937e+01
  3.73936842e+01 -4.73637007e+01 -6.04403488e+00  4.59554043e+01
 -5.10901924e+01  4.14425703e+00  1.38704999e+01  1.43052205e+01
  3.40845561e+01  9.15669368e+00  7.36085376e+00 -7.51759202e+01
  2.57570717e+01 -1.97584892e+01 -1.70387286e+01  5.59722628e+00
 -2.29301737e+00 -1.59263406e+01  1.51050825e+01  1.71974508e+01
  8.33902487e+00  2.05421571e+01  1.22557243e+01 -3.07525660e+00
  3.42420844e+01  3.29858695e-01  5.47997026e+01 -1.85931630e+01
 -1.85608336e+01 -4.14001766e+01 -5.45050291e+01 -2.87758554e+01
  1.61973395e+01 -5.41930533e+01 -2.41164316e+01  1.86513117e+01
  1.69793629e+01 -4.39474056e+01 -6.78934036e+01  4.10430302e+01
  3.06950085e+01 -3.88834317e+01  1.80189447e+01 -3.30465233e+01
  4.80203349e+01  3.07747783e+01 -1.07427732e+00  2.07489771e+01
 -3.36441599e+01  1.73402100e+01 -9.02636621e+00  4.52591292e+01
  6.06109389e+00 -5.09918422e+01 -4.09890568e+01  8.34831818e+00
 -3.46619495e+01  6.86260633e+00  1.74320935e+00 -1.86722253e+01
  3.06488133e+01  7.82363099e+01 -8.18272570e-01  3.63014885e+01
  3.94780958e+00 -1.77367629e+01  2.09974752e+01  7.77652722e+00
  3.43405926e+01 -4.56546941e+00 -6.05331840e+00 -1.09457668e+01
  1.81183224e+01  7.19423992e+00  1.87159454e+01 -6.54991759e+00
  1.73029138e+01  4.79802002e+01  1.15810404e+01  2.26404560e+00
  3.60097328e+01 -3.19246662e+01  9.52126798e+00  2.03910365e+01
 -2.84229148e+01  1.61509298e+00  5.43199611e-01 -4.08599145e+01
  1.70683367e+01 -5.80923420e-02 -1.42660532e+01  2.39528432e+01
  1.69899783e+01 -6.94498723e+01  9.75196543e+00 -8.72132044e+00
  8.33601171e+00  2.33809871e+01 -2.52969570e+01 -2.24497797e+01
  4.96136719e+01 -9.67263350e+00  7.13582509e+00  6.63940768e+00
  3.64090065e+01 -2.75268808e+01 -2.64323796e+01  3.90479946e+01
 -2.52248336e+01  5.54998283e+01  1.76800397e+01  6.62410082e+01
  2.58769989e+00 -2.96237106e+01 -1.62430675e+00  1.66189865e+01
 -1.55467996e+01 -2.21802459e+01  2.38115231e+01 -8.17663081e+00
 -3.78320521e+01 -6.65434624e+00  4.29991080e+01  2.07161929e+01
  9.12511430e+00 -5.66835777e+01  8.48380079e-01 -3.03145151e+01
  7.14070575e+00 -7.21899672e+00  3.45608001e+01  1.71440947e+01
  1.41510361e+01 -1.56168402e+01  3.76552195e+01  5.92834095e+01
  4.03019682e+01 -1.94311883e+01  8.63852296e+01  7.02382663e+00
  4.82243537e+01 -3.84775791e+01  1.84708021e+01  2.76882621e+00
  1.78578235e+01  2.70201966e+01 -5.61875404e+01  3.17390817e+01
  1.86259201e+01 -4.00693685e+01 -1.43673380e+01  2.58265283e+01
  9.55792905e+00 -3.79949844e+00 -1.51677882e+01  5.83866498e+00
  4.53043845e+01 -3.67736357e+01 -2.52916079e+00 -1.87014739e+01
 -5.10752126e+01 -1.37130034e+01 -5.74789002e+00 -3.37672474e+01
 -4.43973210e+00 -1.00058317e+01 -1.17457452e+01  3.66370301e+01
  2.41333828e+01 -4.39498524e+01  3.34028881e+01 -1.02924142e+01
 -1.87617028e+01  2.78828738e+01 -7.55472027e+01 -2.85751241e+01
  4.66149133e+00  2.45366695e+01 -7.66398392e+01  8.96774413e+00
  2.27428245e+01 -1.69473195e+01 -6.80298311e+01  3.87928278e+01
  1.30524242e+01 -3.46442516e+01  3.84343481e+01 -5.80835473e+01
 -3.72554843e+00  3.56040299e+00  1.37584044e+01  3.87344199e+01
 -3.79786016e+00 -5.01877838e+01 -4.00502297e+01 -1.55827700e+01
  6.62941124e+00 -2.69774074e+01  1.40980436e+00  3.08115421e+01
  4.80746936e+00  4.85788943e+00 -1.03961731e+01 -2.51919914e+01
 -1.93507338e+01 -2.19095300e+01  8.52806971e-01  3.24325443e+01
 -2.33570345e+01 -2.15845209e+01 -5.97691828e+01 -9.28316746e+00
 -1.38154081e+01  1.68427800e+01 -1.32589932e+01  1.98789682e+00
 -2.18419498e+01 -1.42886106e+01 -6.61646054e+00  2.57113489e+01
  4.07225367e+01  4.03340592e+01 -3.90962434e+01 -4.99647056e+00
  4.70581003e+00 -3.71307176e+01 -6.46274798e+01 -7.40692904e+00]