[ -5.67030146   7.61689518  -9.08590702   0.7937785   14.71481418
  -5.60549385 -30.26243662  -5.07347688  26.30156501  -4.60423682
  -9.47243821  10.54368785   1.48208677  10.48276166 -30.32424918
   4.65724183  27.41545032 -38.82375148 -28.44687537  26.7271646
   1.14619046  15.59614778  55.63649835  21.82402261 -12.41949977
  11.66030376 -25.26413537 -29.38325557   3.83873835  -9.01289041
  24.00844003 -21.96047945 -21.00750564  -7.0545552    4.89339957
  11.0944958    1.14346078   5.9242055   23.68230779  14.24460426
   3.89447198   8.25744905 -11.19556968  -6.64311163 -16.39091762
  11.61251615  10.48043587  45.77441308 -15.94249801   7.83476945
   9.01430812 -26.49581387  -1.9642244  -28.94849425 -27.72858712
 -36.5718756  -14.63452384  11.24271575   7.36400555  11.2814351
   2.66514726 -17.56970947 -15.5240288   16.42410523 -44.72436164
   4.25197539  18.02917996  12.26400625 -21.31068353 -15.4001828
   3.72506852  18.97268579  19.19988212 -28.59603773  -4.75081159
  27.51194284 -33.63622002   0.6801245    8.33971536   8.93115087
  22.63642791   3.57970726   4.86094476 -45.17656112  13.1873088
 -13.24325053 -10.53396976   0.62565846  -1.49459875  -6.94791806
  11.85581924  11.71484935   8.6242261   13.95910272   7.97053195
  -2.04128802  23.9195762   -0.88254859  34.92344852 -11.09719724
 -10.22359637 -23.76731042 -32.33299826 -16.55618217  12.41093643
 -35.68142889 -15.46208561  12.6945193   11.38635939 -25.13150398
 -39.3537748   24.45570559  19.97357212 -23.16720985  13.17386398
 -22.11069396  29.52831867  21.46450037  -1.5010249   14.49806883
 -20.70236896   9.03958057  -7.10435527  27.13331958   5.86681931
 -32.27466882 -24.050059     2.23139819 -20.32014765   3.30945573
   1.73080846 -11.91494415  19.73524659  48.97184148  -0.44361684
  22.73287562   2.02108626 -12.65067196  16.92124916   2.00345595
  23.4181587   -2.68914996  -5.77640224  -5.48471413  15.38737022
   3.92544563  12.85401431  -1.52083965   9.76766915  30.56249084
   4.21450947   2.54541935  22.62674934 -20.24252229   5.81506989
   9.92341452 -15.37173622   1.18222097   2.16810223 -25.81874424
   8.39210052   2.82242136  -9.72373219  13.12650733  13.28474545
 -38.54374423   5.01197587  -4.47741056   6.06708276  16.17048579
 -15.35693764 -15.6020809   33.84673878  -4.01894314   6.29278434
   4.67728744  21.72204152 -16.17801759 -14.59072466  25.81614157
 -15.26400972  32.22173252   9.53015589  40.20307352   1.99360313
 -17.021619    -0.93623063   9.41730922  -9.98713407 -12.83262085
  14.14823129  -6.97981546 -24.31767631  -3.47120074  23.82657008
  11.63765764   4.73719286 -34.02567968   0.85718548 -15.99047523
   3.06411147  -3.28719946  17.69491479   5.0808278    5.87230988
  -7.4983142   23.81235388  36.69480111  21.18289977 -13.68728833
  53.24708504   0.87865875  32.46360172 -20.66659783  12.67634003
   1.08321708  11.04067045  14.52224148 -32.24560473  17.22796604
  10.01166518 -24.12920019 -10.73738629  15.3666739    5.71439749
  -4.40789754  -7.88028135   3.07568344  27.21956966 -25.96316409
  -5.20802663 -10.31970262 -32.06588488 -10.43492823  -4.01030678
 -19.49389497  -5.46567605  -8.07981146  -8.21497679  23.47667129
  14.04397225 -26.28641756  19.41708516  -5.84502092 -10.15989934
  19.77233678 -48.67835037 -15.53316256   0.56050341  12.8329805
 -47.8057614    6.04414693  13.8647173  -11.9757985  -41.90950157
  21.05236757   7.65816607 -20.20404346  25.12218344 -34.40601725
  -3.31820877   3.96579188   7.42230081  25.07370779  -3.05104215
 -29.93759662 -24.84227217  -6.76890493   3.13466573 -18.7258188
  -0.98059316  18.14107075  -1.82708631   5.96474329  -5.43064553
 -15.24936047  -9.44173982 -14.49063806   1.22768915  21.01074965
 -14.91370184 -15.21472209 -37.31361897  -8.77057509  -7.42767662
  10.68655288  -5.92200347  -0.8447413  -13.6354806   -7.68111524
  -2.19750612  17.47665774  25.69417393  22.30322315 -25.39459425
  -2.87160604   4.32228843 -24.65860479 -38.99740689  -5.79036375]