[-1.11365952e+01  2.15435257e+01 -2.86912563e+01 -8.39752669e+00
  4.06005304e+01 -2.23578386e+01 -7.61679933e+01 -1.99988764e+01
  6.44821509e+01 -1.48123043e+01 -1.60299322e+01  2.81455081e+01
  1.83685348e+01  3.02703201e+01 -8.13285986e+01  7.73271703e+00
  7.26549208e+01 -1.10582797e+02 -7.59015333e+01  7.24432543e+01
  1.11126182e+01  4.95319503e+01  1.43292151e+02  5.11319085e+01
 -2.92682572e+01  3.85183385e+01 -6.96773518e+01 -7.09475315e+01
  1.20686023e+01 -2.73221882e+01  5.50003847e+01 -5.57949451e+01
 -6.58803211e+01 -6.59390542e+00  7.93749784e+00  3.52140117e+01
  1.02723160e+00  1.29849225e+01  6.33527542e+01  3.16298023e+01
  1.35205042e+01  2.75112344e+01 -2.78134435e+01 -2.14323918e+01
 -3.87623083e+01  3.21310572e+01  1.99071325e+01  1.25113198e+02
 -4.32629612e+01  1.85295500e+01  2.62207134e+01 -7.36980316e+01
 -3.92932271e+00 -7.56982235e+01 -8.05965409e+01 -1.08357300e+02
 -3.99241367e+01  3.74710263e+01  2.27522999e+01  3.26554647e+01
  5.84837845e+00 -4.29434838e+01 -5.07983434e+01  4.81906270e+01
 -1.24518170e+02  1.47719605e+01  4.26394643e+01  3.64551673e+01
 -6.03875700e+01 -4.10971038e+01  7.53172483e+00  5.69597651e+01
  5.50021448e+01 -7.93464003e+01 -9.67227899e+00  7.36463071e+01
 -9.22169171e+01 -7.85723737e+00  2.16857195e+01  2.06876909e+01
  5.86314793e+01  1.00802826e+01  2.72420073e+01 -1.19449333e+02
  3.85090694e+01 -3.19294811e+01 -2.53668606e+01  3.42945892e-01
 -7.47553451e+00 -2.45737140e+01  2.52840117e+01  3.52634834e+01
  2.29162708e+01  2.99913338e+01  2.67496710e+01  4.50529759e-01
  6.14808280e+01  1.49614540e-01  9.88690021e+01 -3.55425617e+01
 -3.56524573e+01 -6.36928086e+01 -8.55127806e+01 -3.98086165e+01
  3.51690621e+01 -9.48492805e+01 -4.54962486e+01  3.62825732e+01
  3.23912938e+01 -6.94145429e+01 -1.09881465e+02  7.17103460e+01
  5.15669361e+01 -6.76249284e+01  2.86698553e+01 -5.38902753e+01
  8.05106560e+01  5.58575998e+01  1.42939455e+00  3.97320721e+01
 -5.04760770e+01  2.63200921e+01 -1.91907896e+01  7.26242730e+01
  1.48217922e+01 -9.83047020e+01 -5.94382334e+01  6.84462178e+00
 -5.84080014e+01  5.20391237e+00  7.10180770e-02 -3.10160249e+01
  4.51271822e+01  1.31935388e+02  2.69953191e+00  6.32064001e+01
 -3.39725416e+00 -3.68979879e+01  3.69796213e+01  6.32515454e+00
  6.15208040e+01 -9.81414315e+00 -2.37969415e+01 -2.59102725e+01
  3.39214822e+01  1.00058364e+01  3.55691352e+01 -2.76159553e+00
  3.40590564e+01  7.85684788e+01  1.28701240e+01  4.28418919e+00
  6.29998518e+01 -5.89579555e+01  2.00087519e+01  2.94824347e+01
 -4.18804244e+01  7.03562483e+00 -3.43770520e+00 -6.98920941e+01
  2.78314418e+01  8.11696006e+00 -2.35403259e+01  3.84646536e+01
  3.57802573e+01 -1.08270479e+02  1.60291368e+01 -1.19538966e+01
  1.13165211e+01  4.53556268e+01 -4.51222088e+01 -4.23405763e+01
  8.80720784e+01 -4.72079350e+00  2.22887757e+01  1.40653728e+01
  6.78294711e+01 -4.13453200e+01 -3.30684955e+01  6.73409623e+01
 -3.62780877e+01  8.69385180e+01  2.80960977e+01  1.11205546e+02
  6.43811280e-01 -4.38391497e+01  4.85799032e-01  3.01186791e+01
 -2.67155941e+01 -3.81066954e+01  4.23733342e+01 -1.99484730e+01
 -7.14124044e+01 -6.32328506e+00  7.13295825e+01  3.13680229e+01
  2.13159999e+01 -1.00751979e+02  1.38057652e+00 -4.78061608e+01
  5.94108805e-01 -9.35998410e+00  5.39357880e+01  1.51708054e+01
  2.27508014e+01 -2.59204243e+01  6.29711267e+01  9.95152886e+01
  5.28733953e+01 -3.86292109e+01  1.44997148e+02  5.51550984e+00
  8.83341584e+01 -5.79258247e+01  3.80687625e+01  7.92917247e-01
  3.82742699e+01  4.36589234e+01 -9.14006592e+01  4.09330963e+01
  3.88425520e+01 -6.19885378e+01 -2.70209920e+01  4.01570863e+01
  1.39069567e+01 -1.00369242e+01 -2.21920537e+01  3.72031973e+00
  6.90420890e+01 -6.85215461e+01 -1.22317463e+01 -3.54881307e+01
 -8.58593208e+01 -1.97978194e+01 -1.52274160e+01 -5.83323443e+01
 -9.30492761e+00 -1.50820552e+01 -2.66202120e+01  6.75895609e+01
  3.99142600e+01 -7.81360843e+01  5.36402458e+01 -2.27946490e+01
 -2.54386643e+01  4.90755806e+01 -1.26312931e+02 -3.68100816e+01
 -3.94332401e+00  4.11234400e+01 -1.29685595e+02  1.90633069e+01
  4.29325396e+01 -2.97324347e+01 -1.14752444e+02  5.86390007e+01
  2.30862153e+01 -4.89972537e+01  6.91721027e+01 -9.77425896e+01
 -1.52948966e+00  8.05535581e+00  1.32863465e+01  6.56200485e+01
 -8.06866151e+00 -7.49657793e+01 -5.64875688e+01 -2.15426180e+01
  1.06712554e+01 -4.90737001e+01  1.07200558e+00  5.36598871e+01
 -1.75067287e+00  7.57346976e+00 -1.60087522e+01 -3.86656335e+01
 -3.61923424e+01 -3.48613413e+01 -2.40233476e+00  5.73397311e+01
 -3.65273612e+01 -4.11866058e+01 -9.09254743e+01 -2.40521383e+01
 -2.57843392e+01  3.55862653e+01 -1.66316570e+01 -2.11914399e+00
 -3.15595954e+01 -2.46314711e+01 -3.93056368e+00  3.78734824e+01
  5.95909113e+01  5.95661574e+01 -6.47690841e+01 -1.19001409e+01
  1.51506151e+01 -6.72581720e+01 -1.08718176e+02 -1.51596929e+01]