[ -7.48137277  17.06046171 -11.18482755 -13.03279006  25.21047597
 -12.61349073 -38.57917957  -8.18744002  31.29100254  -6.14132588
  -7.17822886  18.56007885   9.8900699   19.82553328 -43.37414891
   9.17466672  38.18812344 -59.55985657 -42.99247284  38.29477085
  -0.65620613  17.25962576  80.19655033  26.70960291 -13.89675533
  21.79247241 -43.58195487 -31.32169701   4.93642501 -12.16431774
  19.88850087 -31.44258361 -32.76579926   0.66118941   1.51430053
  16.2936845   -0.48912571   7.37197925  30.06460104  18.70345972
   9.20368331  19.77724817 -10.65335223 -12.18441438 -14.51744993
  16.05703707  16.48156119  69.1370314  -22.71090094   7.9357037
  12.18776623 -37.53009793   0.43743664 -37.98800183 -44.40044665
 -58.34771493 -18.91978471  18.81582909   7.67291604  14.17757624
  -3.03406917 -13.79613585 -23.11295516  25.67788822 -64.11219468
   7.26152319  19.41342504  19.7080347  -35.01603512 -28.69687432
   6.99637744  33.18812671  28.3669072  -46.35638189  -1.98271665
  39.13958527 -49.18238065  -3.38841721  15.68925218  12.1586731
  29.61488357  10.05826997  15.61222351 -63.93670888  24.49691647
 -15.11248176  -7.60344486  -0.86357292  -4.76261338  -8.6373501
  16.50701946  17.23574471  13.124073    13.72209898  10.33697668
  -1.4995287   32.29292699  -2.08559115  50.58960179 -18.09752678
  -8.13169608 -31.39445436 -45.34150159 -10.36526787  16.64990263
 -54.0313523  -30.1342922   23.28626248  17.36174362 -39.79554766
 -50.44019205  39.57756647  25.09357046 -39.63606568  16.2986593
 -28.72717155  37.75111102  26.41283252   0.55289078  21.07571926
 -22.79753178  17.22448728  -2.48563228  38.63290152   4.94094946
 -52.4775126  -25.6497685    8.54386989 -28.56335517   4.94827179
   3.62245349 -19.27841003  19.05478442  70.89275694   6.34587922
  29.43991858 -11.06267119 -20.33916929  17.14148029   5.05289261
  32.46538692  -4.70523877  -9.06120578 -15.36348479  16.50748834
   1.47533362  16.51225358   1.88483127  17.11425078  39.2124365
   0.70689813   0.27570459  29.89152868 -29.63171205  12.72446829
  14.82031341 -22.09257642   7.67022469  -1.13183997 -43.23889501
  18.69447458   3.32618392  -7.77270822  28.55999142  19.28537286
 -55.24700044   9.68132362  -7.37807623   7.00532719  22.79587658
 -22.53771858 -18.18322026  44.407975    -5.30197014   5.95777116
   5.76190204  35.49434056 -14.84374841 -16.03893661  35.71840638
 -19.58950347  45.33460842  19.47239062  59.41858452  -4.63501273
 -27.98706947  -1.95815871  22.05492371 -16.47231382 -22.74169401
  25.73996432 -12.31207818 -38.70458684  -8.22600546  42.01036064
  18.09518639  16.01845889 -46.58573524   3.97802581 -27.04974511
  -0.95674283  -7.91869282  29.7275086   13.5884755    8.3097083
 -10.7672811   29.89873554  52.95898445  29.59054147 -22.15057791
  76.93684143   3.82712167  49.82349993 -29.43328862  19.74780947
   3.9899297   20.66464651  18.35301115 -50.49807916  26.2500549
  19.17093815 -33.48363973  -9.96974836  20.69131285   9.46238786
   2.24073606  -7.12074563   2.62217557  34.22374749 -35.84231783
  -6.34554565 -18.45575067 -43.77539839  -6.29783973  -8.13246977
 -30.01488576  -7.60407012  -8.55273801 -15.42315621  32.9609999
  15.56489905 -44.44464955  28.26342228  -4.36762651 -12.03661231
  25.95879555 -63.85821282 -17.72688959  -1.89117068  27.31642582
 -62.32070272   8.48143748  27.06858537 -19.39298233 -58.02537339
  34.16615191   9.44367193 -24.20297716  35.14833094 -50.76785445
  -2.12044559   3.11771546   8.02320407  35.02232232  -4.25539406
 -37.24487823 -34.02891468 -16.49610857   6.59485031 -24.05854902
   2.11016966  29.68894774   5.84288982   8.60515995  -9.04594653
 -20.83930621 -17.78106957 -24.78034303  -0.56167831  35.4438289
 -12.85118133 -19.95931635 -47.46095201  -8.6888906  -10.69459908
  16.84413232  -8.89483644  -0.77682842 -15.89845391 -12.96489073
  -4.41590309  15.66533781  28.14348624  36.30529725 -36.9895083
  -5.84210421  10.61377279 -36.50762928 -57.04347201  -6.2105462 ]