[ -8.3313023   11.2734024   -7.50154962  -7.31991475  20.86130754
 -10.36246845 -35.33175679  -8.63641407  33.36657143  -5.18348932
  -7.20528403  15.90025012   2.1153418   16.91249163 -38.69790335
   5.44330628  32.6029755  -51.54739194 -35.99305266  36.06864042
   0.2808148   16.10147132  69.76760819  23.9879332  -13.3323436
  18.0147735  -36.05951845 -33.433568     5.17409841 -10.71672195
  19.97496816 -27.18873044 -26.71141057  -2.94832756   2.73030602
  12.31532087  -0.11752341   6.11919894  28.6122297   19.45414042
   8.27402108  15.815875   -10.52067562 -11.92429331 -17.53428119
  15.81713367  16.48973034  60.18043511 -19.90571313   8.1778441
  10.08518212 -30.95677533  -0.78123961 -36.01452962 -37.76343799
 -48.88105835 -16.13199955  17.87173358   6.01858027  12.42280684
   1.12800701 -15.44652986 -20.46037739  19.02535856 -55.17794749
   3.9909709   17.59895515  15.10494922 -30.50324784 -21.49572759
   7.43983619  26.01398363  23.52942109 -39.05974092  -2.41551617
  35.01467456 -45.24368115  -0.88296026  14.26126538  12.98358653
  27.25006096   6.26138657  10.61139129 -56.94409763  19.92941101
 -15.79266693  -8.62415576  -2.24596933  -2.4533353   -9.25826181
  15.30665837  15.82565604  13.39333698  15.35068173  10.71090846
  -2.84507399  30.63810531  -2.20015291  42.94512714 -14.86964821
  -8.647884   -27.36276095 -39.13653408 -14.4817493   16.3536995
 -47.40855758 -25.71737762  18.7273097   14.86207672 -33.17125887
 -44.83202116  31.8534947   23.95363345 -32.50798858  16.54934495
 -25.08954756  33.74692618  23.23669516   0.63126476  20.91925576
 -21.70246548  12.29566492  -4.0331427   31.93689626   4.85043506
 -44.53873657 -25.38556289   6.14783558 -23.58844906   5.5970898
   3.27647758 -16.01885661  19.38751222  63.96450394   3.68062509
  25.97256264  -6.20533732 -18.34279659  20.36709283   4.17602091
  30.00661849  -3.50500652  -8.07950205 -10.17901846  18.52559178
   3.45555721  16.61400543   1.73950041  13.77314899  35.78980049
   0.3587282    2.81616328  25.34311962 -26.7329742    7.5530115
  15.36291508 -20.67720108   4.77889632   0.35268872 -36.00205502
  13.22609052   7.04256621  -9.31198935  22.54165421  15.36831972
 -43.76039188  10.03750714  -6.76238944   8.27915211  19.84637147
 -21.9035094  -20.31438439  40.75293329  -5.35985179   4.5999083
   7.50701608  27.84313544 -13.84555837 -14.43112775  32.67315553
 -18.77343281  39.75825068  13.07830825  50.92947909  -1.14715463
 -24.35838332   0.76780688  16.86890849 -15.12408158 -17.68281041
  21.01630249 -11.39364089 -33.62892015  -6.24400798  34.96108458
  15.76454066  11.22225724 -42.95088731   2.76855836 -23.55828325
   1.91387392  -5.10546326  23.05104737   6.89787304   4.11744623
  -9.77245793  30.0752059   47.37050118  25.24592267 -19.24134055
  67.55829818   1.99918951  46.46885181 -23.80529442  16.37510124
   3.46493631  16.99963857  14.38772647 -39.29219082  20.95525703
  15.99144747 -28.93762859 -10.04413     18.62904664   9.81849383
  -1.3507077   -7.23661258   1.92783956  32.71516208 -34.18714563
  -5.78483828 -14.45126699 -38.639419    -8.42047895  -5.95745035
 -23.58678208  -7.27226249  -8.57682168 -10.67398864  28.85901599
  14.70115584 -37.47251847  25.01224668  -7.95836125 -10.41807847
  23.51031658 -59.48198077 -16.96101627  -1.83400737  17.36337768
 -56.18208096   6.15191837  21.2781997  -16.40770525 -51.46873163
  28.53872522   8.50230038 -24.57811556  29.73547102 -44.28499631
  -3.42565513   4.58752738   7.64403191  29.94594699  -3.54374175
 -33.9903431  -29.75898914  -9.83694501   7.31043687 -24.43992239
   1.1267975   22.12015932   1.29602394   8.5241127   -7.89193686
 -19.11368231 -13.19141971 -21.4603934   -0.7808914   28.99458727
 -14.67159769 -18.0377157  -42.35948838  -9.64276558  -7.72099084
  13.52470127  -6.27969698  -2.43485733 -16.13099441 -12.07463651
  -1.26236214  16.65044776  29.15500212  28.50862839 -29.67690421
  -2.10214024   7.59915154 -31.76428359 -51.10812851  -6.87412705]