[-8.50391576e+00  1.14212704e+01 -6.97284661e+00 -9.17142712e+00
  2.75567882e+01 -1.05530878e+01 -4.48085435e+01 -1.11935201e+01
  3.61509718e+01 -7.05724686e+00 -9.55911641e+00  1.63039232e+01
 -9.67859618e-01  2.26137586e+01 -5.24867226e+01  1.42963428e+01
  3.73953589e+01 -6.96822423e+01 -4.85620563e+01  4.13826445e+01
  2.17678768e-01  1.63138750e+01  8.89079842e+01  3.04514906e+01
 -1.70226479e+01  2.01826411e+01 -4.78116821e+01 -4.10029344e+01
  2.89533100e+00 -1.22398645e+01  2.45001026e+01 -3.41344784e+01
 -2.75026868e+01 -3.34787801e+00 -9.96537798e-02  1.96323492e+01
 -2.39735362e+00  1.20519094e+01  3.46927373e+01  2.81768668e+01
  1.36946075e+01  1.67168761e+01 -1.19521567e+01 -1.22812036e+01
 -2.04847279e+01  1.44354245e+01  2.37801292e+01  7.35308293e+01
 -2.37928371e+01  8.81961036e+00  1.03270669e+01 -3.96523051e+01
 -2.70969111e+00 -4.29191769e+01 -4.33116683e+01 -6.23182013e+01
 -1.60223548e+01  1.98880262e+01  5.96024320e+00  1.57093455e+01
  6.28920598e-02 -2.28060882e+01 -1.71035830e+01  2.54217079e+01
 -6.27960667e+01  4.23681677e+00  1.81273026e+01  1.80864233e+01
 -3.94289861e+01 -3.21741005e+01  1.19400606e+01  3.80397529e+01
  2.61914830e+01 -4.87296675e+01 -6.26666642e+00  4.36567146e+01
 -5.14846191e+01 -1.60325059e+00  2.16115501e+01  1.66245676e+01
  3.50832148e+01  1.22278113e+01  1.38097161e+01 -7.42037609e+01
  2.78786749e+01 -1.97947684e+01 -1.01540019e+01  1.03311933e+00
 -3.21432941e+00 -1.16323949e+01  1.95847175e+01  1.83182627e+01
  1.28147732e+01  2.13624136e+01  1.20241633e+01 -7.95804095e+00
  3.32785151e+01 -4.96930539e+00  4.75301901e+01 -1.51736651e+01
 -5.76576338e+00 -3.56156012e+01 -5.06450636e+01 -1.61799810e+01
  1.68080110e+01 -5.36067992e+01 -3.15787013e+01  1.84472297e+01
  1.42860118e+01 -4.13265279e+01 -5.39716910e+01  3.91186563e+01
  2.87982653e+01 -4.19084225e+01  1.94055717e+01 -3.40335876e+01
  3.73995405e+01  2.65146175e+01  2.23871472e+00  2.17477858e+01
 -3.04618818e+01  1.71062021e+01 -3.96581767e+00  3.88155066e+01
  3.64712069e+00 -5.31458375e+01 -3.48329873e+01  7.22556785e+00
 -2.50041108e+01  7.84398584e+00  5.09669108e+00 -2.19057346e+01
  2.39568209e+01  7.62458286e+01  5.95196273e+00  2.77172337e+01
 -8.93597552e+00 -2.08868792e+01  2.26314030e+01  6.31497211e+00
  3.53340726e+01 -5.09516794e+00 -7.03880915e+00 -8.16003167e+00
  2.12700212e+01  2.51582530e+00  1.53827702e+01 -1.45729659e+00
  1.63882133e+01  4.68371966e+01 -7.92851298e-01  4.90499666e+00
  2.81611260e+01 -3.37300832e+01  6.49129973e+00  1.83711786e+01
 -2.76897619e+01  2.83151307e+00  1.05811317e+00 -4.11581595e+01
  1.84623794e+01  9.25226358e+00 -1.40066238e+01  2.81377319e+01
  2.00107082e+01 -5.40909595e+01  1.34819032e+01 -9.37622038e+00
  1.13133941e+01  2.57992687e+01 -2.56349610e+01 -2.03324710e+01
  5.29874920e+01 -1.20729204e+01  4.26370717e+00  1.11320701e+01
  3.44855479e+01 -2.03734312e+01 -2.41997867e+01  3.96702258e+01
 -2.41576883e+01  5.12628451e+01  1.29171400e+01  6.25485348e+01
  3.53430736e-01 -3.06876809e+01 -1.32923134e+00  2.24222915e+01
 -1.95371236e+01 -2.01995439e+01  2.61546224e+01 -1.57360120e+01
 -4.32024269e+01 -9.89007602e+00  4.38269152e+01  2.28259535e+01
  1.54806013e+01 -5.05632048e+01 -2.62083257e+00 -2.87425194e+01
  6.54699859e+00 -1.14705816e+01  3.03165414e+01  1.16720871e+01
 -2.42819984e+00 -1.03078557e+01  3.49835767e+01  6.03190233e+01
  3.30055723e+01 -2.46008333e+01  8.16129232e+01  1.66829750e+00
  5.51055774e+01 -2.92736196e+01  1.90989048e+01  2.49438303e+00
  2.18272088e+01  1.63281174e+01 -4.79553095e+01  3.26574178e+01
  1.65020093e+01 -3.68091805e+01 -1.01690410e+01  2.38346103e+01
  1.73068337e+01  7.84274898e-01 -7.24431244e+00  4.09743200e+00
  4.17194956e+01 -3.71196993e+01 -4.22368880e+00 -9.46314242e+00
 -4.81704808e+01 -7.27847344e+00 -4.33202786e+00 -3.11269715e+01
 -1.13194563e+01 -1.21189938e+01 -9.02406800e+00  3.11615148e+01
  1.83927841e+01 -4.76884139e+01  3.18518644e+01 -9.22235043e+00
 -1.14383082e+01  3.11175498e+01 -7.18491016e+01 -2.40344393e+01
  1.75044096e+00  2.56158321e+01 -6.98647063e+01  4.08097180e+00
  2.74886907e+01 -1.92491378e+01 -6.11386035e+01  3.42451304e+01
  7.28111942e+00 -2.87679520e+01  3.65099063e+01 -5.26087002e+01
 -1.22391562e+01  4.22070998e+00  1.29641869e+01  3.79474124e+01
 -5.77333322e+00 -4.71902629e+01 -4.07610996e+01 -1.92877815e+01
  9.68667850e+00 -2.84619412e+01  2.87968822e+00  2.41036546e+01
  2.42238359e+00  4.89775776e+00 -1.24752710e+01 -2.16067619e+01
 -1.62886973e+01 -2.57746044e+01 -2.14808061e+00  3.71342448e+01
 -1.71431865e+01 -1.86718408e+01 -5.37605908e+01 -1.09956037e+01
 -7.94638421e+00  1.29857514e+01 -6.75235968e+00 -8.64432443e-01
 -1.93434352e+01 -1.61214144e+01 -3.08853181e+00  2.33732847e+01
  3.67327453e+01  3.68341793e+01 -4.00375213e+01 -2.16705195e+00
  9.97684313e+00 -4.14680634e+01 -6.16520338e+01 -9.19185467e+00]