[-1.66112268e+01  2.65792574e+01 -2.37485689e+01 -1.14557751e+01
  5.45718203e+01 -2.57248403e+01 -1.02409065e+02 -2.04229507e+01
  8.08993745e+01 -1.40326515e+01 -2.01192843e+01  3.66023006e+01
  1.34129616e+00  4.82346586e+01 -1.14276376e+02  2.76294179e+01
  8.48001090e+01 -1.40565239e+02 -1.02955802e+02  9.79090341e+01
  8.76016884e-01  4.17742741e+01  1.90282835e+02  7.26437705e+01
 -3.87514141e+01  3.92165254e+01 -9.77797541e+01 -9.61220010e+01
  1.26611076e+01 -2.76665246e+01  6.19933313e+01 -7.51554185e+01
 -6.73778303e+01 -1.31641640e+01  8.54218166e+00  4.10233419e+01
 -4.65170760e+00  1.87838034e+01  8.25335474e+01  5.35615686e+01
  1.99686315e+01  3.76710961e+01 -3.04797053e+01 -2.25918662e+01
 -5.16795792e+01  3.97857350e+01  4.46298456e+01  1.62000956e+02
 -5.76836527e+01  2.40203731e+01  2.63440897e+01 -8.40938783e+01
 -3.26180567e+00 -9.19807065e+01 -9.82791241e+01 -1.31230515e+02
 -4.83840924e+01  4.52627069e+01  1.71838381e+01  3.52756010e+01
  5.79711721e+00 -5.83533841e+01 -5.12515370e+01  5.84099809e+01
 -1.50381309e+02  8.36048074e+00  4.64232999e+01  3.70522254e+01
 -8.04212917e+01 -6.12160497e+01  2.16948815e+01  6.97464281e+01
  6.51015567e+01 -1.04338676e+02 -4.20859044e+00  9.17752495e+01
 -1.10993583e+02 -1.87782332e+00  4.09111843e+01  3.13399928e+01
  7.78475357e+01  1.41635857e+01  2.19572058e+01 -1.64259239e+02
  5.53818568e+01 -4.13514280e+01 -2.28170164e+01  7.42787356e+00
 -5.91386244e+00 -2.26018301e+01  3.82259937e+01  3.57942654e+01
  2.97412734e+01  4.56000986e+01  2.43798301e+01 -1.28572637e+01
  7.53408298e+01 -3.27689276e+00  1.12608334e+02 -3.56221031e+01
 -2.45034446e+01 -7.45570694e+01 -1.06662506e+02 -4.24483044e+01
  4.54926056e+01 -1.20290011e+02 -6.12246555e+01  4.20046137e+01
  3.34344626e+01 -8.98058751e+01 -1.25103479e+02  8.30967110e+01
  5.48030049e+01 -8.19533577e+01  3.50648155e+01 -7.40910757e+01
  9.19014529e+01  6.24911522e+01 -1.47607707e+00  4.47743028e+01
 -6.62077204e+01  3.66946716e+01 -1.79618776e+01  9.32931588e+01
  8.42648702e+00 -1.11283503e+02 -7.76709613e+01  1.04735653e+01
 -6.50351779e+01  1.47353252e+01  6.96380262e+00 -3.85666446e+01
  5.80958466e+01  1.64852922e+02  7.98182899e+00  7.36624432e+01
 -1.33973224e+01 -4.71570875e+01  5.11955793e+01  8.31043647e+00
  7.36590529e+01 -1.30745494e+01 -2.21067823e+01 -1.97015349e+01
  4.59565845e+01  4.25460299e+00  3.67301051e+01  7.31304352e-01
  3.51117677e+01  1.03919741e+02  1.23506425e+01  1.24462922e+01
  7.09621200e+01 -7.17904044e+01  1.49331816e+01  3.97832509e+01
 -5.27490297e+01  8.10291523e+00  3.81706776e+00 -9.04748483e+01
  3.96497964e+01  1.29298624e+01 -2.96162777e+01  4.85554566e+01
  4.26863323e+01 -1.25396468e+02  2.50081932e+01 -2.22787059e+01
  1.88284952e+01  5.63074933e+01 -5.66274971e+01 -5.10809875e+01
  1.11415470e+02 -1.89703522e+01  1.62319253e+01  1.98575614e+01
  7.74827486e+01 -4.90967323e+01 -4.79731252e+01  9.06303870e+01
 -5.46829634e+01  1.12250852e+02  3.10838837e+01  1.36230034e+02
  4.11756538e+00 -6.37011854e+01 -5.59017060e+00  3.95978024e+01
 -4.41921742e+01 -4.44987099e+01  5.28671107e+01 -3.00333386e+01
 -8.85477198e+01 -1.53964184e+01  8.60090292e+01  3.93405042e+01
  2.82798452e+01 -1.13832805e+02 -2.88581390e+00 -5.98189918e+01
  8.16047578e+00 -1.90273489e+01  6.02592183e+01  2.30069584e+01
  1.02391376e+01 -2.83730853e+01  8.09464054e+01  1.31185268e+02
  7.13738482e+01 -5.46169415e+01  1.72540886e+02  2.60696021e+00
  1.11649840e+02 -7.02358375e+01  4.18082918e+01  6.87976184e+00
  3.93500756e+01  4.53682567e+01 -1.07482019e+02  6.47376664e+01
  3.46880894e+01 -8.01201407e+01 -2.88556253e+01  5.11316697e+01
  2.51288556e+01 -3.64925672e+00 -1.89183027e+01  1.07537952e+01
  8.86353311e+01 -8.68832493e+01 -7.78870231e+00 -3.07936524e+01
 -1.06031593e+02 -2.81064629e+01 -1.28270230e+01 -6.62395772e+01
 -1.79103467e+01 -2.32305110e+01 -2.64094113e+01  7.58828627e+01
  4.32889720e+01 -9.84574862e+01  7.16070666e+01 -2.47653798e+01
 -3.50874901e+01  6.76642199e+01 -1.65136216e+02 -4.99382422e+01
 -4.69822180e-02  4.89450341e+01 -1.58220974e+02  1.61010717e+01
  5.71536979e+01 -4.27922281e+01 -1.38244238e+02  7.66981887e+01
  2.04893610e+01 -6.42903265e+01  8.60198498e+01 -1.18239264e+02
 -1.74124678e+01  8.17221780e+00  3.27071931e+01  8.55244750e+01
 -1.09478532e+01 -1.04355609e+02 -8.26324096e+01 -3.07999057e+01
  1.83723232e+01 -6.60230757e+01  4.46639622e+00  5.69392368e+01
  2.72490488e+00  1.77273816e+01 -2.66947292e+01 -4.97461760e+01
 -3.52552349e+01 -5.13298312e+01 -1.50785346e+00  7.53721002e+01
 -3.95606252e+01 -5.08661901e+01 -1.21032496e+02 -2.48664772e+01
 -1.97206291e+01  3.55462918e+01 -1.53076349e+01 -4.32396345e+00
 -3.76130743e+01 -3.58880300e+01 -8.37194449e+00  5.76321043e+01
  8.43188630e+01  7.86038188e+01 -8.31669170e+01 -1.14741249e+01
  1.63321095e+01 -8.77171080e+01 -1.34614483e+02 -2.07280290e+01]