[-5.57668705e+00  6.42656050e+00 -7.80377472e+00 -8.17284306e-01
  1.68803595e+01 -6.84132413e+00 -3.76800403e+01 -8.01726382e+00
  2.53834018e+01 -1.85474883e+00 -1.05892645e+01  8.49542321e+00
 -7.16425583e+00  1.52889993e+01 -4.02206667e+01  1.41116241e+01
  2.58959436e+01 -4.74823098e+01 -3.55412405e+01  3.12494428e+01
  3.70472683e-01  1.25476197e+01  6.66664653e+01  2.40321243e+01
 -1.30787416e+01  1.19292209e+01 -3.15317069e+01 -3.28167658e+01
  1.09286862e+00 -5.61453039e+00  2.58077844e+01 -2.64495208e+01
 -1.68960313e+01 -5.00251475e+00 -3.97419122e-02  1.61726896e+01
 -6.28921618e-01  8.98875810e+00  2.82180640e+01  1.97819329e+01
  6.73329637e+00  1.04753061e+01 -1.17175366e+01 -4.14896973e+00
 -2.19271462e+01  1.22595144e+01  1.69229060e+01  5.14748451e+01
 -2.03320868e+01  8.13234123e+00  9.58614521e+00 -2.75911745e+01
 -3.91866742e+00 -3.08854030e+01 -2.94307147e+01 -4.27961464e+01
 -1.33340520e+01  1.16539859e+01  5.34828262e+00  1.16103905e+01
  1.40708058e+00 -2.40554000e+01 -1.17131138e+01  2.19999258e+01
 -4.67231535e+01  2.91432087e+00  1.43547061e+01  9.79668266e+00
 -2.69132167e+01 -2.18559720e+01  7.51944596e+00  2.64150477e+01
  2.16463918e+01 -3.52869633e+01 -2.33916130e+00  3.23707266e+01
 -3.21011757e+01  2.26839447e+00  1.26316221e+01  1.07113395e+01
  2.61703955e+01  5.97321415e+00  4.74615392e+00 -5.63911430e+01
  1.95834896e+01 -1.35658785e+01 -1.07374201e+01  3.22652095e+00
  8.53953216e-01 -8.23147195e+00  1.28493378e+01  9.84799258e+00
  7.40885377e+00  1.93016246e+01  7.38385736e+00 -5.69585346e+00
  2.16599349e+01 -6.10528079e-01  3.29004886e+01 -6.68539034e+00
 -5.71320180e+00 -2.69849283e+01 -3.64511228e+01 -1.72290994e+01
  1.20010567e+01 -3.85156473e+01 -1.83228834e+01  1.24045497e+01
  8.65331467e+00 -2.94864050e+01 -4.34954084e+01  2.52600381e+01
  1.97157044e+01 -2.69028229e+01  1.01538960e+01 -2.60703880e+01
  2.84893482e+01  1.87591344e+01 -2.47258871e+00  1.32914168e+01
 -2.63098849e+01  1.19984842e+01 -6.25886894e+00  3.04037521e+01
  1.15946402e+00 -3.46335824e+01 -2.93905490e+01  3.89531811e+00
 -2.02155654e+01  4.78507603e+00  3.14825041e+00 -1.30695999e+01
  2.24049937e+01  5.54592230e+01  1.53249802e+00  2.35164867e+01
  7.84355030e-01 -1.42881129e+01  1.70103687e+01  4.89856608e+00
  2.43190629e+01 -4.15093513e+00 -4.69817788e+00 -3.55035029e+00
  1.67230626e+01  4.22791056e+00  9.13423884e+00 -1.16455756e+00
  1.04082083e+01  3.43311139e+01  5.55966860e+00  4.62292605e+00
  2.37013489e+01 -2.49539055e+01  3.36394197e+00  1.44584863e+01
 -2.12351714e+01 -1.38720654e+00  3.39902396e+00 -2.83967481e+01
  1.30687343e+01  3.61357488e+00 -1.12982675e+01  1.89617919e+01
  1.30959140e+01 -4.30165227e+01  8.32617099e+00 -8.40767485e+00
  8.22719088e+00  1.87265134e+01 -1.91274585e+01 -1.37946840e+01
  3.91973924e+01 -1.02028483e+01  2.25501462e+00  8.73947853e+00
  2.64352745e+01 -1.83053429e+01 -2.26296410e+01  2.90085051e+01
 -1.98384241e+01  3.74459950e+01  8.77255820e+00  4.51932019e+01
  6.70789966e+00 -2.03873322e+01 -4.19255699e+00  1.30738172e+01
 -1.66916759e+01 -1.39376709e+01  1.46479192e+01 -1.03237619e+01
 -2.83392361e+01 -5.11684344e+00  2.85160304e+01  1.26268955e+01
  6.40786283e+00 -3.69911200e+01 -3.89791250e+00 -1.98360723e+01
  7.67338086e+00 -9.46391774e+00  2.10187493e+01  1.07249617e+01
  1.99754169e+00 -9.96370886e+00  2.71690035e+01  4.36374683e+01
  2.82341820e+01 -1.70260065e+01  5.63419723e+01  1.97600168e+00
  3.39285423e+01 -2.22627739e+01  1.23629039e+01  4.01296666e+00
  1.03421330e+01  1.53286560e+01 -3.50877314e+01  2.67396200e+01
  1.17915582e+01 -2.76328161e+01 -7.53599922e+00  1.56670492e+01
  1.12598527e+01 -9.04273175e-01 -5.52626638e+00  7.37041639e+00
  3.09226839e+01 -2.86241648e+01  1.72763078e+00 -6.39215412e+00
 -3.63024664e+01 -9.54332119e+00 -4.84873913e+00 -2.26382444e+01
 -8.68732249e+00 -8.72112573e+00 -6.11064457e+00  2.20926875e+01
  1.47554455e+01 -2.97598632e+01  2.45673755e+01 -7.65359145e+00
 -1.17382163e+01  2.25245705e+01 -5.37926561e+01 -1.97979772e+01
  4.24610936e+00  1.42628086e+01 -5.44382564e+01  2.93682199e+00
  1.63074222e+01 -1.19630325e+01 -4.48678270e+01  2.50377749e+01
  4.82409266e+00 -2.25817687e+01  2.67403637e+01 -3.76840680e+01
 -7.98720365e+00  3.88992913e+00  1.43980397e+01  2.85149775e+01
 -3.90873102e+00 -3.57467877e+01 -3.30404464e+01 -1.08005544e+01
  6.27953871e+00 -2.16063214e+01  1.19802164e+00  1.84508357e+01
  2.11336470e+00  2.81401232e+00 -9.81400805e+00 -1.31819577e+01
 -1.08613444e+01 -1.79085973e+01 -8.40855896e-01  2.43733109e+01
 -1.48427300e+01 -1.53187788e+01 -4.33018803e+01 -7.80035766e+00
 -4.06280198e+00  9.73079077e+00 -5.20453465e+00 -1.48892762e+00
 -1.31842943e+01 -1.31470586e+01 -5.39132443e+00  2.24211150e+01
  3.24343799e+01  2.66666776e+01 -2.81462449e+01 -2.18590500e+00
  4.59108582e+00 -2.77939179e+01 -4.47324425e+01 -7.63718889e+00]