[ -6.68868296   6.00512895  -8.22398266  -0.94975651  20.28704083
  -8.22001101 -43.69721628 -12.70160462  33.49784352  -4.64102438
 -10.89563268  11.02147827  -6.9762072   17.61208365 -48.55883887
  14.13714711  30.50506212 -58.44405268 -40.48165983  39.57979569
   3.24146555  18.10759156  76.33261919  27.39000452 -15.02765017
  14.77862585 -36.9078454  -41.88111334   3.5021765   -8.75679902
  30.84230357 -30.55267253 -20.93964206  -6.81301613   1.40519746
  18.99643404  -1.94368326   9.84566232  34.61180975  23.081549
  10.00114632  10.90903915 -13.72855251  -6.16389568 -27.70701995
  15.45375335  18.68712167  62.57353438 -24.46221725   9.60888659
  11.37638842 -33.00417343  -5.41308162 -36.97388463 -36.47647833
 -52.63509106 -16.00559109  16.4621702    6.11918281  13.94345544
   4.58691716 -31.34494336 -18.24908782  24.75254734 -57.00805125
   2.9720048   17.28209132  11.94752308 -32.10144015 -24.0780595
   9.72581758  30.10843248  24.4999627  -39.59260789  -2.28304275
  38.4542557  -40.56198762   0.85780498  16.65471612  12.12116802
  31.11372663   5.84021338   6.11999542 -68.58082722  22.20038024
 -18.35554469 -12.60275224   1.81831645  -0.93148308 -11.81764348
  14.84457823  13.49107642  10.25756192  22.82557718  10.67620658
  -6.6286567   28.0341087   -1.1918295   40.58162896 -11.18956177
 -11.54108439 -31.19818571 -43.31799829 -23.76695058  17.10823774
 -43.37912503 -21.31290334  13.19453838  11.54792016 -33.13030335
 -54.02734672  28.82697876  24.48703316 -32.01547475  12.25853051
 -30.89399382  34.95649423  22.52180938  -1.38451419  16.86387846
 -30.48192203  11.87610092  -9.41756384  36.72419438   1.05841514
 -42.58962296 -36.0197427    2.97357516 -23.19917692   5.81354207
   2.9732214  -15.90624588  26.31114534  67.05232234   0.46504097
  26.59348881  -0.14963655 -17.76605538  22.29536293   5.31853168
  30.81004137  -5.43766717  -8.21061589  -3.47128447  19.02124039
   4.79650625  12.87815202  -2.57697955  15.10436994  42.68121392
   8.09524764   6.32902563  27.94795874 -30.18990847   1.33735554
  18.28999222 -24.74127276  -0.24226506   2.62418225 -31.89777752
  13.68231211   7.53136764 -14.53536943  19.31878308  16.48019545
 -49.86832543   9.71150589  -9.75136931  10.13350551  21.7901771
 -25.43264072 -20.63247331  45.30820245 -10.32314592   4.28689699
  14.02852262  29.95565244 -23.21690816 -24.74135503  35.24566689
 -23.5583745   44.89454259   7.69867896  53.53675079   6.68968574
 -23.61526389  -1.39906807  14.37559082 -18.75155325 -15.57893003
  17.26091744 -12.15712935 -35.2540378   -5.19403255  33.82081453
  16.28582313   8.77873527 -47.65756723  -7.17833942 -25.36159974
   7.75913556 -11.33593759  23.55873454   8.95205863   1.7980176
 -13.08618577  33.32555921  54.15382004  30.30409754 -19.74103629
  67.50537409   1.72509506  42.61454153 -27.3415627   14.55319139
   3.38649735  12.83383637  19.92983181 -39.84771142  27.77958573
  14.46652695 -31.19518716 -10.20068113  20.74719452  13.18239286
  -2.40815417  -9.30183805   7.69988593  38.021476   -34.22123288
   1.84844015 -10.54095497 -44.53521907 -11.2830496   -5.2201741
 -26.69033954  -7.43689379 -11.261016    -6.40325199  27.37795985
  18.88742701 -37.40086651  30.79292732 -14.95040795 -14.88695733
  26.22121027 -66.98691875 -23.06158697   2.78279256  15.00939681
 -67.005612     4.12878178  19.90781599 -14.79010883 -54.84373528
  30.32513788   6.88237421 -27.86680906  31.763827   -46.49402711
 -10.03210295   4.62278293  15.27847052  33.20546841  -5.56961862
 -42.98809532 -34.55580301 -10.36778189   8.35903515 -26.84184302
   2.42885179  21.51612492   0.45498552   4.08849323 -12.05492196
 -17.09311267 -14.79472781 -20.88073116  -0.6706421   28.38813934
 -19.95874784 -19.83877108 -50.41848508  -9.71747303  -4.61659737
  11.25409939  -4.42580109  -2.7264451  -15.39126835 -16.06509546
  -3.91444224  26.29251121  40.73536279  29.2770152  -31.2504686
  -0.71546801   4.49777342 -34.00663247 -56.07977497 -10.13835291]