[-1.02669118e+01  1.42919458e+01 -1.03180988e+01 -5.17730492e+00
  2.64022903e+01 -1.41604511e+01 -5.15171592e+01 -9.57027050e+00
  4.35213779e+01 -5.43158290e+00 -1.25511651e+01  1.98770064e+01
 -3.77576695e-01  2.19117839e+01 -5.55049561e+01  1.30399496e+01
  4.56542289e+01 -7.13017138e+01 -5.15402546e+01  4.99150251e+01
 -1.35139778e+00  2.15603685e+01  9.95536968e+01  3.40103686e+01
 -1.92633358e+01  2.45776381e+01 -4.85831206e+01 -4.81349369e+01
  6.25320214e+00 -1.41150474e+01  3.07250962e+01 -3.96349623e+01
 -3.42163658e+01 -7.31890778e+00  4.80308323e+00  2.04421756e+01
 -2.21404467e-01  9.64844153e+00  3.98374406e+01  2.69790959e+01
  1.00866372e+01  1.83275076e+01 -1.54385229e+01 -1.14172636e+01
 -2.57501485e+01  2.26837843e+01  2.20790749e+01  8.33049872e+01
 -2.93189969e+01  1.13218826e+01  1.65251804e+01 -4.10976087e+01
 -2.33480079e+00 -4.87740023e+01 -5.08245869e+01 -6.64029794e+01
 -2.30529714e+01  2.26143140e+01  8.79663784e+00  1.65216985e+01
  1.74408662e+00 -2.63829106e+01 -2.60213150e+01  2.95544716e+01
 -7.83905423e+01  6.48397564e+00  2.57664509e+01  2.11784543e+01
 -4.11882736e+01 -3.11975095e+01  9.13916877e+00  3.56180048e+01
  3.33613776e+01 -5.45332364e+01 -2.60771241e+00  4.80270883e+01
 -5.92374317e+01  1.00978987e+00  1.95621978e+01  1.82537089e+01
  3.76176006e+01  8.75124830e+00  1.13830862e+01 -8.07942541e+01
  3.04569762e+01 -2.25008440e+01 -1.15987453e+01 -1.36782140e+00
 -2.72697085e+00 -1.22426229e+01  2.11907173e+01  1.96652352e+01
  1.73788504e+01  2.36078345e+01  1.37633575e+01 -4.20604721e+00
  4.07819736e+01  6.95694746e-02  5.85758297e+01 -1.70773997e+01
 -1.02816346e+01 -3.91612938e+01 -5.48347813e+01 -2.19932265e+01
  2.43924960e+01 -6.26403742e+01 -3.23825904e+01  2.50964643e+01
  2.03064276e+01 -4.51982852e+01 -6.35681896e+01  4.18261647e+01
  3.17423642e+01 -4.29274699e+01  1.97440760e+01 -3.50980173e+01
  4.74172837e+01  3.07698929e+01 -1.61312260e+00  2.46351436e+01
 -3.41223982e+01  1.84491881e+01 -5.03515338e+00  4.57334067e+01
  5.01420563e+00 -5.71252922e+01 -3.72511097e+01  9.37617811e+00
 -3.41339334e+01  8.53986342e+00  7.30763290e+00 -2.22956905e+01
  2.89242234e+01  8.76819656e+01  2.83872071e+00  3.73575586e+01
 -5.16561949e+00 -2.35470699e+01  2.76680115e+01  4.12405520e+00
  4.08917011e+01 -4.68996414e+00 -1.08309441e+01 -1.24589012e+01
  2.45101215e+01  4.55810426e+00  1.98244880e+01  1.95837960e+00
  1.78833214e+01  5.21101007e+01  2.53742736e+00  4.91207504e+00
  3.75218860e+01 -3.68187741e+01  9.27950590e+00  1.98589626e+01
 -2.87905249e+01  4.64958180e+00  1.57154664e+00 -4.83843111e+01
  1.83368840e+01  3.52235765e+00 -1.41893115e+01  2.87321116e+01
  2.20376786e+01 -6.47191973e+01  1.37901114e+01 -9.06423632e+00
  1.04856026e+01  2.71281958e+01 -2.91378260e+01 -2.74625033e+01
  5.68373779e+01 -9.57031707e+00  5.73711625e+00  1.02883237e+01
  3.92345172e+01 -2.27512113e+01 -2.21572853e+01  4.39741546e+01
 -2.65857674e+01  5.65327526e+01  1.78619042e+01  6.95424424e+01
  2.49315051e+00 -3.16444573e+01 -2.72365243e+00  2.12208529e+01
 -2.13963924e+01 -2.60560942e+01  2.67457212e+01 -1.50815048e+01
 -4.43426882e+01 -7.67231614e+00  4.86390122e+01  2.14518773e+01
  1.46793688e+01 -5.83832577e+01  2.03782976e+00 -3.21745872e+01
  3.14169105e+00 -9.68695566e+00  3.15447027e+01  1.24081945e+01
  7.50714105e+00 -1.35007268e+01  4.10946341e+01  6.67776381e+01
  3.85330723e+01 -2.51962596e+01  8.98222015e+01  5.01140500e+00
  6.02487124e+01 -3.65503983e+01  2.26405865e+01  6.09681163e+00
  1.95855323e+01  2.25736031e+01 -5.50295212e+01  3.26031718e+01
  1.89327153e+01 -4.11918464e+01 -1.15886210e+01  2.55875172e+01
  1.31170821e+01  3.37040423e-01 -1.03110604e+01  7.11271004e+00
  4.45819626e+01 -4.64015757e+01 -5.39735374e+00 -1.91671517e+01
 -5.38588114e+01 -1.29974734e+01 -7.31291563e+00 -3.29125781e+01
 -1.00515128e+01 -1.24360097e+01 -1.52452153e+01  4.12791616e+01
  2.10882734e+01 -4.92930679e+01  3.50214172e+01 -1.07505609e+01
 -1.81281973e+01  3.20517045e+01 -8.30071476e+01 -2.65120618e+01
  2.45493050e+00  2.48116819e+01 -7.82861856e+01  1.01479660e+01
  2.91747668e+01 -2.10481867e+01 -6.95732232e+01  3.98957421e+01
  1.19953981e+01 -3.49592958e+01  4.16124733e+01 -6.07352607e+01
 -5.99018181e+00  5.95705233e+00  1.33810917e+01  4.18020000e+01
 -4.35339152e+00 -5.04262185e+01 -4.19511489e+01 -1.37868461e+01
  8.19530573e+00 -3.44281016e+01  2.50241917e+00  3.18595330e+01
  2.75996766e+00  1.03454155e+01 -9.67253986e+00 -2.65837718e+01
 -1.96166553e+01 -2.84196293e+01 -4.70283743e-01  3.81068978e+01
 -2.10427957e+01 -2.57273785e+01 -6.07718021e+01 -1.07127438e+01
 -1.11276487e+01  1.72651249e+01 -8.27123231e+00 -3.57981359e+00
 -2.12050274e+01 -1.61062799e+01 -3.35148027e+00  2.73522258e+01
  4.31625516e+01  4.04594631e+01 -4.08001212e+01 -4.22264811e+00
  8.60885377e+00 -4.27406273e+01 -7.08020785e+01 -8.01065285e+00]