[ -3.16159279   5.25343064  -9.23574212   2.61670702  16.07603174
  -9.17772867 -37.15789375  -9.75996685  24.32472785  -8.62900121
  -5.48961702   6.18778796   2.36970221  13.79307749 -41.17640087
   8.5075881   31.16042853 -52.26665662 -35.09970843  34.67815352
   4.4796762   19.3035295   64.53229083  23.49675304 -13.69673735
  14.60643833 -29.9437588  -36.66185484   4.70833501 -12.26976803
  23.40890239 -25.36485162 -24.40992875  -7.05724384   4.17885121
  18.31812888  -2.41431861   8.1834054   28.88229346  16.95271829
   6.94493385   7.2066126  -12.95087364  -6.98140232 -18.51899654
  15.38526545  10.27037928  56.02067362 -18.73174057   7.98581812
  11.40880496 -28.62474645  -2.13222364 -33.29840153 -33.22127868
 -45.73424032 -15.14708699  17.43257269   8.37757058  14.39929058
   4.6639973  -24.9655995  -18.26654116  20.80829438 -53.77575581
   3.55136439  15.26298463  15.62061211 -29.00562371 -19.03908726
   3.91591428  24.60234842  23.42218147 -37.01448518  -5.78067437
  30.95079702 -40.51158324  -0.82256336  10.63951542   9.30787716
  29.11352488   4.5249169    7.92632908 -54.9864893   19.87380616
 -14.88300138 -12.86302943   4.93755791  -2.76309922 -11.81104833
   9.79923251  15.25981219   9.04571763  17.47583945  10.3049165
  -1.62218553  24.20128681   2.73401301  39.09949527 -11.31740986
 -14.02466654 -26.8022388  -38.91558684 -20.66678676  17.98082063
 -35.74110719 -18.14989515  10.89692795   9.74112877 -29.77756407
 -47.07043913  28.94424411  21.86566037 -28.02817666  11.25473127
 -22.04425947  33.35611397  20.65971018   2.54895557  13.17426419
 -27.92224469  11.55992143  -8.67786778  28.10106111   5.32447358
 -40.44548327 -32.19531425   3.70444405 -25.56731639   6.42743877
   1.290384   -12.59322176  22.203193    55.55355722  -0.7650263
  28.82637127  -1.65562973 -14.12313269  16.47578197   2.36830496
  27.09544287  -2.43540341 -10.72539026  -7.18340205  15.04463736
   2.86550454  11.12499675  -1.21498003  13.17944727  36.84029669
   4.74471466   6.45675324  24.36080437 -27.20878269   4.54266563
  14.72010422 -20.64969725  -1.52415079  -1.34720694 -26.09427562
  12.36316654   2.7668144  -12.38384999  13.20640914  14.68629134
 -45.47893938  10.3620841   -5.56393458   5.04002379  21.54768338
 -20.45908242 -21.30884088  40.70345839  -9.01116024   9.07253408
   7.94791587  26.71462689 -22.46651668 -17.63778753  28.97509565
 -18.10647173  40.31805527   6.93753878  47.7088253    4.45099377
 -19.74620124  -1.71099509   9.50411392 -14.56998155 -14.79160421
  17.20422362  -9.14942018 -29.63122982  -2.20815787  28.99407766
  15.47358067   9.20840721 -44.80714884  -3.42424541 -19.0411983
   4.87783464  -6.67946128  23.43047129   8.23538448   4.3072668
 -10.44340632  30.20892181  46.18007691  27.07311624 -17.49640507
  59.47562658   2.38945007  36.93864573 -27.81522208  15.51302805
  -1.6682894   15.29935889  19.84770389 -36.32805954  22.06652839
  14.38694516 -28.38101822 -10.07766995  18.25899345  10.5220661
  -2.46302033  -9.30368818   4.93561611  33.58117089 -25.90480967
  -1.23802074  -8.33648102 -36.54843901  -8.94714349  -2.68022126
 -25.56763188  -5.27205479  -5.51612553  -6.71720805  30.41413851
  19.86668064 -34.6832094   24.88708258 -12.33558845 -11.54955908
  22.36575028 -56.74573263 -21.08891659   2.04056058  18.29692626
 -57.203617     6.54026642  18.28829893 -12.09830156 -46.88396779
  24.73755868   8.64622764 -23.79256346  31.1253387  -41.92134343
  -7.15954791   1.9587757   10.60908573  28.33156482  -1.99647114
 -38.63023313 -25.77853775 -10.55195862   7.34916306 -23.46300799
   1.8122826   18.00538606  -4.37628553  -2.36403093  -6.90959035
 -17.3653337  -14.45568606 -10.51273381  -4.46421004  20.28655082
 -18.04886235 -15.41008951 -40.24507059  -8.28056143  -9.93479881
  11.22130987  -5.46278577   2.13942933 -13.49486944 -12.92688985
  -0.46134819  22.66258959  28.9793455   25.32465694 -25.06416632
  -6.6523268    2.6915534  -29.13805813 -49.33523719  -7.22573501]