[-4.52397643e+00  8.84228976e+00 -9.23500377e+00 -6.32946944e+00
  1.43873086e+01 -1.06121081e+01 -2.76783346e+01 -5.69110661e+00
  2.32796140e+01 -3.71380022e+00 -2.67553043e+00  1.22651781e+01
  3.29185777e+00  1.42999624e+01 -3.20084051e+01  5.15985171e+00
  2.65467274e+01 -4.00144206e+01 -3.18967403e+01  2.97109940e+01
  9.23583221e-01  1.52757289e+01  5.64223706e+01  1.94947371e+01
 -1.11974597e+01  1.41082583e+01 -2.83628031e+01 -2.62756163e+01
  5.78029572e+00 -1.03931750e+01  1.59344932e+01 -2.09439491e+01
 -2.36755386e+01  3.74488594e-01  1.90267134e+00  1.24587720e+01
 -1.21858820e+00  2.31561322e+00  2.50438678e+01  1.38788187e+01
  4.46981513e+00  1.42375889e+01 -7.08222492e+00 -7.92572929e+00
 -1.35747344e+01  1.49220828e+01  1.15606757e+01  4.87043998e+01
 -1.73323156e+01  7.09902739e+00  1.09216549e+01 -2.56420080e+01
  1.78176596e+00 -2.81677372e+01 -3.24230762e+01 -4.08568423e+01
 -1.57013298e+01  1.57365384e+01  7.07085274e+00  1.23726198e+01
  9.87598733e-01 -1.42522070e+01 -1.76788472e+01  1.86765108e+01
 -4.93692423e+01  4.75441706e+00  1.44249108e+01  1.22207335e+01
 -2.27677198e+01 -1.54461450e+01  3.76348536e+00  2.03660855e+01
  1.99070900e+01 -3.44681024e+01 -1.22523528e+00  2.63080340e+01
 -3.48559741e+01 -3.65188418e+00  9.63167175e+00  7.56638844e+00
  2.26237672e+01  2.23590321e+00  1.03752826e+01 -4.66802602e+01
  1.85732871e+01 -1.28058914e+01 -6.26697247e+00 -4.52311337e-03
 -2.19596212e+00 -6.44160366e+00  1.08058510e+01  1.15216834e+01
  1.02806472e+01  1.25833061e+01  9.59641893e+00 -2.93305895e-01
  2.30402702e+01  1.83165123e+00  3.62915560e+01 -1.05478928e+01
 -8.12751672e+00 -2.05233338e+01 -3.00539208e+01 -1.06516984e+01
  1.54131358e+01 -3.69661581e+01 -1.84786308e+01  1.62925064e+01
  1.16220337e+01 -2.60143622e+01 -3.66517389e+01  2.54925809e+01
  1.50118075e+01 -2.49894074e+01  8.01963669e+00 -1.94590830e+01
  2.86651023e+01  1.79216866e+01 -4.59184956e-01  1.39948488e+01
 -1.82042490e+01  1.08478317e+01 -3.84456227e+00  2.71922752e+01
  3.83672838e+00 -3.72830789e+01 -1.97689957e+01  3.97575314e+00
 -2.23141806e+01  4.09699664e+00  3.06629068e+00 -1.26072739e+01
  1.57832365e+01  4.88631041e+01  4.49702354e+00  2.55800527e+01
 -6.72533270e+00 -1.51239636e+01  1.36234382e+01  1.11867527e+00
  2.31707083e+01 -4.99669592e+00 -1.03176749e+01 -1.10514421e+01
  1.30880641e+01  1.98123669e+00  1.14407880e+01  5.55483317e+00
  1.09364881e+01  2.79899594e+01  3.00060976e+00  3.61268773e+00
  2.37542064e+01 -2.11120601e+01  6.84932443e+00  1.08206254e+01
 -1.56103147e+01  5.23720118e+00 -1.89813799e+00 -2.73769531e+01
  1.22474521e+01  2.19934090e+00 -8.40461082e+00  1.66486833e+01
  1.43852483e+01 -3.82376438e+01  8.44232128e+00 -4.56127394e+00
  3.21416032e+00  1.72045735e+01 -1.67417432e+01 -1.62974161e+01
  3.42535405e+01 -3.03595324e+00  7.71837512e+00  3.66730353e+00
  2.63559283e+01 -1.28672372e+01 -9.51899319e+00  2.64410562e+01
 -1.35993980e+01  3.14262159e+01  1.09382456e+01  4.18674332e+01
  1.08748927e+00 -1.56514293e+01 -1.68176271e+00  1.21831748e+01
 -1.25859889e+01 -1.61705319e+01  1.64768659e+01 -9.20419391e+00
 -2.75449107e+01 -1.83463971e+00  2.62536727e+01  9.39472396e+00
  1.05504766e+01 -3.51398421e+01  8.15905726e-01 -1.69339033e+01
 -2.69561548e-01 -4.66375789e+00  1.87851617e+01  6.93852875e+00
  6.66999535e+00 -9.76314156e+00  2.47877466e+01  3.95149161e+01
  2.14983823e+01 -1.70482714e+01  5.21332649e+01  3.28356433e+00
  3.56800929e+01 -2.19841855e+01  1.44319130e+01  1.05149799e+00
  1.22255127e+01  1.45743605e+01 -3.39226488e+01  1.75052102e+01
  1.48750065e+01 -2.39317473e+01 -6.57335335e+00  1.45871786e+01
  5.66182743e+00 -9.75051787e-01 -4.25673095e+00  1.11104020e+00
  2.31340545e+01 -2.71886010e+01 -2.44233751e+00 -1.19279828e+01
 -3.09763017e+01 -8.75438753e+00 -6.31499732e+00 -2.16931404e+01
 -5.32823753e+00 -5.03824666e+00 -1.10623543e+01  2.45718554e+01
  1.43198840e+01 -2.90960180e+01  2.25948871e+01 -6.27697986e+00
 -9.50317686e+00  1.92756610e+01 -4.76955755e+01 -1.32292313e+01
 -7.68760107e-01  1.70745310e+01 -4.67921879e+01  8.43922134e+00
  1.96098079e+01 -1.21961539e+01 -4.26069899e+01  2.20540507e+01
  7.31363723e+00 -1.67761686e+01  2.66351743e+01 -3.74569256e+01
  8.38262825e-02  1.60437689e+00  7.08074770e+00  2.56454950e+01
 -2.42984689e+00 -2.83269647e+01 -2.24919274e+01 -6.95078867e+00
  3.77063468e+00 -2.01938030e+01  2.42448677e+00  1.99344290e+01
 -1.61722713e+00  3.47999717e+00 -5.61303897e+00 -1.43965569e+01
 -1.24935204e+01 -1.41339229e+01 -2.63970255e+00  2.12763556e+01
 -1.04823322e+01 -1.55839427e+01 -3.15720991e+01 -7.30551728e+00
 -8.86469626e+00  1.39136008e+01 -5.07392218e+00 -2.86387743e+00
 -1.00229466e+01 -1.05125615e+01 -1.84477190e-01  1.62815689e+01
  1.98298480e+01  2.29413089e+01 -2.34323258e+01 -6.34156384e+00
  3.97249393e+00 -2.59116522e+01 -4.14805643e+01 -4.44635850e+00]