[ -5.35999528   7.50800812  -4.66244     -8.26263322  18.7528258
  -6.81779849 -28.05809482  -8.00250843  21.34166617  -6.52516341
  -2.99434259  11.16138757   2.31160451  15.14132791 -32.67307563
   8.02290967  22.6825387  -45.00277327 -29.75644313  25.61168297
   1.57910286  11.02183137  54.37651552  18.66014348  -9.69756423
  12.67087304 -31.7842852  -24.82984436   2.45372173  -8.35722707
  12.87716919 -20.39319025 -18.61953165  -0.81430955  -0.75943771
  11.72425111  -2.28608046   7.48013717  21.41100418  16.46575807
   9.75128252  10.85383919  -6.63987252 -10.05611643 -12.569142
   8.96378129  14.4910806   46.84756099 -15.43681063   4.34397928
   5.2187822  -26.64317331  -1.18952657 -27.07850895 -29.02633706
 -40.44891896  -8.78430386  14.10284594   2.90733472   9.64921583
  -0.56601486 -11.75358069 -12.77715987  15.93305859 -39.75664008
   2.31744732  10.93267813  11.46541064 -28.08184781 -21.88418907
   7.42796546  24.9433962   16.96172288 -31.70497186  -3.44654094
  27.4015991  -33.41189231  -1.44623718  13.12232935   9.31513567
  21.60599566   7.52930908  10.58687234 -46.8620152   17.07820075
 -10.16446488  -6.17148972   1.14422984  -2.57307285  -7.9166639
  11.82004579  12.68158015   7.99902674  11.81911499   7.7185606
  -4.79286841  20.69968475  -3.44852408  31.11577805 -11.05639626
  -4.95989053 -22.58723529 -32.79768272  -9.22628504   9.9717122
 -34.70931665 -22.26442846  11.85342883   8.97564193 -26.88542541
 -33.60983378  25.51345962  18.51417827 -27.6594176   13.21939278
 -19.69180926  22.98188092  16.3587808    2.13666968  14.54141118
 -17.69960203  11.01292862  -2.26994442  23.46520878   3.20544977
 -35.34300055 -21.85682822   4.86007994 -16.43565568   4.43829823
   1.3999638  -12.97336194  13.97310788  48.67199117   4.60271411
  17.11782325  -8.74380273 -13.79551718  13.93320559   4.88705459
  23.12536995  -3.16092114  -5.37615469  -6.33082547  12.16035833
   1.55581445  11.45264157  -1.78854832  11.81397849  28.11807455
   0.29710907   2.3227943   15.54014814 -21.77132612   5.02983912
  12.52810885 -17.59662743   1.94901529  -0.18766023 -26.41485773
  12.66377556   6.57422274  -6.43539204  18.96023083  12.62808727
 -33.82014038   8.30022188  -6.54353774   6.80392322  18.14669759
 -17.72133203 -12.70771915  32.69023143  -6.66866687   2.36765275
   7.88038883  21.68380126 -12.14428729 -13.95296904  24.67704387
 -14.85742078  32.30072402   9.54066948  40.39404969  -2.06799673
 -20.79623975  -0.11534126  15.44563421 -12.95471294 -12.58758917
  17.99226738  -8.89607694 -27.11037035  -7.27569728  27.15620217
  15.68246976  10.63985218 -32.87572965  -0.9958836  -19.04737089
   3.60102421  -7.97247591  20.24033788   7.58761708  -1.58501415
  -6.64726307  21.81265844  36.96543785  19.7654639  -15.66067613
  52.50668667   0.48669354  34.76101958 -17.61434415  12.58612649
   0.7290835   16.24948541   9.89356177 -31.14623131  19.37233229
  12.64357203 -22.94680549  -7.60011011  15.26921561  10.4128421
   0.51828395  -5.35082003   2.54655667  26.94986175 -23.36072
  -2.71763616  -7.25451256 -29.90768858  -2.32417772  -3.42910469
 -20.96229492  -6.06193139  -6.20614951  -5.68767343  19.64642029
  12.01268417 -32.2858743   20.67803338  -5.57433051  -6.59776796
  19.29906297 -44.94322045 -14.83573808  -1.26494882  17.35165875
 -43.84863131   3.61954617  18.47608992 -12.63645794 -38.57718269
  22.24752859   4.67500936 -17.70794362  22.67565261 -34.8994303
  -6.74428763   2.397675     6.77279413  24.30149669  -3.86080213
 -28.1869009  -24.84444848 -13.26256574   8.43681626 -16.71029156
   2.12703322  16.11287453   2.21700736   2.85400009  -8.44372918
 -13.59888209 -10.45562056 -15.84017871  -1.96778623  23.95855122
 -10.78694263 -10.85752137 -33.47717626  -7.26209629  -4.02064139
   8.7091795   -3.93250455   0.68152238 -11.58944689 -10.39521075
  -2.39754603  12.38229956  21.6199344   22.8939664  -25.60238415
  -1.76017174   6.48329796 -27.08019303 -39.57067402  -6.0364741 ]