[ -4.53991154   6.04797558  -1.8390498   -7.38668866  13.72411508
  -6.81296276 -22.68130515  -5.17747463  16.61969719  -2.08390872
  -2.72254135   8.73939435  -0.91383236  12.53242437 -25.93888168
   7.98658174  16.37805366 -33.47280881 -23.85550881  20.98836078
  -0.57122583   6.24213739  42.81441516  14.21677102  -7.79984963
   9.20062383 -24.69550039 -18.13941904   2.17358081  -4.60369417
   8.68335156 -16.70706324 -12.34066482   0.22922154  -1.02617517
   8.67569364  -1.79097863   5.0664801   16.64407377  12.42424321
   7.03332792  10.84359606  -4.06897958  -7.07950016 -10.24050278
   8.51908441  13.5260025   36.88432387 -13.19195562   3.26963241
   4.29693064 -17.90120126  -0.41525162 -18.92731885 -22.53728014
 -29.74809488  -8.64625519  11.80494328   1.65816548   6.46089271
  -1.48086865  -8.83419436 -10.26770912  12.70534153 -30.34680993
   1.43678117   7.66843643   7.68808832 -20.58687646 -17.25519274
   6.29268825  18.28180204  13.56579928 -25.29086421  -0.14703146
  20.41238226 -25.0557879   -0.04380969  10.82577438   6.83174705
  15.57417918   4.81817223   6.2495616  -37.53217049  15.20477174
  -7.62967506  -2.62178996   0.46096639  -0.85108348  -5.70571651
   9.65899799   8.23367501   7.10516895   9.83162193   4.62131476
  -3.31083851  15.61845004  -0.47046417  22.16481647  -6.33329965
  -1.48920012 -16.25334444 -23.23513671  -5.93180948   9.20352384
 -27.79462124 -17.34296749  10.47580335   7.2436334  -20.75998725
 -23.67168085  18.55196257  12.66492823 -19.604524     8.40211073
 -15.0589862   16.21252524  10.89983814   0.55658988  11.05001901
 -13.41586699   9.199342     0.59334856  18.68579805  -0.52309614
 -25.93984279 -15.58731063   3.92630101 -13.33938111   3.74642234
   2.47962609  -8.95717657  10.51354128  38.32944855   3.80581203
  13.46284866  -8.06060982 -11.12570037  10.29856152   3.47686192
  16.94647093  -2.76906045  -3.82002846  -4.23073326  10.19886221
   0.67469157   7.6663073    0.76346357   8.74456033  21.5401647
  -0.25037933   2.03830588  12.54590337 -16.3963504    3.76744683
  10.11712591 -13.76059833   2.26271094   0.59214778 -21.93359435
  10.01288416   4.12573972  -4.38757852  16.04090642   8.51873002
 -25.37628973   7.04138089  -6.05987131   5.34604109  13.06466169
 -13.90772654  -9.05944094  24.16976733  -6.08046587  -1.18790563
   5.71689344  17.2165346   -7.63216873 -11.22944066  18.89518308
 -12.34293342  24.16193672   7.69393423  29.95408776   0.31823442
 -16.16893782  -0.24278825  12.0447847  -11.67012816 -10.84082736
  12.76291804  -7.62413601 -20.03422666  -5.89476037  21.29216063
  10.73740149   8.2650952  -23.22470975  -0.65381295 -15.89332658
   2.18496207  -7.34427204  14.604732     6.69176359  -1.31128731
  -5.69116227  17.32578234  28.36888884  17.36531109 -13.40980371
  38.50588126   1.49375224  27.2090783  -13.89715879   9.46576434
   4.00308984   9.61693677   8.00037122 -23.28425526  15.49839043
   8.56743722 -17.10899877  -4.43331098  10.64582026   7.44222766
   1.71533216  -2.42517711   2.76967378  19.3959727  -19.37551448
  -0.81196887  -6.42862539 -22.57608366  -2.85798952  -4.45296725
 -13.59923755  -5.09537819  -4.36356637  -5.32069447  15.08596055
   7.60997394 -24.3076936   16.15116187  -3.86271609  -7.25275557
  13.579799   -35.01600959 -10.93841048   0.25187246  12.51618448
 -32.29716378   2.5553389   14.05232083 -10.31432497 -28.72061242
  18.49380058   2.2448147  -13.76905643  17.53101725 -26.25072383
  -5.05286446   2.75888592   7.01982559  18.30318502  -2.32379975
 -20.19516778 -19.28580206  -8.76278783   6.78269896 -13.97193267
   2.25676224  12.71988196   3.56479247   3.37305875  -6.27398793
 -10.3918629   -8.60275918 -13.68783697  -1.28216972  18.12836047
  -6.06533075  -8.78284782 -25.60123291  -3.64964275  -3.26270107
   6.72942175  -1.93073921  -0.83633388  -7.50518752  -9.00604601
  -2.94936788  10.1920291   18.23569671  17.79621846 -17.56822807
  -1.55518482   4.55391865 -19.32867627 -30.62459586  -3.52918685]