[ -5.11520762   6.28989509 -10.59183662  -2.53791558  14.89284153
  -7.51895453 -28.34430467  -8.36238097  22.84519165  -4.78363928
  -7.47098044   8.4879757    3.32499473  10.66606419 -29.92770673
   4.87946061  25.70122138 -40.29980337 -27.58881693  24.29147025
   3.34165815  17.3610906   53.63339419  18.19967123 -10.19841783
  14.30196725 -24.43626717 -25.07688185   3.22668131  -8.20902937
  20.55484817 -20.51229407 -20.18327355  -2.08165651   1.10120881
  14.41030441   1.33754498   6.04090178  22.09359534  12.23607091
   5.54427834   8.78641789 -10.09414649  -6.66580165 -14.72790725
  10.69270687   8.96200418  44.04237219 -15.11965778   5.80966764
   9.18816286 -26.93642386  -1.90943908 -28.52044974 -26.96799279
 -39.15177401 -11.42874169  11.99448978   7.42245213  11.03248906
   1.74175213 -15.773859   -14.56016274  18.02038825 -42.56829204
   6.12341713  14.32140693  13.44095708 -22.41856296 -15.54590197
   2.85476855  22.3667674   19.19809304 -29.49931907  -5.46388028
  27.29750478 -31.87724073  -2.33922293   7.4021252    7.33170266
  21.25479243   4.594497    10.39507406 -43.19780446  14.54809726
 -11.00341561 -10.94848371  -1.47080459  -1.0404249   -8.68948284
   9.53872876  13.07319394   7.69163378  13.384385     9.94818732
  -0.06906043  20.83660839  -0.34952402  33.10084958  -9.53630403
 -10.96470404 -23.63598226 -31.78708977 -14.40986162  11.4672722
 -33.94001344 -15.92824367  12.59718224  11.22708918 -24.66346386
 -38.86120423  24.33455047  21.46532584 -24.98912905  11.65679022
 -19.89798581  26.71650867  18.67191824   0.35560031  14.69918672
 -19.3385945    8.91274362  -5.7780444   23.89961929   5.71054798
 -35.90815751 -21.58532998   3.31201875 -19.89759556   1.98014914
   0.57941638 -13.17479842  16.39960999  48.02910893  -0.69217581
  21.67833328  -0.39473043 -13.23681943  13.74214234   4.44761084
  22.71013644  -2.83245132  -7.55011712  -8.00941825  13.46736023
   5.31333102  11.7302361   -1.69648188  12.18903818  27.17365695
   2.94911619   1.06676051  22.06437005 -22.85637983   7.39884684
  11.13292974 -17.31085321  -0.10082089  -0.84537202 -24.3331282
   9.30861913   2.67648197  -8.98274908  17.21794893  13.52836727
 -38.79855401   6.81793879  -3.87838168   5.56351018  17.03458323
 -16.24974623 -13.58082531  32.86095954  -3.06688774   6.36786038
   6.89432801  24.2336049  -15.37075097 -15.11686263  22.89272831
 -14.0587781   30.17631055   8.94239552  40.1965398    2.18267667
 -14.93983475   0.21502986  11.66029011 -10.35547698 -13.48335697
  14.43504306  -7.09999631 -25.81617878  -2.78737872  26.40051411
  12.74306242   6.3568819  -35.1113304   -0.56752387 -17.90676994
   2.41359926  -4.51658742  21.20837738   5.43190444   6.30505714
  -9.4133456   22.65417006  35.63879386  21.01663025 -13.74808462
  52.79303089   3.23249539  30.88151225 -18.73349869  13.76232691
   2.14169066  13.5594007   13.92093103 -32.3101983   17.35331934
  15.00966722 -22.47109677  -8.26114521  13.02234663   7.33939566
  -3.05102546  -7.32410133   3.5093772   26.55581048 -24.00035573
  -3.16892733 -10.66093449 -32.25459609  -5.14774547  -6.80744435
 -21.13453351  -6.1292369   -6.45182888  -8.25397289  23.05905935
  14.49153461 -27.12230986  18.46623013  -7.3910046   -7.8428798
  17.42255006 -44.01011221 -14.10086912   0.71694757  14.62207576
 -45.72692399   5.77305387  14.32554576  -9.80825973 -39.6533601
  20.17014818   6.95399702 -18.44460728  23.59867597 -34.29101767
  -1.99069046   2.90152845   5.57784077  23.01819989  -3.19960286
 -26.04835594 -23.3045307   -8.69338942   4.43183829 -17.53213427
   0.537633    19.01712109  -1.12352633   0.16025507  -5.57018115
 -11.81783339 -12.57511744 -12.92657025  -1.14351055  20.51669309
 -14.76864607 -12.62175039 -32.70870689  -8.18473681  -6.83350361
  11.563773    -5.63360527  -0.70349219 -12.86140463  -9.11806111
  -2.69957021  14.4599091   22.85313707  21.920413   -22.17715217
  -2.80723965   6.40183744 -23.6758688  -39.17816221  -5.86182141]