[ -4.75412529  14.06080947 -13.08076195   5.62452753  22.00696656
 -10.70286567 -53.29666299 -12.43226433  39.57261779   0.2510502
 -19.81481099  10.30313072   1.55809862  16.27691048 -52.20561058
  16.20924123  42.68792165 -70.49826957 -49.3880175   46.91946045
   3.575564    27.0055983   95.36266085  33.43687955 -19.57079121
  24.32314225 -38.79815899 -45.61748517   4.32031474 -12.30573634
  42.99155772 -42.48608299 -33.50869267 -11.94901487   6.28272457
  25.10139993   0.99176461  12.8411418   36.85544417  22.51335519
   6.47646749  12.25854317 -22.49422487  -5.51004289 -28.25238444
  18.84824982  14.72212981  76.1951756  -27.85601544  12.06929989
  16.90706322 -39.90240427  -9.76297159 -45.82650905 -43.84215512
 -63.43659537 -26.40890991  19.37967816  13.79268429  19.64359489
   3.80122722 -36.27340954 -22.98914214  33.36073335 -72.85158182
   6.89949562  28.03427676  23.6854795  -36.36401142 -25.98133937
   5.0464466   37.62181524  37.37438147 -47.13998926  -7.19675894
  47.90031786 -53.28855579   4.14524343  15.37215286  17.1560518
  35.68525734  10.11888712   6.58546902 -78.66075693  26.92900609
 -23.53048633 -18.91802754   3.35821878  -1.31987056 -17.62729414
  15.73816359  18.54620282   9.66644975  24.31909452  14.29291796
  -2.90150149  36.27916039   1.48466506  54.48187852 -16.29074027
 -18.34822625 -43.02638171 -55.21900477 -31.78683814  19.61420639
 -55.6474954  -22.33584118  19.09204591  18.83916288 -44.19116693
 -71.19149609  41.67807321  33.72021769 -38.67011047  18.7189396
 -35.44486544  50.30709674  31.80618195  -1.28925049  22.11766276
 -37.37051693  17.20594924  -8.92161448  45.63148344   5.00379098
 -53.0711082  -42.69022407   7.36907679 -35.21930333   7.17910703
   3.90254794 -20.0907201   33.29737609  82.34082735  -4.30043264
  37.82999822   8.03692113 -18.718562    24.14646066   7.22133039
  35.54480671  -3.89350698  -5.97416859  -9.0057953   21.77742268
   9.13327087  17.12120466  -6.40271792  17.84044984  51.40705491
   9.14126559   2.70189078  40.44136843 -34.48295365   8.01825835
  20.88735184 -30.16141115  -0.15422797   0.34911785 -41.31793399
  15.75125518  -0.46258453 -18.06375742  25.06980025  17.07729036
 -71.29644764  11.57344579  -8.40888929  10.03474485  22.18009458
 -25.571007   -24.96690623  53.79465142 -11.33965271   6.45519282
   7.95664221  37.86703716 -29.47478136 -29.8852381   41.87977047
 -26.81148699  57.84199958  14.98487738  67.65256157   6.63169032
 -29.60679101  -0.74520007  15.76570278 -16.35776754 -23.08244942
  22.59937309 -10.19947325 -40.91413404  -6.88354452  45.991055
  20.78870645   8.80003913 -59.89519526  -1.05644066 -31.72697336
   7.40682487  -7.23201991  35.15280575  16.22992773  13.87651363
 -16.23430253  40.74635554  63.77422077  42.13419684 -20.52851928
  89.0727604    7.96376553  51.94027421 -40.33795688  18.74885681
   4.25296     15.49293363  28.38715534 -56.21434443  34.46881546
  18.01588705 -41.36917453 -13.20530993  25.2690508   12.02620712
  -4.4908307  -14.95673863   6.48104328  47.23707609 -39.39996998
  -3.28970512 -18.20376223 -54.78186243 -16.75094128  -6.25202798
 -32.28487091  -6.92259796 -12.61078752 -11.97634314  39.55691298
  25.40696617 -43.29694789  33.03465158 -13.02422097 -20.25364679
  28.32645716 -80.17038112 -30.05248268   7.46499584  22.70297549
 -79.76095233   7.82571728  21.60722213 -16.80025774 -69.76636198
  40.08037257  13.65821523 -36.99293651  40.70204569 -57.94952388
  -5.98733017   5.21100542  16.39112456  39.52133552  -3.14909193
 -52.75136976 -41.8311155  -12.91958946   5.7993458  -30.92086441
   0.92964215  30.87913519   4.16122555   4.30360027 -10.14451301
 -24.95963134 -20.62436744 -23.56708456   0.79564087  32.99501884
 -25.61677538 -23.32508755 -62.50033603  -9.72760617 -14.02030778
  17.56028287 -13.50302352  -0.50554481 -24.8398145  -15.0230444
  -6.12853343  29.20153386  44.75417508  41.24166357 -37.76605702
  -3.86233353   5.88353065 -37.24620982 -67.59415533  -7.58310558]