[ -6.12322418  10.18845569  -7.58019796  -8.12461912  20.60010443
  -7.05168209 -30.81127322  -6.17083214  21.64853974  -6.94592045
  -4.7066625   11.76483581   5.18903107  16.48397996 -35.4647071
   9.01472495  25.95737324 -47.57157689 -33.85266624  25.83732613
  -0.17189074  11.85831129  60.63967859  22.04905887 -10.62457358
  13.78229645 -34.54706259 -25.89371468   2.71972954  -8.945133
  14.26708125 -22.8339765  -21.64733373  -1.21717603   0.29760546
  13.1220041   -1.48328165   7.62412675  23.17032108  16.00860281
   9.39686707  12.7932122   -7.97798321  -9.42323072 -11.69726248
   8.99871628  14.71504942  51.81149949 -16.62554361   5.27138063
   6.41343129 -29.77928865  -1.02905058 -29.41896754 -30.61170851
 -43.83653228 -11.36480866  14.43722772   4.62398306  11.10604146
  -1.19294884 -12.2749706  -12.41314973  18.28953279 -44.79834999
   3.93371652  12.54060597  13.49352867 -29.05448352 -23.79465449
   6.96461201  26.53152845  19.2544068  -35.90469114  -4.74857844
  29.45116564 -35.03436411  -2.06483882  12.80713767   9.17479912
  24.52758624   8.01291893  11.75420482 -50.42770486  18.53236052
 -10.7838677   -6.26190718   2.04921242  -2.82861315  -6.9275459
  12.7709713   12.17344524   8.32345046  12.78409307   7.35376144
  -4.65052212  21.95068664  -4.56534119  35.7864433  -11.3156751
  -4.819387   -24.54496552 -35.31411624  -7.77456567  10.03380166
 -39.47461992 -22.82992808  13.44838458   9.65894657 -30.65895133
 -37.29112561  28.7536886   19.65719339 -29.80114377  13.83154834
 -22.2490312   26.52324587  18.94413574   2.86190368  15.22574777
 -20.14279447  13.26604736  -2.83880869  26.0600478    4.36442967
 -38.24985308 -22.67348742   5.23924988 -19.77962335   4.65327672
   0.93285455 -14.51866955  15.89136279  51.61730095   5.34735588
  20.23997501  -8.07620552 -14.42823349  12.50874987   5.3835506
  23.44482163  -3.75691133  -5.23235445  -7.97559879  13.15730528
   0.7550592   12.30433271  -0.82175689  11.81121254  30.46883928
   0.94853268   1.8301467   18.61461623 -23.02907138   8.37864535
  12.27058732 -18.25352031   2.5359717    0.60811747 -30.48488001
  14.89274648   4.51039019  -6.88831557  20.63715615  14.62636779
 -39.11965707   8.90766253  -6.32369932   5.98337258  20.43860329
 -16.78368384 -12.23136538  36.16239459  -7.13448122   3.50732572
   6.04804835  25.16638617 -13.9900456  -15.44593644  26.81822127
 -15.92926142  34.89435061  12.93338538  45.39850781  -2.80856718
 -22.36600993  -1.84589477  16.47877729 -14.37830746 -13.77401915
  20.31304405  -9.90700145 -29.75412147  -7.42066015  29.36772843
  16.16312991  11.47978918 -34.25865663   1.24049414 -18.95883317
   4.07905197  -7.97280954  23.18439241   9.42557873  -0.1218846
  -6.17568779  22.43423057  39.75574547  21.88104111 -17.99549814
  58.09114452   0.99807871  36.24952241 -20.13794507  15.06751059
   0.44981968  17.11365775  11.33346824 -36.30201484  22.21132888
  12.9479555  -26.59765796  -9.21905997  15.93703494  10.27979333
   0.9948838   -4.5923829    3.03661238  28.71617382 -24.84352374
  -4.46725918  -7.5601654  -32.9101021   -2.77126865  -3.91426511
 -23.99450574  -7.51584238  -6.5401241   -7.52006825  21.29573041
  12.55932797 -34.6548143   21.15514977  -3.33423668  -7.08724873
  21.0959154  -48.15849809 -14.91291045  -1.05347719  20.88905103
 -47.72384892   3.59973297  19.65839206 -14.12363883 -42.58409308
  23.92661244   4.71210742 -18.63959248  25.98754559 -37.62686998
  -5.86743717   1.88801967   8.7129892   27.55726968  -3.58477006
 -31.8505593  -28.93614762 -15.92652392   7.07253629 -17.51420292
   1.17419122  18.39704972   2.02644446   3.03138582  -9.24595493
 -15.14910572 -10.07137845 -16.35324152  -2.43221983  26.32207195
 -10.3945109  -11.58987187 -36.04663766  -7.22482703  -5.95390746
  10.35531124  -5.47356341   1.8198852  -12.42330747 -10.74899462
  -3.65194359  13.05668437  22.06642908  27.55375795 -28.70676204
  -3.87819992   8.9652977  -29.03977177 -40.53895349  -6.64274359]