[-6.54796476e+00  5.98152869e+00 -3.01460292e+00 -2.74461242e+00
  1.77090416e+01 -6.55548311e+00 -3.72455357e+01 -8.59541096e+00
  2.72243597e+01 -1.58267466e+00 -7.99015189e+00  9.97646821e+00
 -8.90626822e+00  1.60727007e+01 -3.90491155e+01  1.35209401e+01
  2.22985482e+01 -4.86871510e+01 -3.44608652e+01  3.12896805e+01
 -1.42418751e-02  1.03558071e+01  6.37921726e+01  2.31504046e+01
 -1.31997914e+01  1.06090460e+01 -3.34327671e+01 -3.25518442e+01
  1.27290293e+00 -5.33878849e+00  2.17551556e+01 -2.60406803e+01
 -1.53221634e+01 -4.63127705e+00 -6.64223143e-01  1.27257349e+01
 -1.41183266e+00  9.36649046e+00  2.69950613e+01  2.20300046e+01
  8.86626671e+00  1.15887758e+01 -9.71204108e+00 -7.95874715e+00
 -2.12286762e+01  1.17517342e+01  2.05120920e+01  5.12260996e+01
 -2.02560122e+01  6.54828667e+00  6.47137354e+00 -2.64973064e+01
 -4.81195351e+00 -3.01122242e+01 -2.93659888e+01 -4.13672656e+01
 -1.22770240e+01  1.37965657e+01  3.20659177e+00  1.04047133e+01
  9.89735735e-01 -2.13732050e+01 -1.18069322e+01  1.87428028e+01
 -4.31693875e+01  9.99009381e-01  1.34632782e+01  8.88239263e+00
 -2.88185981e+01 -2.29775967e+01  9.33663888e+00  2.61452944e+01
  1.95270353e+01 -3.41539505e+01 -1.30822863e+00  3.16923174e+01
 -3.39027760e+01  3.86926708e+00  1.53536412e+01  1.27669606e+01
  2.46668331e+01  6.76367840e+00  4.35706630e+00 -5.68399439e+01
  1.99040451e+01 -1.32492567e+01 -9.19013290e+00  3.58153978e+00
  7.91937028e-01 -1.00965412e+01  1.38851589e+01  1.11560365e+01
  8.13024399e+00  1.88208587e+01  7.73018782e+00 -7.40399183e+00
  2.21524655e+01 -1.38790313e+00  3.00333676e+01 -6.99910691e+00
 -3.56230033e+00 -2.66066384e+01 -3.58828610e+01 -1.63081973e+01
  1.16491057e+01 -3.88860958e+01 -2.16165954e+01  1.24497697e+01
  8.24865563e+00 -2.94770152e+01 -4.00613518e+01  2.51370786e+01
  1.95376691e+01 -2.64798949e+01  1.28290726e+01 -2.39381037e+01
  2.53516954e+01  1.71700540e+01 -1.31981102e+00  1.50590840e+01
 -2.47146057e+01  1.15360467e+01 -3.36453425e+00  2.71365603e+01
  1.76365129e-01 -3.41963409e+01 -2.91962987e+01  3.88134675e+00
 -1.83792373e+01  5.88409973e+00  3.74344334e+00 -1.16155635e+01
  2.18763917e+01  5.64059069e+01  2.87358558e+00  2.05189283e+01
 -2.09311241e+00 -1.42832817e+01  1.94725442e+01  4.87874061e+00
  2.50144276e+01 -3.39064784e+00 -3.15148773e+00 -1.17437942e+00
  1.72999529e+01  4.42093871e+00  1.03032735e+01 -2.15701132e+00
  1.08538732e+01  3.33952985e+01  3.14974408e+00  4.76010774e+00
  1.89117363e+01 -2.41038069e+01  1.39510514e+00  1.59511871e+01
 -2.17449235e+01 -1.13918587e+00  3.31087604e+00 -2.84450532e+01
  1.29268020e+01  6.85362713e+00 -9.78440459e+00  2.03423411e+01
  1.06178074e+01 -3.75663890e+01  9.51134816e+00 -9.47697074e+00
  9.26385944e+00  1.85177665e+01 -2.05607427e+01 -1.44794093e+01
  3.86542395e+01 -1.19444720e+01 -1.93779176e+00  1.00191388e+01
  2.31149890e+01 -1.52958249e+01 -2.14650067e+01  3.02625089e+01
 -1.99293254e+01  3.75042417e+01  7.76454073e+00  4.38632380e+01
  5.44588088e+00 -2.35756174e+01 -1.96068874e+00  1.44869668e+01
 -1.76471723e+01 -1.27063230e+01  1.54480816e+01 -1.04987166e+01
 -2.78496798e+01 -8.87902368e+00  2.81278925e+01  1.40092902e+01
  7.42151831e+00 -3.63973453e+01 -3.82782480e+00 -2.09922384e+01
  7.86960326e+00 -1.03837464e+01  1.98900917e+01  1.06396567e+01
 -2.72739390e+00 -8.20214292e+00  2.78409054e+01  4.26555202e+01
  2.69050545e+01 -1.71766354e+01  5.57938014e+01 -8.14824095e-02
  3.76419893e+01 -2.06740078e+01  1.04004020e+01  3.30150312e+00
  1.10600946e+01  1.30711923e+01 -3.21871289e+01  2.57793639e+01
  1.08689575e+01 -2.68761268e+01 -7.65964004e+00  1.60433680e+01
  1.27395618e+01 -7.87590372e-01 -5.13476387e+00  5.89725076e+00
  3.14101885e+01 -2.91205879e+01  1.13138210e+00 -5.22190607e+00
 -3.38071630e+01 -9.44638539e+00 -4.62672193e+00 -2.04143412e+01
 -8.31387486e+00 -8.83929528e+00 -4.14838718e+00  2.07402365e+01
  1.40526226e+01 -3.14344107e+01  2.42869200e+01 -7.31181801e+00
 -1.16024083e+01  2.14667761e+01 -5.43879345e+01 -2.04700788e+01
  2.85301111e+00  1.32764255e+01 -5.19876807e+01  2.07460717e+00
  1.64996541e+01 -1.28830562e+01 -4.34024443e+01  2.57992328e+01
  3.54951736e+00 -2.29342907e+01  2.52906108e+01 -3.68195572e+01
 -1.04671102e+01  5.72032163e+00  1.38720242e+01  2.81240796e+01
 -3.41403436e+00 -3.44626106e+01 -3.22495196e+01 -9.88551380e+00
  9.80217993e+00 -2.18978778e+01  1.48899389e+00  1.67987760e+01
  3.75869897e+00  4.66114489e+00 -1.03873415e+01 -1.42644146e+01
 -9.39211032e+00 -1.96715260e+01 -1.42567959e+00  2.50063956e+01
 -1.39553167e+01 -1.38536513e+01 -4.29787457e+01 -7.45693627e+00
 -2.29335461e+00  8.20268733e+00 -3.69299633e+00 -1.90147559e+00
 -1.42921017e+01 -1.32278212e+01 -4.79109258e+00  2.03050451e+01
  3.18164054e+01  2.47769578e+01 -2.72961513e+01 -5.76276471e-01
  4.16578566e+00 -2.77471167e+01 -4.51909947e+01 -6.69935726e+00]