[ -6.09483998  14.74056501  -9.19026948  -1.30423701  22.99103178
 -10.35402157 -38.88860232 -10.54629971  31.52464032 -10.30749632
  -6.59609708  12.3007621   13.46842837  16.20628458 -40.06876924
   4.33593446  39.33032386 -58.2694365  -35.15144813  40.34649506
   2.05547839  20.48232707  72.43975758  26.54466021 -12.82968506
  22.44667535 -35.40123956 -36.71541357   7.38136219 -15.00146393
  19.60563745 -30.81155436 -34.52482982  -9.47116898   8.42455108
  14.49945885  -1.19807327   8.24564359  26.80818318  15.7428035
   7.94271278  11.16469337 -15.90989908 -13.17478206 -14.451231
  17.32122033   9.71745959  67.01152912 -18.713514     7.80696496
   9.62167414 -31.9288669   -1.78747064 -39.79959638 -40.65437646
 -52.02955032 -17.7782723   21.65147112   7.32398064  13.49279212
   3.07281554 -15.57361116 -25.0924762   19.26324136 -61.49134044
   2.78521877  19.65133075  23.23535501 -37.57450883 -22.251592
   4.59174728  26.44589005  30.34080224 -41.4165686   -5.73987911
  36.62941253 -54.46124133   1.17698971  12.37410417  13.52655474
  30.69253955   8.12161194  10.29316533 -57.88122403  18.61473608
 -14.99096523 -12.40867134   1.4374029   -5.03166355 -12.3081269
  12.01859811  20.80786551  12.91793158  12.79603772  10.65383681
  -0.54189706  33.97591356  -1.78747322  50.66665188 -20.78065328
 -16.41936063 -30.11116533 -46.00346819 -18.43845116  19.1761269
 -49.09598603 -26.64212797  16.61611033  16.50467526 -38.53515052
 -50.83359789  37.80981142  29.66298341 -35.49899849  22.83970647
 -22.15088413  40.88028667  26.25374011   5.4112199   22.39808809
 -23.32674187  13.97332359  -5.72440745  31.02743088   9.81088358
 -49.15519434 -29.96973262   9.65636043 -29.80632906   8.50553286
  -0.57000432 -15.82586748  20.07840525  67.03099604  -1.86714348
  30.69675067  -6.41429809 -17.64107943  20.11810643   6.58297451
  31.85329738   0.68095538  -8.52492876 -13.05179637  16.41155137
   2.52176788  20.03155846  -3.15144801  16.0136302   38.62606126
   0.52551747   1.62446209  25.25112619 -29.17695192  10.79795185
  18.35003187 -21.34460809   2.63998066  -2.51693288 -37.77342664
  14.01256852   3.29922413  -7.62190858  20.18513831  14.54751449
 -50.85107551  11.99107444  -5.78278719   7.28543486  21.85782109
 -22.68775001 -26.69583143  40.01240842  -6.22717088   7.54341651
   5.66346001  25.84737115 -18.43738366 -13.51185895  33.26704217
 -20.53842084  46.01445262  15.30499639  56.30640671  -6.74099359
 -30.24159446   2.92629903  14.61949843 -13.71796859 -18.07145855
  25.87562805  -7.34028168 -33.66477329  -7.34993225  37.65792368
  22.10686572  11.9733361  -50.13548487   7.5142244  -25.61687497
   1.93299584  -1.07839095  29.33673867   8.36621711   8.50458687
  -9.9010655   33.04823884  49.61795598  27.32501609 -18.41705227
  75.77590305   3.62736151  47.33761856 -29.99999978  18.86696467
   0.6182248   22.50280379  17.2960968  -44.60744364  20.33917124
  17.56715806 -32.39205912 -14.63466399  21.66949672   9.61657931
  -1.42533698 -13.21025083   2.12004802  40.81043634 -30.62025495
  -9.60934735 -17.76473293 -41.10614567  -6.16599964  -2.0389957
 -26.20682402  -3.99397789  -5.99505987 -10.21829553  37.14777846
  18.53859297 -43.57100941  23.87022161  -9.42070513 -10.92466245
  23.41013597 -63.73907913 -19.97352723  -3.38334909  21.66669889
 -58.12130402   7.4483595   21.54787016 -18.39518787 -54.12772768
  32.71456368  13.10854751 -30.73610013  33.3120502  -49.87606593
  -2.963356     1.42150314   7.00696567  30.27170266  -1.15097728
 -38.87293271 -27.94141644 -13.3939086   10.31898147 -24.52344963
   0.47273546  22.05716544   0.68746485   6.83794994  -6.73809167
 -25.03520452 -14.09081834 -16.47676479  -1.74629539  27.31849378
 -19.46346567 -16.72723228 -44.86881252  -8.46101767 -10.12597738
  13.83118326 -10.39174216   4.84493988 -20.45468539 -11.36153711
  -0.80260465  14.9599974   28.83246936  33.12836307 -28.1763486
  -4.49936044   7.48667472 -32.80527955 -55.56759674  -7.34155229]