[ -7.36378116  12.04376742  -7.63547169  -9.22588569  23.7632857
  -8.41089583 -34.32646898  -6.64420553  26.55158088  -8.92156825
  -5.2553515   13.79806982   6.64285861  18.51828588 -40.24754161
   7.34007733  31.4145366  -53.35587907 -37.25904595  31.31832334
  -0.1869625   13.03754818  68.11512169  25.29679261 -12.67682364
  15.19332635 -39.02653679 -30.46340119   4.05912081 -10.78564918
  15.78545215 -25.59153425 -25.95794506  -2.56958264   2.1470603
  13.00094873  -2.08196961   8.00170733  26.57623344  18.37573735
  10.19945214  15.15682913  -9.4447942  -12.11527472 -12.89702683
  11.05673123  16.27071978  59.85842461 -17.85834186   7.03951837
   7.09784415 -32.7409372    0.07752974 -33.34099951 -35.68684427
 -48.68841054 -14.22015571  17.33231026   5.20529841  12.40593513
  -0.7973415  -12.98847304 -16.31080148  18.85225475 -51.10688078
   3.07573618  14.34933304  15.45524418 -32.09693371 -25.98740587
   8.13156766  28.01367012  22.2249395  -40.03016391  -5.15205185
  33.08900609 -42.66002915  -1.9081446   14.75850135  10.48356221
  28.47363718   8.23167986  12.13755687 -56.05273701  19.58667545
 -12.76079882  -7.05398674   1.9545319   -3.99296025  -7.67303918
  15.01057127  14.49374922  11.13503938  14.04648576   7.50928047
  -4.94135023  26.84979487  -5.00563924  41.69779273 -14.81122021
  -6.60515631 -26.58143318 -39.50023431  -9.40812937  12.81841623
 -45.17806711 -26.45953391  15.17660138  11.32757423 -34.6799487
 -41.49757232  33.26821518  22.17905022 -33.74764208  16.82117978
 -25.62848911  30.88098457  22.93858639   3.87155214  18.36762551
 -21.9973612   14.36640904  -4.09208827  30.18255866   5.11016631
 -43.55910907 -25.77023008   5.41490191 -22.46252701   5.8643906
   0.9450743  -15.60083386  17.64819536  58.95708929   6.27804488
  23.35787089  -9.795505   -16.90278928  14.75341177   5.10373282
  27.09827051  -3.91702306  -6.6058274   -9.0563895   16.29440477
  -0.26312208  15.0723059   -0.09099745  13.1346511   35.78101716
  -0.22894871   2.78094278  20.89465932 -26.00500403   9.10717377
  13.99383901 -19.69254284   4.28532401   1.18781032 -35.36987927
  16.00659838   7.37938605  -7.98024606  21.58737516  16.09617819
 -42.73971856   9.52392777  -7.03679791   7.10694249  22.46800122
 -19.58640404 -15.89705572  40.10229393  -7.52963994   4.78740615
   6.23960494  27.07817201 -15.06192223 -15.91861174  30.99126829
 -18.22292138  39.63570162  14.10112398  50.82517694  -4.06274709
 -26.19055234  -0.66052139  17.82579089 -15.4433331  -15.30949879
  23.02278154 -11.64674191 -33.33976472  -7.79982417  32.89671275
  17.98111449  12.71067971 -39.15545888   2.40725685 -21.15169628
   3.906774    -7.12533439  24.84713814   8.62958037  -0.28641175
  -7.06537122  26.24960437  44.84886348  23.89747591 -20.92304168
  66.26498166   0.24071844  42.87278413 -22.88121155  17.00208435
   0.76245743  19.74360334  12.90083517 -39.79644195  22.67409091
  13.57538022 -29.35613478 -11.5882704   18.57139615  11.1186499
   0.49022336  -5.56341901   2.12367156  32.81463449 -29.16063927
  -6.61286585  -9.46929383 -37.09897364  -4.3020144   -3.60431244
 -25.25699409  -7.68492226  -7.00828158  -8.70058655  25.09008481
  13.63891549 -40.02754576  23.74045074  -4.84670585  -7.99252448
  24.37190381 -56.09575877 -16.39407279  -2.62237455  22.33898549
 -54.26355395   3.50162977  21.88416988 -17.24189566 -49.21035447
  27.13796752   6.16521117 -21.83797963  29.85217821 -42.54346866
  -6.51242373   2.73257185   8.79438131  30.69401494  -3.75356793
 -35.70372568 -31.36019392 -16.80823126   8.17578425 -20.44093031
   0.41184139  19.24010678   1.13685547   5.40703526  -9.95478317
 -18.86171019 -11.22890765 -18.66927281  -2.10619913  29.31691806
 -11.75491756 -14.12788812 -40.94192094  -8.97578144  -8.07205526
  11.82999071  -5.83701629   2.40341525 -13.90276367 -11.98948268
  -2.73602998  14.49540989  25.62654059  30.15259075 -32.19873161
  -4.02786795   9.79917297 -33.17945308 -46.43403742  -8.15291964]