[ -8.4017729   11.74083277 -11.28112371  -7.28083913  25.08788581
 -13.25078627 -47.24532366 -11.19972966  36.51120532  -4.53767942
 -11.51519671  15.20299676  -2.22578381  22.05037462 -55.75752957
  14.52207999  39.9648778  -67.06331511 -49.46780845  45.15667547
   1.36788533  19.97787573  92.85785167  30.61741224 -16.70869708
  21.43100239 -45.50483703 -43.10861588   5.30256077 -11.03105021
  29.70184326 -35.6354925  -28.9939231   -3.69838858   1.16293815
  22.55173708  -2.02001648   8.94102467  38.52252068  24.25820069
  10.46975407  17.81380968 -14.08483565  -8.17612402 -26.45487722
  19.04416058  20.11909441  76.50267981 -27.36142108  11.04778586
  15.39937109 -38.45936213  -2.19561946 -42.86418669 -45.7856552
 -64.05621655 -20.31383105  20.58567556   7.95927531  15.91313474
   1.64638934 -28.29436051 -21.60234825  30.82594383 -70.22724533
   5.13433958  19.38798288  16.80501341 -37.42742306 -29.87233279
   9.43407509  36.05337879  31.51268735 -51.69404465  -2.53779984
  44.59358378 -50.02876558  -0.94294874  17.98209283  12.95088483
  35.74955849   7.3934042   11.7575593  -77.12120117  28.45649334
 -19.65213449 -11.08076307  -0.9827695   -2.17999214 -11.20598797
  18.45895829  15.36620093  14.41791035  24.21729699  11.35321439
  -5.2053813   33.78116343  -0.26981497  52.27626907 -13.71769784
 -10.67872601 -34.86977783 -49.24275255 -20.15208086  20.85375429
 -55.14332592 -27.77511435  19.98593383  16.20902594 -41.40406781
 -59.8229722   37.01589116  27.22123881 -40.82580468  13.66611886
 -35.16295967  42.47717745  26.76515814  -0.81472842  21.12650292
 -32.97478887  17.18201837  -7.0554352   44.05858794   1.49101572
 -53.61263656 -35.91941497   6.70644962 -30.0898694    6.78059596
   4.75374684 -20.58900784  25.80979268  78.84479824   4.14470694
  33.29912243  -5.4919375  -22.74533996  20.31226142   5.97805369
  35.52269416  -7.40793176 -11.35277728 -11.01116443  21.97775407
   3.55330449  15.87812108   2.57226247  17.37548858  48.59023015
   5.43607797   5.34297282  35.56795507 -35.6881633    7.05526919
  19.73508281 -28.11804269   4.54263616   1.59782308 -42.78076086
  18.86944347   5.48607526 -14.61981705  27.53643704  21.06070754
 -61.06956426  12.0150235   -9.71657452   9.96328448  25.6221072
 -28.33890698 -22.21633326  52.10043357  -9.38223617   6.03450167
  11.96769388  38.82222162 -23.55848427 -24.21142121  39.37366418
 -25.07283691  51.44166842  15.09756678  64.46149655   4.6952495
 -27.44231332  -2.42185835  20.19265678 -21.09804019 -22.78787758
  23.18329123 -15.38888513 -42.69968198  -4.63479867  44.02975218
  18.60210762  13.72551263 -53.6896277   -2.75872131 -30.11076693
   5.78030986 -12.20168511  30.31510824  11.62027381   6.17221333
 -15.82696217  36.81884557  62.36311895  36.00237913 -25.24210099
  81.45290024   6.30809292  51.87234183 -32.590821    21.10888451
   6.67705718  17.05714796  21.83826777 -50.58929877  32.03827733
  19.29054165 -36.83512263  -9.42592226  22.37492516  13.65000751
   1.11633645  -7.99190597   8.19892268  40.69021949 -42.21956667
  -0.66692721 -16.16656021 -52.37080311  -9.82510979  -7.39009529
 -31.42439349  -9.3908897  -10.24978855 -12.63392894  33.0092441
  19.82997544 -45.57340209  35.05616876 -13.31638201 -15.906742
  29.88710774 -75.85965851 -23.98783566   2.76437947  22.65986498
 -75.35160132   6.43048362  26.90476444 -18.44682718 -65.35930092
  36.57178381   9.67972355 -30.40106305  37.41373909 -56.35044012
  -5.3933954    4.20586522  15.09429221  38.85048119  -5.31964807
 -46.88530951 -40.60601072 -14.82567533   7.71792412 -29.72056529
   2.70347113  27.55684451   2.3193226    5.10519307 -12.32731389
 -20.84819694 -19.62851005 -25.33546116  -1.42094442  34.41913725
 -18.68134512 -22.63964126 -54.98508447 -10.27206416  -9.41313406
  16.90975462  -6.51875388  -2.668029   -15.80413601 -17.74696606
  -4.35496418  25.97763794  41.39058306  37.43179818 -37.4195848
  -3.12123582   8.64797053 -40.61541846 -64.31229004 -10.73652368]