[ -3.06715961   4.31717722  -2.52683996  -4.22332302  10.05818925
  -3.75881691 -15.22747858  -2.22348536   9.70579221  -3.07165816
  -2.79721212   5.04562951  -1.45599431   8.82725924 -19.0734916
   6.6608762   13.40901708 -22.80136125 -17.21095696  13.89476555
  -2.06720487   2.36427607  31.3894482   11.14635689  -5.60166662
   5.72940829 -17.53806435 -13.02999858   0.23250347  -3.1637417
   6.18697115 -11.33434718  -8.01059538  -0.60297249  -0.51821884
   6.82113352  -1.51447333   4.21875088  11.6340685   10.28301811
   4.32611426   6.40733116  -3.33744699  -3.04831482  -5.58172321
   4.50076502   9.26321981  24.90684371  -7.6245165    3.22144893
   3.51226734 -12.92010706   0.9961452  -13.98915957 -14.43613776
 -20.3309708   -4.42693543   5.50100245   0.87956829   4.53411901
  -1.3254808   -6.34545542  -3.65234722   9.0517843  -20.70533769
   0.78311079   4.3640486    5.55225966 -13.64101362 -12.7382782
   4.66783319  12.9046596    8.77383916 -18.31045593  -1.48922747
  14.1719862  -16.16832705  -0.3524283    7.7080942    5.11767252
  12.84593537   4.34166922   4.58938001 -24.57428604  10.27776137
  -5.34442048  -2.47220441   1.49755445  -0.78433651  -1.46635225
   7.12356094   4.92337639   4.39575847   7.6446127    2.14216338
  -3.34806303   9.94535244  -1.87743992  15.16219005  -3.71017034
   1.27368496 -10.70985354 -17.02035424  -2.43638556   5.18177945
 -18.08481592 -11.37088177   6.29101529   3.26428838 -14.48504895
 -15.65989906  12.85639556   7.9478314  -14.6793424    5.66897813
 -12.19964151  10.81737053   8.16270763   0.41023201   5.78258432
 -10.19475329   6.65401764  -0.85603281  13.1478218    0.92003801
 -16.93515774 -10.90174993   3.35847374  -7.8599076    3.38877376
   2.44424541  -7.70919169   7.13763424  24.21168011   3.56731428
   9.50924102  -5.08344391  -7.02197503   6.13010767   2.048825
  11.04456595  -1.75643854  -2.22243616  -2.88745963   7.15853537
  -1.02504631   3.50893762   1.22180981   4.10125181  15.45177667
  -1.54422049   2.38474016   8.51480991 -11.59081314   2.7253527
   5.54014047  -8.92818741   0.9462053    1.38149669 -14.59147925
   7.58136432   2.67368232  -4.07030431   9.93192145   7.4422286
 -17.57641473   4.82182596  -3.33630574   3.46638035   9.45351133
  -7.81261246  -5.22672876  17.66397447  -5.20205652   1.49101456
   2.9832537   11.75575772  -6.06160615  -8.44635655  12.84231611
  -8.63962534  16.61227015   4.76479732  20.73580315   0.14565688
 -10.37227166  -2.68519562   8.23573391  -7.75856427  -6.89045714
   8.92929445  -6.07370309 -13.9173773   -3.18254806  14.44809878
   7.09524173   5.506754   -14.36374316  -0.58689175  -8.39891153
   2.62871212  -4.27533241  10.05958362   5.01680825  -2.23616872
  -2.90459009  10.8650521   19.91034232  12.06773224  -9.26684067
  25.69615592   0.24261205  16.92315189  -9.0212673    6.44788902
   1.74627544   7.38859775   4.09526349 -15.94397089  12.83769041
   4.60493127 -12.57408101  -2.26929965   7.18007064   6.52830648
   2.38415695  -0.39397432   2.57557797  13.30303045 -11.79715779
  -0.29341997  -0.93577201 -15.46029816  -1.4307301   -1.17621566
 -10.70143941  -5.28531611  -3.61623507  -3.04654276   9.54188335
   4.8664167  -15.99737876  10.5259488   -1.01422114  -2.97330188
  11.56907808 -22.75043937  -7.7999763    1.15701171  10.00872875
 -22.09943643   0.5641873    9.99375416  -6.86222562 -19.17713293
  10.6461302    1.25036983  -8.77729431  12.31085882 -16.6331429
  -5.07976768   0.39228854   5.42518838  12.90720393  -2.0048855
 -16.13138248 -15.56391034  -8.60513344   3.11656041  -9.20891772
   1.08543321   7.12476542   0.82774358   1.35802694  -4.38557967
  -6.70548415  -4.45914747  -8.61941873  -0.99929801  12.6939244
  -4.24161692  -5.71869575 -17.77700444  -3.10603999  -1.87337342
   3.48584475  -1.7795312    0.46437691  -5.21213476  -5.90786542
  -1.77696407   8.59471849  11.69330187  13.27958677 -14.34683603
  -1.6631055    3.7242746  -14.32607117 -19.62111311  -3.47853342]