[-5.96671714e+00  1.12572017e+01 -1.12573825e+01 -3.07021886e+00
  2.09434288e+01 -8.80108811e+00 -3.82788040e+01 -8.16243027e+00
  2.64829399e+01 -7.86231869e+00 -8.82932968e+00  1.12465130e+01
  3.34596519e+00  1.63308771e+01 -4.29645543e+01  1.06849077e+01
  3.50838178e+01 -5.44117294e+01 -3.78713440e+01  3.52233813e+01
  4.54143495e-01  1.60085975e+01  7.36634522e+01  2.58130618e+01
 -1.28970225e+01  1.76918884e+01 -3.65521555e+01 -3.49243698e+01
  2.82975539e+00 -1.03620677e+01  2.33457616e+01 -2.86182129e+01
 -2.66811903e+01 -5.28142926e+00  2.71798100e+00  1.74790210e+01
 -9.53534516e-01  8.85517264e+00  2.93529024e+01  1.90839823e+01
  7.60085869e+00  1.11585551e+01 -1.35234500e+01 -6.80014321e+00
 -1.78101177e+01  1.40102247e+01  1.27048803e+01  6.08277728e+01
 -2.01517750e+01  8.78281257e+00  1.20130428e+01 -3.25745227e+01
 -1.72782081e+00 -3.63630391e+01 -3.62984742e+01 -5.08211251e+01
 -1.43077979e+01  1.40706889e+01  6.75187277e+00  1.28418576e+01
  9.57901400e-01 -2.05715971e+01 -1.68192389e+01  2.37135922e+01
 -5.73060629e+01  4.57803632e+00  1.64097716e+01  1.61935810e+01
 -3.22587661e+01 -2.50077877e+01  6.02259987e+00  2.89305754e+01
  2.60348856e+01 -4.12159420e+01 -3.63856252e+00  3.59698334e+01
 -4.14690861e+01 -4.18653358e-02  1.27244944e+01  1.17851045e+01
  3.03438103e+01  8.38452036e+00  1.02866394e+01 -5.79940471e+01
  2.04455441e+01 -1.39968831e+01 -1.13746026e+01  2.53932318e+00
 -3.09721531e+00 -8.20543622e+00  1.33159291e+01  1.41823677e+01
  1.01147232e+01  1.67761157e+01  8.65830469e+00 -3.56045918e+00
  2.68539123e+01 -1.98879168e+00  4.42791183e+01 -1.35123629e+01
 -9.17023829e+00 -2.93143017e+01 -4.28559554e+01 -1.54324729e+01
  1.48041018e+01 -4.40848302e+01 -2.31134235e+01  1.55716367e+01
  1.18299931e+01 -3.49669607e+01 -4.95421747e+01  3.27416547e+01
  2.32267183e+01 -3.45150184e+01  1.36882068e+01 -2.66126946e+01
  3.55320406e+01  2.35110006e+01  4.58599837e-01  1.56389891e+01
 -2.66955870e+01  1.44247042e+01 -7.49218326e+00  3.35301156e+01
  5.69848360e+00 -4.32094660e+01 -2.97337922e+01  7.32030091e+00
 -2.50605358e+01  5.99789093e+00  2.45928680e+00 -1.62716519e+01
  2.12075349e+01  6.17048426e+01  2.66306866e+00  2.79641423e+01
 -2.88987915e+00 -1.62895801e+01  1.63101918e+01  4.66755658e+00
  2.87997201e+01 -3.12340342e+00 -8.14961697e+00 -1.04769347e+01
  1.58404599e+01  2.11105901e+00  1.28775795e+01 -4.93838367e-01
  1.31614005e+01  3.80918009e+01  3.49890459e+00  3.45882288e+00
  2.66883328e+01 -2.86806432e+01  8.03619696e+00  1.46783804e+01
 -2.13339619e+01  1.56455091e+00  1.04859230e+00 -3.44345380e+01
  1.61167390e+01  2.37584954e+00 -9.95182214e+00  2.03228454e+01
  1.70064770e+01 -5.05736485e+01  9.12693782e+00 -6.64539560e+00
  6.80204868e+00  2.18595525e+01 -2.07682223e+01 -1.83602664e+01
  4.19994440e+01 -8.14901227e+00  7.51342589e+00  7.56021138e+00
  2.99494064e+01 -1.94928106e+01 -1.85027744e+01  3.16009234e+01
 -1.94394515e+01  4.27784744e+01  1.37262291e+01  5.31091245e+01
  2.16008733e-01 -2.41156893e+01 -4.63886142e+00  1.57744695e+01
 -1.60283516e+01 -1.73592359e+01  2.06304705e+01 -1.07459043e+01
 -3.29618817e+01 -4.85286137e+00  3.51993624e+01  1.62370304e+01
  1.08906263e+01 -4.42745359e+01  8.10670351e-01 -2.13310349e+01
  4.37974575e+00 -7.25566946e+00  2.61092384e+01  1.18853601e+01
  6.25421931e+00 -9.97099148e+00  2.83394899e+01  4.87173364e+01
  2.79600092e+01 -1.80975354e+01  6.65648306e+01  2.73927282e+00
  3.93686180e+01 -2.70515442e+01  1.67947809e+01  1.37116019e+00
  1.75305998e+01  1.73555852e+01 -4.26637242e+01  2.64184589e+01
  1.56618347e+01 -3.13717223e+01 -9.41852260e+00  1.85742408e+01
  1.12436732e+01  1.35108051e+00 -7.93704491e+00  6.69294962e+00
  3.42593846e+01 -3.06512686e+01 -2.54633095e+00 -1.13130797e+01
 -4.01754981e+01 -6.56314059e+00 -3.20391757e+00 -2.84134356e+01
 -7.52048146e+00 -7.68510058e+00 -9.74287717e+00  2.92395658e+01
  1.65845974e+01 -3.73838373e+01  2.56477797e+01 -7.43000766e+00
 -1.04900780e+01  2.52182360e+01 -5.87339431e+01 -2.01291793e+01
  1.01903188e+00  2.10709284e+01 -5.96308666e+01  5.47154854e+00
  2.12815824e+01 -1.47263592e+01 -5.13139133e+01  2.82869066e+01
  9.18544196e+00 -2.46780690e+01  3.09746268e+01 -4.45137009e+01
 -5.00136739e+00  1.95552029e+00  1.06915750e+01  3.14632597e+01
 -3.54379621e+00 -3.94245525e+01 -3.31103493e+01 -1.51399459e+01
  6.22497271e+00 -2.24550898e+01  7.46097770e-01  2.23485084e+01
  1.72309903e+00  3.86167559e+00 -9.01116946e+00 -1.78294990e+01
 -1.37493616e+01 -1.79902352e+01 -1.70332274e+00  2.79787378e+01
 -1.64863622e+01 -1.75498985e+01 -4.54391595e+01 -8.98807789e+00
 -7.53764019e+00  1.23935428e+01 -7.83835436e+00  1.53291006e+00
 -1.48784171e+01 -1.25398226e+01 -3.63478796e+00  1.94442547e+01
  2.99896596e+01  3.16855456e+01 -3.28977740e+01 -4.68411334e+00
  7.62683179e+00 -3.28287620e+01 -5.08342373e+01 -8.67072000e+00]