[-5.30361936e+00  9.49717365e+00 -5.73156567e+00 -7.26196856e+00
  1.87376459e+01 -7.10388530e+00 -2.60368179e+01 -7.39832474e+00
  2.28592804e+01 -6.42368199e+00 -2.38445656e+00  1.24195126e+01
  4.84761309e+00  1.54908375e+01 -3.04991371e+01  6.48519755e+00
  2.32716470e+01 -4.09312630e+01 -2.67425843e+01  2.74176655e+01
 -2.74370639e-02  1.08255367e+01  5.08798297e+01  2.00812809e+01
 -8.83886731e+00  1.25811411e+01 -2.95905771e+01 -2.48228378e+01
  4.52121730e+00 -8.82551465e+00  1.12358660e+01 -2.03145946e+01
 -2.05755621e+01 -2.58391802e+00  2.36469282e+00  9.72858943e+00
 -2.53712598e+00  4.96286480e+00  2.07490468e+01  1.50008116e+01
  7.76002619e+00  1.14363592e+01 -7.42885373e+00 -9.35030233e+00
 -1.08642457e+01  9.40402593e+00  1.28469652e+01  4.61371530e+01
 -1.46238754e+01  5.16419066e+00  4.10555808e+00 -2.46159825e+01
 -5.16358679e-02 -2.66875028e+01 -2.87330196e+01 -3.85515073e+01
 -1.12374322e+01  1.43817116e+01  2.28105936e+00  8.57386650e+00
  1.31725472e+00 -1.11280619e+01 -1.50801866e+01  1.41716179e+01
 -4.06427654e+01  8.05419362e-01  1.14090046e+01  1.23281872e+01
 -2.65333550e+01 -1.83836621e+01  7.86032716e+00  2.02590631e+01
  1.80413048e+01 -2.89456571e+01 -8.99981244e-01  2.57568891e+01
 -3.38087841e+01 -1.78079392e+00  1.39318950e+01  9.80675688e+00
  2.14085532e+01  5.44104956e+00  9.56209799e+00 -4.52408666e+01
  1.42145349e+01 -1.00184284e+01 -4.73105192e+00  1.21345500e+00
 -2.95001086e+00 -5.98032951e+00  1.04975201e+01  1.22715098e+01
  8.81280424e+00  9.86999007e+00  7.46729731e+00 -4.80349899e+00
  2.24875878e+01 -4.79849334e+00  3.26426966e+01 -1.36123551e+01
 -6.82812675e+00 -1.98783442e+01 -3.11912300e+01 -8.17329545e+00
  1.17734803e+01 -3.52046635e+01 -2.08945451e+01  1.16785439e+01
  1.00647788e+01 -2.66688662e+01 -3.25354538e+01  2.45719435e+01
  1.63083579e+01 -2.55646772e+01  1.40086508e+01 -1.94853103e+01
  2.44999912e+01  1.72076514e+01  2.12399770e+00  1.50389876e+01
 -1.37369561e+01  1.01235070e+01 -3.69330254e+00  2.42346023e+01
  4.13462883e+00 -3.35383606e+01 -1.88995625e+01  4.70874314e+00
 -1.62237227e+01  4.90387541e+00  2.53402686e-01 -1.22129085e+01
  1.23818062e+01  4.60487794e+01  2.96608734e+00  1.79725490e+01
 -9.46660891e+00 -1.44531926e+01  1.50337375e+01  4.65318425e+00
  2.06609639e+01 -2.99122790e+00 -5.75377520e+00 -6.76110461e+00
  1.09985375e+01 -8.85878596e-02  1.30540825e+01 -1.43874384e+00
  1.12241546e+01  2.71561318e+01  1.21169528e+00  1.96135030e+00
  1.59674617e+01 -2.04006079e+01  4.84559848e+00  1.26367047e+01
 -1.38684799e+01  3.62548236e+00 -6.52314504e-01 -2.64284336e+01
  1.20642463e+01  6.19214455e+00 -5.74348584e+00  1.52953608e+01
  1.19955471e+01 -3.23224598e+01  8.38212001e+00 -6.45013607e+00
  5.72800172e+00  1.61480469e+01 -1.66000678e+01 -1.52319515e+01
  2.84779787e+01 -3.63749909e+00  4.45082345e+00  6.47161319e+00
  1.91427821e+01 -1.10205354e+01 -1.03429363e+01  2.58352995e+01
 -1.54420438e+01  3.12447779e+01  9.60800559e+00  3.88329313e+01
 -5.02520633e+00 -2.09430313e+01  1.15175311e+00  1.39351991e+01
 -1.18201438e+01 -1.14999906e+01  1.85021691e+01 -7.41553786e+00
 -2.62404108e+01 -7.08874353e+00  2.53718018e+01  1.42196650e+01
  1.02226899e+01 -3.18306855e+01  1.26456633e+00 -1.86924917e+01
  9.56169073e-01 -3.49575832e+00  1.83252343e+01  4.85512179e+00
  7.05689154e-01 -7.43122211e+00  2.18848121e+01  3.62964932e+01
  1.63187179e+01 -1.54188984e+01  5.04911195e+01 -3.19487786e-01
  3.31118078e+01 -1.72008193e+01  1.15996905e+01  1.24731469e+00
  1.55014736e+01  8.53399703e+00 -3.00046173e+01  1.63927648e+01
  1.11462616e+01 -2.16538247e+01 -9.00701797e+00  1.50004054e+01
  7.85581747e+00  1.10755977e-02 -6.01799772e+00  1.03722008e+00
  2.65143496e+01 -2.30106219e+01 -4.07662768e+00 -9.64856803e+00
 -2.91973878e+01 -3.71422291e+00 -2.75654346e+00 -1.87870500e+01
 -4.13834942e+00 -6.49116382e+00 -6.65175656e+00  2.06781063e+01
  1.12275774e+01 -3.10092169e+01  1.90092145e+01 -6.83794784e+00
 -7.15682102e+00  1.90039353e+01 -4.52125306e+01 -1.19605122e+01
 -3.69884279e+00  1.51284397e+01 -4.08685544e+01  4.04145923e+00
  1.80549406e+01 -1.36171206e+01 -3.79956584e+01  2.21506653e+01
  6.07321450e+00 -1.82659802e+01  2.27739340e+01 -3.41503048e+01
 -5.17090915e+00  2.39051033e-01  6.84023257e+00  2.31236128e+01
 -3.74449750e+00 -2.78675517e+01 -2.16300820e+01 -1.12120654e+01
  7.91313340e+00 -1.73726118e+01  2.12577249e+00  1.49000103e+01
  2.04953605e+00  6.69704904e+00 -8.76481374e+00 -1.51222267e+01
 -8.81749144e+00 -1.51847188e+01 -2.32303958e-01  2.33797125e+01
 -1.09606331e+01 -1.26637194e+01 -3.15722454e+01 -7.17893397e+00
 -2.56157980e+00  9.68394242e+00 -4.61258164e+00 -9.02997789e-02
 -1.21822837e+01 -9.88374344e+00 -1.77736395e+00  1.14588908e+01
  2.03964298e+01  2.27961271e+01 -2.29619122e+01 -1.48414586e+00
  6.72165725e+00 -2.62478120e+01 -3.75701961e+01 -6.52112928e+00]