[-4.80039303e+00  1.08203787e+01 -9.93453499e+00 -3.55164625e+00
  1.40347504e+01 -6.75453461e+00 -2.45583142e+01 -4.75649367e+00
  2.22466163e+01 -4.36162807e+00 -6.03579265e+00  1.20628332e+01
  7.83904004e+00  9.43000870e+00 -2.42292168e+01  2.08724666e+00
  2.48386124e+01 -3.47578116e+01 -2.37833553e+01  2.36734744e+01
  8.22586086e-01  1.46115974e+01  4.75582615e+01  1.72549778e+01
 -8.90263829e+00  1.38496153e+01 -2.43321214e+01 -2.19946491e+01
  3.20359222e+00 -8.36710246e+00  1.69579987e+01 -1.95742506e+01
 -2.39591829e+01 -2.30708118e+00  3.48133294e+00  8.74139572e+00
  1.79234963e+00  3.76899607e+00  1.98038840e+01  1.07015394e+01
  3.55978332e+00  1.02888074e+01 -9.70145989e+00 -7.26000079e+00
 -1.09011925e+01  1.03294692e+01  6.15059665e+00  4.13722800e+01
 -1.45684853e+01  6.20245661e+00  8.93656052e+00 -2.46231953e+01
 -1.86652117e+00 -2.57594629e+01 -2.70628585e+01 -3.52969054e+01
 -1.33426700e+01  1.01467763e+01  6.98969331e+00  9.41774742e+00
  5.04316175e-01 -1.09210814e+01 -1.70205561e+01  1.55055129e+01
 -4.24605342e+01  5.54061983e+00  1.56349200e+01  1.26427712e+01
 -2.01679824e+01 -1.44744936e+01  2.32217012e+00  1.80630691e+01
  1.87862207e+01 -2.58664085e+01 -6.69417866e-01  2.51735240e+01
 -3.04429955e+01 -1.11332999e+00  7.47036252e+00  9.38333401e+00
  1.86060430e+01  4.97501807e+00  9.23651102e+00 -3.74236009e+01
  1.16539726e+01 -9.79564095e+00 -7.50831085e+00 -7.59738497e-03
 -3.01883856e+00 -6.70548516e+00  8.96055057e+00  1.12769444e+01
  7.93309430e+00  7.79511249e+00  8.45155112e+00  5.03786004e-02
  2.15164490e+01 -1.89596446e+00  3.47973591e+01 -1.35129832e+01
 -9.57591663e+00 -2.15453058e+01 -2.89136905e+01 -1.05060482e+01
  1.00730753e+01 -3.43745453e+01 -1.68460807e+01  1.49251794e+01
  1.17188060e+01 -2.45887818e+01 -3.69761698e+01  2.52058582e+01
  1.63415847e+01 -2.35302373e+01  1.07446181e+01 -1.71782554e+01
  2.76102243e+01  1.95658221e+01 -6.94710071e-01  1.36831871e+01
 -1.48732819e+01  9.44174278e+00 -5.54315951e+00  2.44859986e+01
  6.12493385e+00 -3.16322415e+01 -1.71151003e+01  4.42436280e+00
 -1.94195188e+01  1.82505538e+00  9.58590039e-01 -1.02478970e+01
  1.47741379e+01  4.45342146e+01  2.19986579e+00  2.06880310e+01
  1.50540043e-02 -1.17075347e+01  1.30363680e+01  1.75513796e+00
  2.03600356e+01 -2.29661909e+00 -6.10163011e+00 -1.03809722e+01
  1.03737080e+01  3.20909384e+00  1.29024444e+01 -7.24887222e-01
  1.06044502e+01  2.45641618e+01  3.73314212e+00 -4.61906505e-01
  2.07532862e+01 -1.83098480e+01  8.34646287e+00  9.04200689e+00
 -1.24103201e+01  3.90586361e+00 -3.66107392e-01 -2.63761346e+01
  1.05035664e+01  1.06403454e+00 -5.28264621e+00  1.42013523e+01
  1.11986225e+01 -3.64074021e+01  4.49166624e+00 -3.73462202e+00
  3.18466978e+00  1.37892973e+01 -1.38757715e+01 -1.36951316e+01
  2.78647151e+01 -8.51492511e-01  6.37893008e+00  3.15414563e+00
  2.20154181e+01 -1.06915771e+01 -8.51800036e+00  2.37205192e+01
 -1.13504481e+01  2.91074271e+01  1.30014150e+01  3.76818206e+01
 -2.85822636e+00 -1.67441981e+01 -1.87054653e+00  1.17850342e+01
 -8.90877444e+00 -1.31881934e+01  1.52488435e+01 -6.23976812e+00
 -2.30345696e+01 -4.22149217e+00  2.53221898e+01  9.20049167e+00
  7.62643977e+00 -3.27571304e+01  4.47635209e+00 -1.52011972e+01
 -1.63113112e+00 -1.61432396e+00  1.77100597e+01  7.83002838e+00
  9.89226382e+00 -6.80215715e+00  1.92551279e+01  3.21161829e+01
  1.61459447e+01 -1.10274689e+01  4.87013656e+01  7.65244232e-01
  2.95228859e+01 -1.93241819e+01  1.15925705e+01 -1.22515850e-01
  1.30640098e+01  1.35840471e+01 -3.20869601e+01  1.39446815e+01
  1.27150124e+01 -2.15649306e+01 -8.79256642e+00  1.30094948e+01
  3.63639556e+00 -1.53803578e+00 -7.10646997e+00  1.31388223e+00
  2.15607096e+01 -2.41143802e+01 -5.44362304e+00 -1.37886825e+01
 -2.69251863e+01 -6.90628882e+00 -4.77404098e+00 -2.00598708e+01
 -2.85579610e+00 -5.75037554e+00 -1.04955550e+01  2.28491177e+01
  1.14859207e+01 -2.54247515e+01  1.61919437e+01 -3.95749877e+00
 -8.30752156e+00  1.59611632e+01 -4.10222738e+01 -1.13914001e+01
 -2.55796644e+00  1.40583794e+01 -4.14430560e+01  6.71732475e+00
  1.45202188e+01 -1.04714275e+01 -3.82375159e+01  2.04401569e+01
  8.57788551e+00 -1.62740027e+01  2.21415495e+01 -3.16431232e+01
  1.50137862e+00  3.11077391e+00  3.45491285e+00  2.22696704e+01
 -2.21841982e+00 -2.42151903e+01 -1.98840613e+01 -7.21343292e+00
  2.77642252e+00 -1.56077217e+01 -6.91105301e-01  2.01930887e+01
  3.12344263e+00  7.27449131e+00 -5.14684867e+00 -1.38121159e+01
 -1.03039898e+01 -1.43613721e+01  3.44013582e-01  2.14495656e+01
 -1.12068052e+01 -1.51307442e+01 -3.13532847e+01 -7.69204851e+00
 -7.46380557e+00  1.19286557e+01 -7.25283079e+00 -1.23744013e+00
 -1.18830054e+01 -6.60199187e+00 -2.25006300e+00  9.45141134e+00
  1.77852729e+01  2.15642032e+01 -2.40013496e+01 -3.81758223e+00
  6.61773733e+00 -2.18639926e+01 -3.52761972e+01 -4.27975893e+00]