[-5.23550484e-01  5.53460298e+00 -3.52272808e+00 -1.53931431e+00
  9.39388627e+00 -4.25478989e+00 -1.72529530e+01 -4.27984576e+00
  1.01719139e+01 -2.56612871e+00 -4.07282728e+00  4.04267383e+00
  5.66445312e+00  7.40016024e+00 -2.01717932e+01  5.34740404e+00
  1.46224494e+01 -2.74945734e+01 -1.81361554e+01  1.59166559e+01
  3.23712584e+00  9.08869827e+00  3.23415217e+01  1.00783701e+01
 -5.39472734e+00  9.32772496e+00 -1.64552576e+01 -1.47219101e+01
  2.16930761e+00 -5.77410955e+00  1.07747066e+01 -1.34333003e+01
 -1.34630211e+01 -2.93730802e+00  1.69276442e+00  9.61103090e+00
 -1.94533163e+00  4.58942939e+00  1.23684490e+01  5.32497242e+00
  4.79923997e+00  4.42264481e+00 -6.39884733e+00 -2.95150451e+00
 -8.42562056e+00  6.11155292e+00  3.01950459e+00  2.92085256e+01
 -9.92223915e+00  3.39725773e+00  5.47653067e+00 -1.37487081e+01
 -2.77038644e+00 -1.34058313e+01 -1.73432167e+01 -2.43292585e+01
 -8.75995585e+00  9.39811707e+00  4.14383512e+00  6.80626368e+00
  4.43589377e-01 -1.07134819e+01 -1.00900309e+01  1.19765614e+01
 -2.59560855e+01  1.68390828e+00  7.51421261e+00  7.78293512e+00
 -1.53386350e+01 -1.23057601e+01  2.29387553e+00  1.45860832e+01
  1.32176107e+01 -1.79430796e+01 -2.08304352e+00  1.60514364e+01
 -1.89951630e+01 -2.27797776e-01  5.69824986e+00  3.60001907e+00
  1.21281815e+01  4.14352348e+00  3.66628949e+00 -2.82526781e+01
  1.04273260e+01 -7.05471248e+00 -3.09448145e+00  1.55353344e+00
 -2.90506533e+00 -6.42688990e+00  5.07208061e+00  5.60634726e+00
  3.62483519e+00  5.63144559e+00  3.22991933e+00 -1.32243904e+00
  1.19353992e+01  2.95803508e-01  2.11816768e+01 -8.10398124e+00
 -7.54538940e+00 -1.41663052e+01 -1.85443568e+01 -8.74819458e+00
  7.17136824e+00 -1.82242437e+01 -9.62869508e+00  5.19714866e+00
  6.32788576e+00 -1.62362261e+01 -2.40485856e+01  1.56997522e+01
  1.03238755e+01 -1.51459713e+01  4.52740607e+00 -1.12753926e+01
  1.81430620e+01  1.02486358e+01  1.93319561e+00  6.80788472e+00
 -1.27412142e+01  7.93212904e+00 -2.80555406e+00  1.72693850e+01
 -1.63242981e-01 -1.92203365e+01 -1.49355865e+01  2.74572240e+00
 -1.27485033e+01  2.31087893e+00 -4.10675244e-01 -6.23013142e+00
  8.85264125e+00  2.81413601e+01  8.81436666e-01  1.14501687e+01
 -1.84221179e+00 -6.92584590e+00  4.03336086e+00  2.60934213e+00
  1.21146984e+01 -2.46858683e+00 -3.53133249e+00 -5.19375347e+00
  4.89446929e+00  1.82654466e-01  6.47262983e+00 -2.12577800e+00
  7.66764101e+00  1.93975332e+01  4.41218925e+00  1.01944683e+00
  1.29568917e+01 -1.17099094e+01  3.51855658e+00  7.44698457e+00
 -1.00650125e+01  2.29468064e+00 -5.53937375e-01 -1.56300649e+01
  7.58682539e+00 -4.96137049e-03 -4.52289899e+00  7.74006002e+00
  6.57306877e+00 -2.55530926e+01  3.51724960e+00 -3.87156419e+00
  2.79851212e+00  8.99154377e+00 -1.00243424e+01 -8.27139094e+00
  1.71261035e+01 -3.57293504e+00  2.39926336e+00  3.15776401e+00
  1.43772546e+01 -1.08174776e+01 -8.50948529e+00  1.26534780e+01
 -8.08335576e+00  2.11592921e+01  7.37174756e+00  2.39909892e+01
 -8.21610817e-01 -1.17847109e+01  5.81634985e-02  6.36807692e+00
 -6.02204237e+00 -8.59025716e+00  1.00266780e+01 -4.30788988e+00
 -1.53360254e+01 -1.54308919e+00  1.69987235e+01  9.32503223e+00
  6.47180155e+00 -2.13899599e+01 -3.01401842e-01 -1.21465738e+01
  2.08117478e+00 -5.38970941e+00  1.26326724e+01  5.85619247e+00
  4.46390447e+00 -5.47757303e+00  1.20555476e+01  2.22907075e+01
  1.29298686e+01 -8.29052806e+00  3.10232375e+01  3.66584488e+00
  1.80088215e+01 -1.54209654e+01  9.10544855e+00  6.66716852e-01
  7.59262691e+00  1.08532678e+01 -2.07092913e+01  1.01945480e+01
  6.26828849e+00 -1.37872634e+01 -5.33929367e+00  1.02704986e+01
  3.60992562e+00  4.03687028e-01 -5.69377017e+00  2.25693802e+00
  1.54306612e+01 -1.25876997e+01 -1.79908575e+00 -8.17301343e+00
 -1.88956049e+01 -1.85813852e+00 -3.48033936e-02 -1.21781844e+01
  1.21999224e-01 -1.82987515e+00 -4.51377182e+00  1.30539716e+01
  7.61244890e+00 -1.91545675e+01  1.30578338e+01 -6.05415855e+00
 -7.09684218e+00  9.43998670e+00 -2.74546783e+01 -9.34174469e+00
  6.56614271e-01  1.05732273e+01 -2.82112292e+01  2.54037698e+00
  1.01195638e+01 -6.97066880e+00 -2.44260879e+01  1.57281825e+01
  5.01821613e+00 -1.15756396e+01  1.40847043e+01 -2.23524780e+01
 -1.14401742e+00  8.96300921e-01  4.88514021e+00  1.38147502e+01
 -1.36166626e+00 -1.86986253e+01 -1.19275393e+01 -7.94011298e+00
  2.85510892e+00 -8.63498688e+00  1.13794174e+00  1.02997875e+01
  2.73714666e+00  8.18885259e-01 -4.72240221e+00 -9.75983477e+00
 -9.20271794e+00 -7.01563077e+00 -6.70974522e-01  1.18559195e+01
 -5.82151649e+00 -7.45184769e+00 -2.01146750e+01 -2.45370678e+00
 -6.94654917e+00  6.18335389e+00 -3.82728446e+00  2.29221203e+00
 -4.59406729e+00 -5.88882901e+00 -1.59973378e+00  7.02160230e+00
  1.44395522e+01  1.50378524e+01 -1.39019474e+01 -2.13826277e+00
  2.84674011e+00 -1.46039914e+01 -2.30081717e+01 -3.32449250e+00]