[-5.45735678e+00  1.10598403e+01 -9.40708003e+00 -8.40117848e+00
  1.77282255e+01 -8.78868825e+00 -2.65824758e+01 -5.70411910e+00
  2.26555569e+01 -6.67500425e+00 -4.21024005e+00  1.38687833e+01
  9.65020259e+00  1.27557533e+01 -2.78210966e+01  3.47756066e+00
  2.74832643e+01 -4.04302556e+01 -2.72516443e+01  2.63718739e+01
  3.31303702e-01  1.39397152e+01  5.23828206e+01  1.85201524e+01
 -9.28367799e+00  1.53558273e+01 -2.90750725e+01 -2.21411233e+01
  3.75771269e+00 -9.57146826e+00  1.35001475e+01 -2.03992797e+01
 -2.46307497e+01 -1.21453931e-01  2.43089790e+00  1.05359983e+01
  2.38271273e-01  4.76935337e+00  2.07488473e+01  1.15078234e+01
  6.23002673e+00  1.29123798e+01 -7.91124063e+00 -9.17074022e+00
 -9.53145433e+00  1.12842412e+01  9.40309069e+00  4.66192802e+01
 -1.55724515e+01  5.49533794e+00  8.78293945e+00 -2.75855912e+01
  7.67838574e-01 -2.75687736e+01 -3.15905229e+01 -3.96693329e+01
 -1.28262144e+01  1.33790838e+01  5.97004899e+00  1.00706097e+01
 -1.24960338e+00 -8.28740573e+00 -1.89681845e+01  1.64364731e+01
 -4.53199490e+01  5.82078915e+00  1.49008355e+01  1.45974204e+01
 -2.45995914e+01 -1.86352553e+01  4.28715043e+00  2.16176036e+01
  1.91219425e+01 -3.05470519e+01 -1.35432589e+00  2.69638415e+01
 -3.48956550e+01 -3.64962472e+00  1.00834647e+01  8.74202779e+00
  2.03934703e+01  5.73658791e+00  1.23591944e+01 -4.20451427e+01
  1.55742437e+01 -1.00116217e+01 -5.54690990e+00 -8.50546952e-01
 -3.42491734e+00 -6.16715691e+00  1.07785996e+01  1.33806659e+01
  9.53195221e+00  7.55471196e+00  8.74678685e+00  2.73498589e-01
  2.34564858e+01 -2.32303409e+00  3.66128483e+01 -1.47298036e+01
 -8.03498159e+00 -2.24145161e+01 -3.20336039e+01 -7.84582000e+00
  1.15808614e+01 -3.76989605e+01 -2.14456111e+01  1.66944272e+01
  1.25380024e+01 -2.69272042e+01 -3.58821377e+01  2.75304307e+01
  1.85632031e+01 -2.69460246e+01  1.24108046e+01 -1.89715917e+01
  2.63747523e+01  1.97019673e+01  6.50484613e-01  1.52214180e+01
 -1.39704464e+01  1.07019710e+01 -3.38903706e+00  2.63186686e+01
  6.04035491e+00 -3.64323324e+01 -1.67331923e+01  5.79340000e+00
 -2.00763320e+01  2.52837480e+00  1.30796876e+00 -1.33283870e+01
  1.29705501e+01  4.89630619e+01  3.84484756e+00  2.10809670e+01
 -7.23631494e+00 -1.38131298e+01  1.37310159e+01  2.91674202e+00
  2.29455287e+01 -2.57303391e+00 -7.42390761e+00 -1.17528341e+01
  1.07382475e+01  1.29497060e+00  1.37949854e+01  6.98265042e-02
  1.23311629e+01  2.63319271e+01  1.15546983e+00  4.68076742e-02
  2.00640289e+01 -2.07304267e+01  1.02893698e+01  9.86210792e+00
 -1.41125548e+01  4.66150276e+00 -1.07595047e+00 -2.96322889e+01
  1.16712302e+01  2.86562675e+00 -4.95471124e+00  1.73336085e+01
  1.40434112e+01 -3.77217185e+01  6.65655354e+00 -4.34976612e+00
  3.93876575e+00  1.69163693e+01 -1.55126789e+01 -1.37800763e+01
  3.00114987e+01 -1.04798757e+00  6.53475020e+00  4.17795189e+00
  2.45023748e+01 -9.83652121e+00 -9.05693647e+00  2.41500042e+01
 -1.31768755e+01  3.04544658e+01  1.34131718e+01  4.09134343e+01
 -4.74482434e+00 -1.80283305e+01 -1.01778628e+00  1.48591543e+01
 -1.03850143e+01 -1.53189112e+01  1.84148392e+01 -7.67378596e+00
 -2.61927523e+01 -4.89300921e+00  2.88662442e+01  1.28513900e+01
  1.03659043e+01 -3.33321220e+01  4.12677341e+00 -1.84230165e+01
 -2.56868027e+00 -2.90472252e+00  2.00198316e+01  6.99927627e+00
  6.73223461e+00 -7.09528962e+00  2.07845011e+01  3.53749838e+01
  1.85934387e+01 -1.43193833e+01  5.35120740e+01  8.54497310e-01
  3.39917834e+01 -1.93936704e+01  1.42099961e+01  1.93003924e+00
  1.67896909e+01  1.25612155e+01 -3.46094055e+01  1.48524237e+01
  1.39790746e+01 -2.26313516e+01 -8.97427401e+00  1.48911659e+01
  4.91166746e+00 -3.65316653e-01 -6.55105991e+00  5.79848110e-01
  2.40163945e+01 -2.42931210e+01 -5.78581574e+00 -1.38699184e+01
 -2.90830332e+01 -3.76341796e+00 -6.52694251e+00 -2.19202702e+01
 -4.36047821e+00 -6.02812525e+00 -1.13199228e+01  2.52461956e+01
  1.08961996e+01 -3.10255166e+01  1.80161534e+01 -3.65429717e+00
 -7.79473668e+00  1.81080964e+01 -4.31048364e+01 -1.08564514e+01
 -3.14975637e+00  1.83768385e+01 -4.26119850e+01  7.39660203e+00
  1.83080879e+01 -1.28546396e+01 -3.97876683e+01  2.18627097e+01
  6.86457490e+00 -1.68937162e+01  2.47023653e+01 -3.52052958e+01
 -8.05604350e-01  2.04323797e+00  2.46516478e+00  2.34271178e+01
 -3.50846868e+00 -2.48168597e+01 -2.07763958e+01 -1.11408799e+01
  4.28793791e+00 -1.75038346e+01  1.56745425e+00  2.14976572e+01
  2.33227060e+00  6.36827273e+00 -5.20211811e+00 -1.53149281e+01
 -1.24433690e+01 -1.57214568e+01 -1.61289564e-01  2.47101497e+01
 -1.00755779e+01 -1.47261942e+01 -3.17411055e+01 -7.13432078e+00
 -8.09312547e+00  1.14614004e+01 -6.01092619e+00 -8.13367899e-01
 -1.16443385e+01 -8.41951327e+00 -2.24819108e+00  1.01138198e+01
  1.89358037e+01  2.38841021e+01 -2.52392544e+01 -4.51689344e+00
  7.65629284e+00 -2.48204349e+01 -3.94873654e+01 -3.87731761e+00]