[ -3.29722742   7.18141605  -3.85152613  -4.22715134  12.63757696
  -5.76563284 -19.33741996  -4.18705209  14.31189237  -5.29467334
  -2.82313336   7.07834197   4.47568244   9.16694493 -22.32882213
   4.0914584   20.03809422 -31.42656302 -20.31858267  19.92917731
   0.38997315   8.15659285  39.55035446  12.65423256  -6.77616001
  11.09656953 -21.36190046 -17.36770317   2.32205518  -6.97145071
   8.72374119 -15.209151   -16.12268683  -2.22901878   1.91266082
   8.28219709  -1.69996525   4.80464194  14.25183366  10.2147346
   5.29229659   7.07176849  -6.17330499  -6.2789382   -7.22402323
   7.89650271   6.85813661  34.44345371 -10.05233814   3.9623078
   6.27874604 -17.76267398   0.12848669 -19.85793988 -22.00986556
 -28.17890816  -7.29444942  10.04397385   3.05858336   6.88925105
  -0.77478022  -6.92866661 -10.55255457  11.80128705 -31.09796297
   1.70370315   8.77398458  10.55064136 -19.63181219 -14.96937786
   3.21704902  16.55029341  14.33162536 -23.69586812  -2.60279778
  19.48288415 -26.22835312   0.03997175   7.76180959   6.89104409
  15.81917714   5.34058078   7.09164515 -30.32259287  12.37763796
  -7.49434676  -4.82143934   0.50029076  -2.78676167  -5.28961344
   8.1636292    9.44657205   6.70422086   7.54501146   4.93684751
  -1.45900376  16.08352437  -1.06225938  25.05580625  -9.36712881
  -4.46986582 -15.70680038 -23.88353277  -6.86782548   8.2630594
 -24.56124477 -15.60841838   9.53848165   7.26388409 -19.69867877
 -24.70978215  19.23856064  13.31094101 -20.49000796   9.57083724
 -12.79829375  18.6065897   12.53908535   1.88803515  10.05292105
 -12.62087554   8.1114391   -1.60498741  17.16101856   3.61999601
 -25.13716951 -14.90995539   5.74157559 -13.73471785   4.42754305
   1.99900928  -9.62492293   9.33030947  34.58753672   3.147603
  14.40599874  -5.37802517  -9.11054702   8.55241815   2.57132822
  17.04821705  -1.23652787  -4.63630949  -7.28240215   8.26059402
   0.42296178   8.72558563   0.23480827   7.68956177  20.41896119
  -0.85116265   1.66928153  12.36207484 -15.35334707   5.16548351
   8.41762959 -12.04518897   2.69563963  -0.50854685 -19.98033285
   8.81582895   2.60455773  -4.19135347  12.40111962   9.06654996
 -26.0367278    5.85490827  -2.95707768   3.67650949  11.99208741
 -12.0415534  -10.84503452  21.92151504  -4.2516614    3.46848945
   3.47535924  15.19891288  -8.44720794  -7.24000858  16.41410734
  -9.73485261  23.38392862   8.35286545  29.08059052  -2.45179854
 -14.39531751  -0.73336886  10.08391783  -7.589356   -10.53588458
  13.1201692   -5.71997235 -17.97312856  -3.39925434  21.03906465
  10.87141124   7.65817887 -24.08908815   2.29324297 -12.79054324
   1.48164368  -3.37761135  14.97385207   6.10073822   2.24709442
  -4.85692647  15.43624878  25.95925323  15.19949954  -9.93028502
  37.98390845   2.10926612  24.81142831 -14.76533959   9.75790842
   0.66915033  12.09489012   8.20112873 -23.05141682  12.5231913
   9.08711538 -16.73738074  -4.76975591  11.10160484   6.30410757
   1.65277057  -4.61650938   1.91334411  18.79096819 -16.51148588
  -2.88278886  -7.21439148 -20.6652769   -1.68495492  -1.34664392
 -15.02066586  -3.2093344   -3.13557139  -5.50051873  16.5721137
   8.55357048 -22.94656441  13.93626119  -3.2644526   -4.76917159
  13.15423534 -31.4885203  -11.01004897  -0.36261765  13.3667746
 -30.61121347   3.62106887  13.24878199  -8.90125559 -28.10155998
  15.91877736   5.45390227 -13.73034648  16.17493486 -25.45387689
  -2.19736049   1.13504445   2.83520301  16.29461935  -1.53415672
 -20.11308205 -16.43469151  -9.32407188   4.55883404 -11.77522001
   1.03349636  11.89071779   1.12929795   2.43884392  -3.72629661
 -11.83824618  -8.39144861 -10.12523624  -1.37761149  15.45711915
  -8.01801143  -8.30246931 -22.93226442  -4.33188918  -5.73231127
   6.40054784  -4.03422551   1.73081088  -8.33332824  -6.22558834
  -0.52449785   7.99479236  14.15584743  17.01106728 -17.75840587
  -2.31233694   4.00696467 -18.41914569 -28.87941854  -3.6216032 ]