[ -5.759425     6.46030665  -5.32394326  -4.16831262  15.90101645
  -7.59662895 -29.48991121  -6.47880785  24.70853942  -3.71590554
  -5.98186206  11.27437979  -1.14047761  12.94196591 -32.99045659
   7.53332032  24.38634299 -42.58803391 -30.06633311  26.97053193
   1.63032966  13.55107401  56.84140823  19.3707654  -11.56394552
  12.54481582 -29.06003366 -27.88373438   3.79172708  -8.288044
  18.52190615 -21.76145179 -18.48014002  -3.6546483    1.29136456
  12.37950778  -0.93196326   6.21396893  23.24158192  16.3260491
   6.99012      9.71729745  -7.95179169  -8.30112247 -16.33403976
  11.53137239  13.58691286  47.56731696 -16.99947667   5.63765264
   7.74557738 -25.50672849  -1.80084638 -27.60299114 -29.09719323
 -39.39106753 -12.16965504  13.70531574   4.69672083   9.62513752
   1.18077581 -15.9610654  -14.36528483  17.53582237 -43.19480541
   3.08262035  14.55774808  11.21889802 -24.87982    -19.37546682
   5.54628506  22.18054197  18.74734479 -31.16881242  -2.84303969
  27.63397223 -33.71240535   0.67030811  11.47497787   9.36798335
  21.2196588    4.93966002   7.31156031 -48.27928497  16.97105835
 -11.83418693  -7.56046052  -0.39675963  -1.60378106  -8.48570821
  12.67385681  11.97544491   9.31642896  14.77071169   8.19016182
  -3.77139435  22.52911224   0.24949006  32.80469899  -9.40660532
  -7.09125891 -23.46066542 -32.10731765 -13.89057807  13.31732571
 -35.11567    -19.09670034  12.78923362  11.27929923 -25.68219766
 -36.43070286  23.91064673  18.6112342  -25.30053287  12.06533508
 -20.67027337  26.39944125  17.74408182  -0.91960261  14.57721901
 -20.44355296  10.59158609  -3.15469403  25.81452458   2.46974647
 -33.71908112 -23.55441022   3.53720037 -19.02398313   3.99131331
   3.25041002 -12.08582097  16.8367626   50.74159117   1.81580246
  20.14173389  -3.77555275 -14.20915989  15.77391044   2.68977649
  24.16027635  -3.78690468  -6.67966434  -5.42127844  14.59400033
   3.55078143  11.8928687   -0.77534426  11.50373524  30.81203865
   2.28709795   2.7895943   20.32862034 -22.05213968   3.7576968
  11.89518095 -17.50891049   2.00071743   0.78889632 -26.1057828
  10.66602338   3.75311157  -8.47734186  17.16320917  12.85012632
 -36.94349677   6.92328602  -5.97591642   6.80605589  16.96066312
 -18.44431843 -14.66803295  33.78921769  -5.58996192   2.54378783
   7.69142546  22.26182417 -14.68152257 -14.37202893  25.36383449
 -15.1055832   33.07424957   9.3241772   40.01525727   2.42938045
 -18.57224566  -0.1494565   12.81484853 -12.13784619 -14.28501269
  14.97574674  -8.22459192 -25.72600874  -5.3396245   26.53825915
  13.56372064   8.08306262 -34.29594507  -1.48592014 -19.31206484
   3.06708411  -7.85814415  18.75507131   6.38863214   2.56469742
  -8.58421517  23.72141271  37.89733645  21.67737001 -14.96395578
  52.12208152   2.66635798  34.57093639 -20.00511678  12.86980121
   2.7815718   11.87239753  12.89837849 -31.215721    18.99762065
  11.49420027 -23.11479677  -7.25995466  14.68184102   8.19291514
  -0.88524523  -6.47185101   4.63687122  26.47435456 -27.37643894
  -2.59180504 -10.20569491 -32.15111045  -6.82111402  -4.46589874
 -18.92765102  -5.38164156  -6.7988571   -7.62629688  21.55085554
  13.68975564 -29.08713461  21.53960207  -7.39278472 -10.45718163
  18.70970581 -49.07774005 -16.75101721   1.15634822  14.25223892
 -46.76383782   5.9498237   17.00232014 -11.80347968 -40.80856511
  23.02134624   6.88643327 -19.48958622  23.31952077 -35.84500521
  -4.39269361   4.2948914    7.63857025  25.01017373  -3.16692717
 -28.81699179 -24.68235256  -8.37874952   6.6080249  -18.37590703
   1.20655221  17.753078     1.39342168   4.14930907  -6.78174244
 -14.21128915 -11.967577   -16.17214331  -0.2509957   21.77249171
 -13.13892509 -13.52763898 -36.12304314  -7.51775437  -5.51395194
  10.58504162  -3.58095951  -1.60467549 -11.61497676  -9.32662463
  -2.48620541  15.82897837  25.21731328  21.67026611 -24.64083169
  -1.5339307    4.66686672 -26.33121426 -40.98868569  -5.55526625]