[ -5.54552407  10.80105575  -5.21787029  -8.61314723  21.7793197
  -8.64378255 -31.42148651  -5.94011221  22.97470533  -4.35413019
  -6.07146789  11.36198278   2.37747973  18.43650206 -38.78780274
  13.52985517  26.67873658 -49.72462619 -36.05129547  29.28305645
  -2.9959121    8.83421077  63.73078015  24.02272661 -11.80613049
  13.61371644 -35.69353503 -26.09970134   3.10921251  -7.96593585
  13.20128768 -25.60694401 -19.43671935  -1.89812647   0.98999157
  14.98975905  -3.27435593   7.8949537   23.29592966  18.83153811
   9.56339012  14.45522556  -7.65109431  -7.19346411 -10.20330219
   8.50262242  18.03396723  54.19123247 -16.6661342    5.79789003
   5.74115734 -27.86841056  -0.33947951 -28.36233481 -30.61164564
 -44.82704334 -13.98237071  15.13168006   3.44914776  10.23724775
  -1.1748513  -14.95762985 -11.03132121  19.41989781 -44.5579487
   2.21198671  11.2670542   15.00941975 -27.87888815 -24.82883633
   9.63718072  26.74492629  20.0582955  -35.71868739  -3.13939813
  29.51299837 -35.71502376  -2.07863239  18.17156243  10.87079578
  25.36624205   8.66945222  10.66936237 -54.75633575  21.36514731
 -12.6498541   -3.74958947   2.68417927  -2.69106395  -6.16028622
  13.77687388  11.637536     8.84389156  14.66096102   6.61118471
  -6.5924796   22.84812002  -4.51986299  33.84883791 -10.78887775
  -2.10793194 -23.63018277 -35.65992933  -6.35416888  12.63685829
 -38.91710358 -22.61882129  12.78276228   9.95660959 -31.52994836
 -35.62784125  28.43840408  17.55510924 -29.6284623   13.56449078
 -25.82687573  25.22335783  18.41086521   2.83736657  14.3903896
 -19.36994734  14.13921096  -1.1290312   28.74979573   1.22045837
 -37.22551857 -21.94477416   5.45219591 -18.22636449   6.53095658
   3.4755883  -16.22169288  14.55266207  51.8586758    4.77446276
  19.70871847 -10.89982578 -15.38796633  12.98691929   5.20883767
  21.53567778  -4.59792105  -4.39636377  -5.48486351  13.33727357
  -1.77312632  10.0678991   -0.67869159  11.66636652  33.76537621
  -1.23572569   2.93485877  19.55415915 -23.78988999   5.9607301
  12.84169371 -17.73680406   3.66179445   0.55668231 -30.85276376
  15.40586722   4.8923199   -9.25637678  19.851312    14.75240652
 -39.3774195   10.81884254  -7.09698023   6.4361219   18.37943772
 -16.41524085 -12.55136558  34.91507675  -8.5500998    2.79098967
   6.22069786  24.5122472  -14.01581401 -17.04633818  28.76930596
 -18.53669746  36.49706599  10.34287527  44.5744247   -1.88253145
 -22.90604587  -0.93992046  17.13952352 -14.38551085 -14.46982821
  20.19406148 -11.06149987 -31.14831541  -8.64178039  31.65469902
  16.69896653  12.70249784 -32.40015174  -1.25144097 -21.33707459
   3.02688622  -7.63199599  22.98144487   9.05094086  -2.53812983
  -7.64512132  23.5534201   43.03457597  23.61338963 -20.05929252
  56.98360675   1.66966314  37.43836713 -21.51957407  13.60174412
   3.80863617  15.21731365  10.56749442 -35.37027799  24.682555
   9.17744194 -26.21209313  -7.045349    16.19603656  11.58329126
   3.14504721  -3.29523101   2.80580223  29.41596962 -24.37663851
  -3.00868282  -6.32772094 -34.55672448  -3.87214542  -3.79079605
 -21.23193711  -7.84597983  -8.43507     -7.42493036  21.51243286
  11.73515011 -35.4981304   21.55635276  -5.22249672  -9.19890733
  21.909485   -50.96637794 -15.18091732   1.34941359  21.61751141
 -46.74505957   2.09868207  20.93231577 -15.30617456 -42.70518385
  25.34521421   3.80879032 -19.71205168  27.30181875 -36.94940869
  -9.87473249   0.39668286  11.33010599  27.27443275  -4.04921302
 -34.61815675 -29.04501243 -16.99733263   6.96092639 -19.75819648
   3.02839641  16.50208686   3.39270955   3.76716284 -10.29285208
 -16.56863933 -11.54504761 -18.03669697  -0.90485847  27.30304602
  -9.5450481  -12.50593816 -36.56130365  -5.4350381   -5.47187852
   9.62714603  -4.49882841   0.26831484 -12.75742571 -12.13046185
  -4.10188223  15.88376367  24.43853488  29.08256486 -27.38759832
  -2.87743965   9.10032454 -29.81977725 -41.82612274  -6.37798096]