[-7.54442666e+00  1.36504153e+01 -1.51024683e+01 -5.66883412e+00
  2.73139862e+01 -1.57151947e+01 -5.95163178e+01 -1.31904870e+01
  4.34080410e+01 -3.29748978e+00 -1.24883495e+01  1.73075311e+01
 -1.32852963e+00  2.68754439e+01 -6.42866662e+01  1.48131149e+01
  4.63350320e+01 -7.80617491e+01 -6.03471365e+01  5.45179008e+01
  5.20539203e+00  2.71898000e+01  1.09625304e+02  3.86197513e+01
 -2.23825045e+01  2.30891095e+01 -5.20252608e+01 -5.28380280e+01
  6.84944886e+00 -1.46601778e+01  4.02615110e+01 -4.21414352e+01
 -3.83442689e+01 -4.82772017e+00  1.45958424e+00  2.54647895e+01
 -1.43535465e+00  1.03903709e+01  4.78004463e+01  2.72972137e+01
  9.02780853e+00  2.24014948e+01 -1.82386325e+01 -1.32240355e+01
 -3.42915374e+01  2.53071556e+01  2.37134883e+01  9.00949182e+01
 -3.37049825e+01  1.40051779e+01  1.65895112e+01 -4.63649966e+01
 -2.62140432e+00 -5.11841501e+01 -5.56654392e+01 -7.41658855e+01
 -2.85473455e+01  2.69620510e+01  1.25533434e+01  2.28449951e+01
  2.48790872e+00 -3.41425618e+01 -2.91355094e+01  3.58774068e+01
 -8.46704711e+01  5.45088095e+00  2.63519286e+01  1.83625584e+01
 -4.51490882e+01 -3.20976077e+01  9.02068148e+00  4.19159193e+01
  4.00345935e+01 -6.17064435e+01 -4.66160660e+00  5.24777085e+01
 -6.16968180e+01  7.11549385e-02  1.65388721e+01  1.42505959e+01
  4.26634310e+01  6.28170615e+00  1.08201210e+01 -9.27441346e+01
  3.18294401e+01 -2.24600014e+01 -1.65321813e+01  3.75327932e+00
 -6.32763193e-01 -1.54579952e+01  1.97873153e+01  1.91828388e+01
  1.50152234e+01  2.67985913e+01  1.37754349e+01 -4.40976855e+00
  4.01265596e+01  3.40070772e+00  6.26292409e+01 -1.64677591e+01
 -1.68504093e+01 -4.34348061e+01 -5.81532711e+01 -2.84252464e+01
  2.44533277e+01 -6.91505973e+01 -3.22523497e+01  2.41587519e+01
  1.89263110e+01 -5.06130678e+01 -7.22527652e+01  4.74297218e+01
  3.23806569e+01 -4.49409638e+01  1.68005743e+01 -3.97613678e+01
  5.42592131e+01  3.41695690e+01 -2.29606149e+00  2.64423237e+01
 -4.05995846e+01  2.15593864e+01 -9.88715470e+00  5.26144791e+01
  3.36511606e+00 -6.52790093e+01 -4.67718716e+01  5.10325002e+00
 -4.04599057e+01  6.25381482e+00  1.81482355e+00 -1.91386932e+01
  3.48794958e+01  9.44836371e+01  3.70663401e+00  4.50959118e+01
 -4.03785439e+00 -2.71714311e+01  2.58442960e+01  6.50294300e+00
  4.18277415e+01 -8.20965159e+00 -1.28660184e+01 -1.33260534e+01
  2.81185894e+01  6.84717795e+00  1.97878068e+01  2.41639275e+00
  1.94976866e+01  5.63201595e+01  9.90438652e+00  6.50284234e+00
  4.38456566e+01 -4.05602314e+01  9.79267176e+00  2.40651907e+01
 -3.36280638e+01  2.89095905e+00  1.21601146e+00 -5.03854543e+01
  2.21123634e+01  5.47070299e+00 -1.70763044e+01  3.18573396e+01
  2.15681509e+01 -7.41384303e+01  1.33719780e+01 -1.35773035e+01
  1.15123470e+01  3.19254389e+01 -3.29800388e+01 -2.69156262e+01
  6.56812671e+01 -1.13112254e+01  7.79423865e+00  9.03578121e+00
  4.77364034e+01 -2.91772830e+01 -3.06815538e+01  4.87407771e+01
 -2.98765446e+01  6.28816841e+01  1.88663451e+01  7.77461851e+01
  7.56503329e+00 -3.44971484e+01 -2.56416547e+00  2.06902088e+01
 -2.56155916e+01 -2.69252488e+01  2.78786621e+01 -1.62952243e+01
 -4.92023463e+01 -5.45936077e+00  4.68889016e+01  2.02385063e+01
  1.33982708e+01 -6.61214045e+01 -1.82054760e+00 -3.41601287e+01
  8.19336037e+00 -1.25172143e+01  3.60764128e+01  1.49131131e+01
  1.04349418e+01 -1.92174438e+01  4.80433412e+01  7.24034246e+01
  4.55043078e+01 -3.15694840e+01  9.93585861e+01  6.01901726e+00
  6.23796429e+01 -4.01346630e+01  2.56118756e+01  5.29736841e+00
  1.98840450e+01  2.84166928e+01 -6.28558470e+01  3.75125525e+01
  2.46946974e+01 -4.57138208e+01 -1.59006023e+01  2.72498673e+01
  1.32008319e+01 -5.22121826e+00 -1.05455853e+01  6.17272946e+00
  4.94745840e+01 -5.09909950e+01 -2.68685604e+00 -1.86193738e+01
 -6.12491647e+01 -1.75586798e+01 -9.29349961e+00 -3.70453598e+01
 -1.08595281e+01 -9.40832430e+00 -1.54276923e+01  4.19190640e+01
  2.65322249e+01 -5.30520122e+01  4.30039252e+01 -1.38136550e+01
 -1.99987551e+01  3.67113414e+01 -9.22230084e+01 -2.97730448e+01
  1.95082541e+00  2.59321107e+01 -9.21646052e+01  9.73293872e+00
  3.03781816e+01 -2.23197075e+01 -7.98352674e+01  4.46306958e+01
  1.23439512e+01 -3.60689729e+01  4.84477569e+01 -6.91851232e+01
 -4.67681095e+00  6.26239547e+00  2.02296659e+01  4.84861961e+01
 -4.76677518e+00 -5.57746224e+01 -4.90003270e+01 -1.47330876e+01
  1.03951645e+01 -3.59961820e+01  1.65247223e+00  3.32015990e+01
  1.24740897e+00  5.25193328e+00 -1.43590656e+01 -2.46192449e+01
 -2.14949738e+01 -2.74092320e+01 -2.78428757e+00  3.93892607e+01
 -2.19366647e+01 -2.68940409e+01 -6.89091467e+01 -1.49277289e+01
 -1.41197329e+01  2.37701874e+01 -1.08066681e+01 -1.72183021e+00
 -1.99038539e+01 -2.14879459e+01 -5.58802619e+00  3.38612163e+01
  4.78620483e+01  4.39782317e+01 -4.54910560e+01 -7.94199269e+00
  6.63869853e+00 -4.76209497e+01 -7.62599087e+01 -1.13328863e+01]