[-5.76282576e+00  1.54406483e+01 -1.40404147e+01  8.93881501e+00
  2.48378667e+01 -1.22828907e+01 -6.31564206e+01 -1.43020606e+01
  4.60652011e+01  1.64492822e-01 -2.35382867e+01  1.06087079e+01
  4.84501687e-01  1.82855632e+01 -6.10157083e+01  1.88520075e+01
  4.97266935e+01 -8.25121133e+01 -5.70925047e+01  5.46758517e+01
  3.87118558e+00  3.10239308e+01  1.11184666e+02  3.87058263e+01
 -2.30359281e+01  2.84463920e+01 -4.44244352e+01 -5.45071823e+01
  4.57786245e+00 -1.41449573e+01  4.98685692e+01 -4.98250204e+01
 -3.83250371e+01 -1.55017879e+01  7.76982872e+00  2.90979298e+01
  1.56442133e+00  1.57224299e+01  4.26706882e+01  2.67008306e+01
  7.63067355e+00  1.29572207e+01 -2.69085106e+01 -6.46352586e+00
 -3.31713107e+01  2.25083316e+01  1.71076215e+01  8.88285578e+01
 -3.21341025e+01  1.38993332e+01  1.96805513e+01 -4.48921896e+01
 -1.21640294e+01 -5.37935908e+01 -4.99196956e+01 -7.25129429e+01
 -3.01391172e+01  2.27269173e+01  1.59821372e+01  2.24950385e+01
  4.94769997e+00 -4.26985380e+01 -2.59056218e+01  3.77621716e+01
 -8.41956708e+01  7.68112789e+00  3.22887772e+01  2.76751224e+01
 -4.28089935e+01 -3.00873630e+01  5.50308625e+00  4.31439383e+01
  4.34453593e+01 -5.49910995e+01 -8.98321326e+00  5.56747186e+01
 -6.26869782e+01  6.37615635e+00  1.73767999e+01  2.10107779e+01
  4.19043194e+01  1.20970304e+01  6.40888913e+00 -9.08709808e+01
  3.15797122e+01 -2.74801188e+01 -2.27245550e+01  4.37285780e+00
 -1.08987019e+00 -2.14801637e+01  1.80562002e+01  2.18893290e+01
  1.14678006e+01  2.90434475e+01  1.64895475e+01 -3.31632113e+00
  4.20064431e+01  2.47209546e+00  6.26157067e+01 -1.77863583e+01
 -2.09465234e+01 -5.04705958e+01 -6.43614651e+01 -3.81458762e+01
  2.33317004e+01 -6.43165103e+01 -2.59065331e+01  2.15379921e+01
  2.13891694e+01 -5.15239012e+01 -8.28088931e+01  4.83255229e+01
  4.02638776e+01 -4.43517724e+01  2.24365581e+01 -3.98833018e+01
  5.85747432e+01  3.64202399e+01 -8.34495105e-01  2.56376727e+01
 -4.52475427e+01  2.01061219e+01 -1.00158427e+01  5.11291737e+01
  5.95931337e+00 -6.09136225e+01 -5.09507546e+01  9.16494827e+00
 -4.14498570e+01  9.20991132e+00  4.84339358e+00 -2.25626029e+01
  3.96871856e+01  9.61526702e+01 -6.01029956e+00  4.43337149e+01
  1.09276770e+01 -2.10185030e+01  2.86182450e+01  8.26434837e+00
  4.16262049e+01 -3.23954537e+00 -6.43067289e+00 -9.73215719e+00
  2.62356161e+01  1.11180365e+01  1.95959240e+01 -7.72685645e+00
  2.01378538e+01  6.01866020e+01  9.60578656e+00  3.72724320e+00
  4.63226118e+01 -4.05501620e+01  9.06763982e+00  2.49086549e+01
 -3.59591620e+01 -1.82700154e+00  7.71631646e-01 -4.78218970e+01
  1.79174397e+01 -1.11523498e+00 -2.11138308e+01  2.87969219e+01
  1.86806920e+01 -8.21600800e+01  1.44503069e+01 -9.66335308e+00
  1.19703549e+01  2.60339967e+01 -2.98239697e+01 -3.00405416e+01
  6.33102384e+01 -1.49281613e+01  6.35865372e+00  9.38582938e+00
  4.30959081e+01 -3.47232011e+01 -3.53572014e+01  4.83075392e+01
 -3.14213415e+01  6.78929244e+01  1.68570081e+01  7.83643646e+01
  8.82745480e+00 -3.51958279e+01 -1.15704695e+00  1.73874922e+01
 -1.97297962e+01 -2.65142687e+01  2.60006901e+01 -1.20039543e+01
 -4.67718996e+01 -8.17343180e+00  5.37160764e+01  2.47815267e+01
  9.69872575e+00 -7.02960261e+01 -5.97448834e-01 -3.65015682e+01
  9.76421347e+00 -8.46849596e+00  4.09236828e+01  1.91833132e+01
  1.53028563e+01 -1.79803219e+01  4.81452237e+01  7.39383351e+01
  4.99160953e+01 -2.34920946e+01  1.03276076e+02  9.33725271e+00
  6.06535061e+01 -4.73262330e+01  2.18884629e+01  4.75173688e+00
  1.78704022e+01  3.30183327e+01 -6.42588098e+01  4.04976355e+01
  2.03790090e+01 -4.85898036e+01 -1.53141407e+01  2.90894522e+01
  1.50348741e+01 -5.05176453e+00 -1.75757736e+01  8.40264472e+00
  5.58748317e+01 -4.56563264e+01 -4.07488808e+00 -1.99491570e+01
 -6.29808157e+01 -1.95568333e+01 -6.28680797e+00 -3.68829096e+01
 -8.54613741e+00 -1.41637754e+01 -1.29538430e+01  4.69792148e+01
  2.97014469e+01 -5.02021427e+01  3.75005316e+01 -1.53012770e+01
 -2.36085097e+01  3.24249966e+01 -9.33486606e+01 -3.62214273e+01
  9.61341303e+00  2.55774236e+01 -9.23565946e+01  8.44527358e+00
  2.40230100e+01 -1.90444242e+01 -8.00321614e+01  4.65302231e+01
  1.59205339e+01 -4.43285059e+01  4.71358142e+01 -6.67805667e+01
 -7.82340711e+00  6.82636849e+00  1.96502268e+01  4.54566150e+01
 -2.61503267e+00 -6.20275632e+01 -4.89230981e+01 -1.46746944e+01
  7.52451107e+00 -3.66673099e+01  5.87961829e-01  3.47041114e+01
  4.54518763e+00  4.17566374e+00 -1.11518906e+01 -2.94832491e+01
 -2.33688383e+01 -2.64690364e+01 -3.61261549e-02  3.70990616e+01
 -3.03925237e+01 -2.63774936e+01 -7.30034024e+01 -1.09123297e+01
 -1.65308006e+01  1.93752741e+01 -1.56489157e+01  2.11250907e-01
 -2.96136172e+01 -1.74793030e+01 -6.79209971e+00  3.43655721e+01
  5.28807848e+01  4.76919074e+01 -4.27321754e+01 -4.52170272e+00
  6.59341407e+00 -4.24136062e+01 -7.86854551e+01 -8.62036011e+00]