[-6.53704329e+00  1.49623344e+01 -7.89297203e+00 -1.12857553e+01
  2.75820127e+01 -1.07714224e+01 -3.78185422e+01 -1.00366983e+01
  3.33944832e+01 -9.00057187e+00 -4.93117305e+00  1.81067196e+01
  1.06650270e+01  2.09839922e+01 -4.46115576e+01  7.85184442e+00
  3.56568064e+01 -6.30003929e+01 -4.04394478e+01  3.95013546e+01
  2.22494806e+00  1.78330556e+01  7.54159266e+01  2.80175557e+01
 -1.40422032e+01  1.96640565e+01 -4.42876530e+01 -3.49998672e+01
  6.14361314e+00 -1.40013036e+01  1.86233556e+01 -3.03687384e+01
 -3.30663961e+01 -3.46928632e+00  3.75476452e+00  1.50496667e+01
 -3.77363504e+00  8.31685400e+00  3.00350177e+01  2.10503836e+01
  1.18022067e+01  1.69518618e+01 -1.15817041e+01 -1.45287480e+01
 -1.52164490e+01  1.28345683e+01  1.61787299e+01  6.89540774e+01
 -2.14070817e+01  7.90004890e+00  7.66227268e+00 -3.77202585e+01
 -1.47497034e+00 -3.79665903e+01 -4.36154834e+01 -5.83278007e+01
 -1.86072111e+01  2.17393009e+01  5.84660207e+00  1.40141427e+01
  6.18520470e-01 -1.64735917e+01 -2.39451309e+01  2.23505272e+01
 -6.04381521e+01  2.31917024e+00  1.84404383e+01  1.94838590e+01
 -3.78087835e+01 -2.85776857e+01  1.00669374e+01  3.22054925e+01
  2.75630934e+01 -4.20811031e+01 -2.74936081e+00  3.88554343e+01
 -5.10419168e+01 -2.65770331e+00  2.00946598e+01  1.43749514e+01
  3.05815433e+01  9.60771006e+00  1.48808116e+01 -6.61057478e+01
  2.16793917e+01 -1.56936035e+01 -6.94082898e+00  1.90281335e+00
 -6.11407271e+00 -1.14093771e+01  1.60522910e+01  1.85322099e+01
  1.26048252e+01  1.32713668e+01  1.11538648e+01 -6.07464298e+00
  3.35659922e+01 -5.99479091e+00  5.00882025e+01 -2.23739091e+01
 -1.20493652e+01 -3.17144882e+01 -4.64746306e+01 -1.34593584e+01
  1.65106242e+01 -5.11365545e+01 -3.10381746e+01  1.75768551e+01
  1.58571469e+01 -3.98941566e+01 -5.07384003e+01  3.91560545e+01
  2.43749554e+01 -3.92031601e+01  1.98984090e+01 -2.93294133e+01
  3.80231492e+01  2.75281680e+01  3.80216278e+00  2.21696486e+01
 -2.15628434e+01  1.60195616e+01 -5.39033903e+00  3.79671353e+01
  5.26334071e+00 -5.03434276e+01 -2.90569233e+01  6.40312961e+00
 -2.51964605e+01  6.24818046e+00  8.16537182e-01 -1.76150754e+01
  1.85136651e+01  6.92503046e+01  5.92320547e+00  2.61552511e+01
 -1.20595051e+01 -2.04331616e+01  1.95055907e+01  5.42871985e+00
  3.10469379e+01 -5.23611440e+00 -8.39528872e+00 -1.12386432e+01
  1.57223427e+01  6.23839991e-02  1.97545711e+01 -3.47506468e+00
  1.77397118e+01  4.26007708e+01  2.10481918e+00  2.08682939e+00
  2.51931982e+01 -2.96707458e+01  7.96228036e+00  1.75921338e+01
 -2.10020416e+01  7.24428871e+00 -1.26424682e+00 -3.98410731e+01
  1.80161395e+01  9.08251530e+00 -9.34868639e+00  2.21619635e+01
  1.74090425e+01 -5.09541325e+01  1.04487634e+01 -8.86793668e+00
  7.86039222e+00  2.29716862e+01 -2.45280184e+01 -2.14021289e+01
  4.24394970e+01 -5.13325297e+00  6.93302661e+00  8.31684657e+00
  3.01923274e+01 -1.71111639e+01 -1.52987968e+01  3.75191415e+01
 -2.08489381e+01  4.79696734e+01  1.56540469e+01  5.79449925e+01
 -7.41065830e+00 -3.09249382e+01  2.29745742e+00  2.10981913e+01
 -1.49062823e+01 -1.84762911e+01  2.73071542e+01 -1.14210233e+01
 -3.91272066e+01 -9.96860824e+00  3.99945782e+01  2.14176032e+01
  1.59689182e+01 -4.88182675e+01  1.77177381e+00 -2.81968396e+01
  6.08470848e-01 -6.08779861e+00  2.81330712e+01  8.77368104e+00
  3.21169408e+00 -1.10273600e+01  3.11246583e+01  5.32058900e+01
  2.47244162e+01 -2.20016098e+01  7.67081760e+01  4.89691786e-01
  5.05097443e+01 -2.82678004e+01  1.78273783e+01  8.09010482e-01
  2.37665551e+01  1.60036554e+01 -4.62509544e+01  2.29924022e+01
  1.60728612e+01 -3.21532197e+01 -1.35989561e+01  2.33579568e+01
  1.06599438e+01 -3.32863954e-01 -1.01723574e+01  1.62487538e-01
  3.79112271e+01 -3.44010692e+01 -7.53055252e+00 -1.62282823e+01
 -4.33384899e+01 -5.78601891e+00 -3.63794351e+00 -2.82576351e+01
 -3.96498302e+00 -8.81210020e+00 -1.10891604e+01  3.09509439e+01
  1.69921543e+01 -4.71742052e+01  2.85084886e+01 -1.03744016e+01
 -1.16880575e+01  2.71953866e+01 -6.72555844e+01 -1.88626231e+01
 -4.71922636e+00  2.44032716e+01 -6.30323599e+01  6.27675597e+00
  2.68089203e+01 -1.96596062e+01 -5.88442829e+01  3.38164181e+01
  1.03710867e+01 -2.62902514e+01  3.40130883e+01 -5.12501839e+01
 -6.35374981e+00  2.29074536e+00  7.58124937e+00  3.44755690e+01
 -5.26717718e+00 -4.14553277e+01 -3.06848648e+01 -1.76270669e+01
  1.01779518e+01 -2.40968758e+01  2.28079873e+00  2.36427300e+01
  4.58226457e+00  9.16127593e+00 -1.22284357e+01 -2.38069012e+01
 -1.63853979e+01 -2.27056612e+01 -2.03288440e-03  3.48945793e+01
 -1.52315846e+01 -1.91965616e+01 -4.76580461e+01 -1.09318544e+01
 -9.13620199e+00  1.53250691e+01 -7.54164347e+00  6.65777702e-01
 -1.70433193e+01 -1.34639750e+01 -2.25178697e+00  1.51211045e+01
  2.95891730e+01  3.36752233e+01 -3.66401641e+01 -2.67772853e+00
  1.01259996e+01 -3.90877435e+01 -5.62209490e+01 -8.68095617e+00]