[-8.00523629e+00  8.57606305e+00 -2.38745250e+00 -5.84340848e+00
  2.58584529e+01 -8.53492659e+00 -4.72226547e+01 -1.37754411e+01
  3.44665920e+01 -8.68441378e+00 -6.10004285e+00  1.40828499e+01
 -6.93510895e+00  2.31105002e+01 -5.49655848e+01  1.78488606e+01
  3.17000738e+01 -6.81558225e+01 -4.49151483e+01  4.57309276e+01
  3.48586107e-01  1.26999150e+01  8.31718934e+01  3.00476005e+01
 -1.51833799e+01  1.52781526e+01 -4.69526450e+01 -4.56469442e+01
  3.85132723e+00 -1.03411899e+01  2.30993168e+01 -3.34342835e+01
 -2.17309274e+01 -7.14786024e+00  1.18395534e+00  1.69792939e+01
 -5.73594620e+00  1.19710576e+01  3.57963596e+01  2.86283119e+01
  1.50384948e+01  1.31395539e+01 -1.15440809e+01 -1.06478369e+01
 -2.59693916e+01  1.65877688e+01  2.53277071e+01  7.19937777e+01
 -2.61096095e+01  8.41828870e+00  8.52427165e+00 -3.42172053e+01
 -4.22163706e+00 -3.94936935e+01 -4.21055616e+01 -5.76001727e+01
 -1.38989726e+01  2.06338118e+01  1.35314214e+00  1.28870566e+01
  2.77891984e+00 -2.82321402e+01 -1.89311604e+01  2.33631100e+01
 -6.03128844e+01 -6.31025722e-01  1.49324267e+01  1.29154050e+01
 -4.16733449e+01 -3.21197712e+01  1.44275953e+01  3.36926070e+01
  2.45298237e+01 -4.61243402e+01 -3.49438925e-01  4.10942769e+01
 -4.81983668e+01  2.39511320e+00  2.33707658e+01  1.51428810e+01
  3.47117205e+01  9.53757343e+00  6.52818273e+00 -7.64995246e+01
  2.66523859e+01 -1.88129792e+01 -9.38612115e+00  4.42369562e+00
 -3.21206919e+00 -1.16381142e+01  1.78589886e+01  1.57804141e+01
  1.25244975e+01  2.28403000e+01  9.00242501e+00 -1.05207926e+01
  3.11252904e+01 -3.76043809e+00  4.26308857e+01 -1.40216357e+01
 -6.33327288e+00 -3.13948271e+01 -4.87146446e+01 -1.99146008e+01
  1.87520568e+01 -4.77279832e+01 -3.01306946e+01  1.41198534e+01
  1.04827836e+01 -3.83686796e+01 -5.22591200e+01  3.26087821e+01
  2.48643198e+01 -3.76878078e+01  1.64555924e+01 -3.11618005e+01
  3.38339650e+01  2.12747898e+01  1.47755859e+00  1.82804425e+01
 -3.09678497e+01  1.44458815e+01 -5.71616931e+00  3.70063449e+01
 -3.71367168e-02 -4.66021033e+01 -3.87398815e+01  6.49995367e+00
 -2.27427203e+01  1.04519131e+01  4.49026847e+00 -1.73846975e+01
  2.56318961e+01  7.35154252e+01  4.54320000e+00  2.50776032e+01
 -1.02267218e+01 -1.94512062e+01  2.50628116e+01  6.35923084e+00
  3.50806872e+01 -4.16988807e+00 -7.30318572e+00 -2.78413552e+00
  1.90349733e+01  7.21699720e-01  1.37122609e+01 -2.03808579e+00
  1.62224596e+01  4.61621781e+01  3.98886391e+00  8.15543482e+00
  2.23258760e+01 -3.19472476e+01 -1.26154872e-01  2.15227737e+01
 -2.69420118e+01  1.50613794e+00  2.76638497e+00 -3.71704603e+01
  1.78492669e+01  1.12437982e+01 -1.17580055e+01  2.29777012e+01
  1.69702512e+01 -4.81124923e+01  1.31504838e+01 -1.22681339e+01
  1.19020133e+01  2.49378610e+01 -2.91161477e+01 -2.38308139e+01
  4.80438154e+01 -1.56950140e+01  4.47839580e-01  1.61916835e+01
  2.81220444e+01 -2.10987844e+01 -2.38635756e+01  3.97850899e+01
 -2.66146927e+01  5.05008465e+01  8.88679858e+00  5.85502789e+01
  1.43547374e+00 -3.25401952e+01 -1.65956438e+00  1.87413771e+01
 -2.34113188e+01 -1.60992635e+01  2.29665534e+01 -1.43093355e+01
 -3.87240527e+01 -1.06968412e+01  3.76811983e+01  2.15505354e+01
  1.44514912e+01 -4.97488043e+01 -6.49645235e+00 -2.83169493e+01
  8.89127110e+00 -1.48065984e+01  2.51405766e+01  1.23101962e+01
 -6.11365930e+00 -1.03576781e+01  3.57987589e+01  6.02447856e+01
  3.19531080e+01 -2.29627766e+01  7.30878676e+01 -8.04727086e-01
  5.09549800e+01 -2.92884807e+01  1.46195283e+01  1.94498731e+00
  1.71890469e+01  1.74690591e+01 -4.17250759e+01  3.17020589e+01
  1.37130428e+01 -3.45371183e+01 -1.01704268e+01  2.47479027e+01
  1.79057026e+01  2.40781851e+00 -8.40149045e+00  7.94047572e+00
  4.27943855e+01 -3.51891489e+01  1.92556082e+00 -8.51403337e+00
 -4.51275979e+01 -8.62434909e+00 -1.96784201e+00 -2.87109484e+01
 -8.19533998e+00 -1.15647307e+01 -4.19073349e+00  2.87118191e+01
  1.80163358e+01 -4.67552240e+01  3.45990835e+01 -1.35606523e+01
 -1.44364634e+01  2.95474218e+01 -7.32983443e+01 -2.58119122e+01
  4.89025374e-01  1.99418347e+01 -6.88144116e+01  2.75226459e+00
  2.58049085e+01 -1.98287413e+01 -5.68936789e+01  3.52316855e+01
  5.42070598e+00 -3.06598846e+01  3.38365364e+01 -5.09820834e+01
 -1.59104877e+01  3.79524192e+00  1.72824763e+01  3.64611250e+01
 -5.59823467e+00 -4.81525113e+01 -3.80652860e+01 -1.53914228e+01
  1.40976419e+01 -2.88720969e+01  4.35764711e+00  2.03019149e+01
  2.98111001e+00  7.45914124e+00 -1.44499392e+01 -2.15383500e+01
 -1.32048584e+01 -2.47610073e+01 -2.34797966e+00  3.31698964e+01
 -1.84302488e+01 -1.91566205e+01 -5.43557768e+01 -8.09779928e+00
 -1.51338166e+00  8.14754701e+00 -3.12891946e+00 -2.57178932e-01
 -1.64514911e+01 -1.83851277e+01 -3.24602575e+00  2.57034343e+01
  4.21234429e+01  3.30936576e+01 -3.51011753e+01 -4.57791620e-01
  4.56152409e+00 -3.93993052e+01 -6.25950749e+01 -1.06774889e+01]