[ -2.46724011   5.30168022 -10.1694148   -1.33488586  11.4206482
  -8.44177626 -27.44301598  -6.56567012  20.47935376  -3.02233279
  -4.41827304   8.41262068   2.77763849  10.68135396 -27.71503286
   4.69858105  22.79695463 -36.59322953 -27.27477467  24.6065876
   3.94826697  16.9343284   48.68582282  17.84578666 -11.19189621
  11.4853115  -22.6219674  -24.60716184   3.27767183  -8.8821047
  19.94778008 -18.82778937 -21.09251997  -1.02683118   1.01942614
  13.19944331   0.66212973   4.43264755  22.75388512  12.04567997
   3.08537128   9.58660577  -8.86515988  -6.74127232 -14.22707226
  12.08146643   8.41499203  40.58906238 -15.69118063   6.13644167
   8.96975174 -24.43532651  -1.07287528 -25.44459366 -26.63488693
 -35.69500381 -14.19662988  12.50396886   8.51540535  12.15207366
   1.9803819  -16.55292748 -16.09586779  17.22027317 -42.1866085
   5.47835551  14.48861697  11.09467318 -19.78893118 -12.8274147
   1.98190931  19.37169154  18.39969602 -27.41916509  -2.86136846
  24.08812591 -29.46245778  -2.66097504   6.600633     7.36497524
  19.82503517   2.55092368   8.72713068 -41.45653075  14.59880153
 -10.42189484  -9.51281868   2.68665502  -0.70302734  -8.78851115
   7.48475871  11.73037646   6.40307436  11.08971936   9.96919351
   0.51886495  18.78717402   2.91557515  30.79473228  -8.86697524
 -10.83147312 -22.13285318 -28.39222857 -14.27719772  12.46893198
 -31.62940825 -14.44855259  12.65705408   9.763339   -22.97807228
 -36.56398014  23.99679528  15.70970181 -20.69426491   7.50719658
 -17.37128044  26.35832845  17.75529933  -1.26633794  11.70276463
 -18.61342685   9.5529619   -6.07189021  23.68122677   4.59476486
 -32.78956925 -21.25623415   1.41621171 -20.80484406   1.26082971
   0.64266017  -8.88171884  16.98714555  43.77322487   0.5820014
  23.87350705  -0.32106919 -12.21036081  13.57234336   0.93730028
  19.99401363  -3.33493814  -8.35827098  -7.9773926   11.89393961
   4.61874348   9.48910819  -0.17771518  10.56504763  25.55611861
   4.94422689   2.52317549  22.1227149  -20.05506405   6.03451061
   9.69016963 -14.67372385  -0.08451042  -1.83378993 -21.688682
   9.8232692    0.84322246  -8.84491236  12.96987895  11.19284871
 -36.79252425   6.39698577  -4.74834265   3.05492699  16.09064514
 -14.60366036 -13.49790681  32.33059885  -2.94985905   7.54417732
   3.57392716  24.60078697 -14.51796002 -12.95889089  23.50788368
 -12.40897322  29.58489215   7.98858527  36.95805985   3.93792099
 -13.49296717  -1.83925408   9.14930017 -10.51149584 -13.37890862
  13.08579905  -6.76743238 -23.4492188   -2.06498373  22.26914921
   8.68804415   6.48468821 -34.089945    -1.40058796 -15.03012232
   0.40167225  -3.82601625  17.94409355   6.86896253   7.66413076
  -9.15565052  23.07851024  33.80948734  20.17155803 -13.73988985
  46.60313863   1.42489009  28.74219443 -20.01574448  12.14989091
  -0.26451752  11.46452017  15.51508408 -30.84860998  16.23025119
  13.66616833 -21.56766127  -8.07464353  12.52610806   4.79941163
  -4.49329653  -6.21199544   1.30366526  22.35740692 -22.99397117
  -2.07479125  -9.21878451 -27.88298331  -9.23191377  -6.3562384
 -20.07804115  -4.54848617  -4.56315985  -9.03589075  23.92246664
  15.06800596 -24.38466834  18.73535507  -6.88038085  -9.43262168
  17.09232544 -42.37207106 -13.77102754   0.51811398  14.02994914
 -43.96205818   7.72480953  14.45625943  -8.59918731 -37.54640358
  18.99526288   6.9555925  -15.37621452  25.02721819 -32.39049994
  -1.66307314   2.87840609   6.65651437  22.97487788  -2.16046125
 -25.85156407 -19.84739331  -6.08264408   3.86050699 -18.0831553
   1.10285122  18.50330986  -1.14039355  -0.07415072  -5.07133536
 -11.16733603 -12.24593787 -10.39536353  -2.22303274  18.28830943
 -12.07390311 -13.91061896 -31.42787904  -8.45979167  -8.66782429
  12.83494373  -5.73535541  -1.85931735 -10.59413346  -9.28929855
  -1.87441526  16.46218149  19.38092983  19.29859557 -21.53006705
  -6.46562663   3.13059478 -21.99791679 -36.9251976   -3.6889781 ]