[-8.91547797e+00  1.83995765e+01 -1.47136447e+01 -8.23228321e+00
  3.17046426e+01 -1.52058005e+01 -5.83912855e+01 -1.10510565e+01
  4.55428115e+01 -3.04985110e+00 -1.81377176e+01  2.01551486e+01
  2.67188201e+00  2.64496173e+01 -6.61973276e+01  1.78309281e+01
  5.11792123e+01 -8.52934996e+01 -6.40164843e+01  5.29267913e+01
  1.31447575e+00  2.55872294e+01  1.17674140e+02  3.90169259e+01
 -2.22452338e+01  2.90750895e+01 -5.73551801e+01 -5.08001123e+01
  4.34709171e+00 -1.50182620e+01  3.94744178e+01 -4.64344203e+01
 -4.06498173e+01 -5.02687989e+00  1.86397686e+00  2.81192213e+01
 -4.66947545e-01  1.30709983e+01  4.58705010e+01  3.00041237e+01
  1.22137958e+01  2.28783319e+01 -1.92900639e+01 -1.06370200e+01
 -2.88623992e+01  2.07837952e+01  2.32984954e+01  9.52709567e+01
 -3.29876481e+01  1.40299373e+01  1.89820397e+01 -5.00003634e+01
 -5.28972582e+00 -5.34655139e+01 -5.62553905e+01 -8.07409939e+01
 -2.82135003e+01  2.40917319e+01  1.31679315e+01  2.21093158e+01
 -8.32590284e-02 -3.30500567e+01 -2.50966405e+01  3.87045038e+01
 -8.72309830e+01  8.58104822e+00  2.77153879e+01  2.37224500e+01
 -4.53235553e+01 -3.81819666e+01  1.06458468e+01  4.78183095e+01
  4.00867380e+01 -6.29681113e+01 -6.37570436e+00  5.71685545e+01
 -6.29561890e+01 -1.24152475e+00  2.21919084e+01  1.94338773e+01
  4.36703118e+01  1.35112785e+01  1.55749631e+01 -9.48429806e+01
  3.55471187e+01 -2.61186277e+01 -1.33070214e+01  5.22112403e-01
 -3.64618022e+00 -1.51148045e+01  2.34368993e+01  1.93175182e+01
  1.55634413e+01  2.64481842e+01  1.47109197e+01 -6.56616133e+00
  4.29562305e+01 -2.46989223e+00  6.73211757e+01 -1.96847126e+01
 -1.23393053e+01 -4.78865008e+01 -6.27572288e+01 -2.37867316e+01
  2.22906129e+01 -7.14938443e+01 -3.49358737e+01  2.63077353e+01
  2.17443067e+01 -5.45074024e+01 -7.69149624e+01  5.18187804e+01
  3.50199362e+01 -5.19569558e+01  1.90616753e+01 -4.49373205e+01
  5.66221259e+01  3.72134423e+01 -3.86360387e-01  2.69665793e+01
 -4.15919171e+01  2.45504938e+01 -7.48117955e+00  5.69891470e+01
  3.15802219e+00 -6.69074048e+01 -4.41962904e+01  8.99740817e+00
 -3.84581280e+01  7.23596021e+00  5.88209228e+00 -2.63548366e+01
  3.29844322e+01  9.87314217e+01  6.20936042e+00  4.13884985e+01
 -2.80896769e+00 -2.65806729e+01  2.37366130e+01  6.95378350e+00
  4.25840531e+01 -8.82255103e+00 -9.74035305e+00 -1.54516865e+01
  2.66355646e+01  4.93137856e+00  2.01400102e+01  1.57051793e-01
  2.05530953e+01  6.18386525e+01  5.79490157e+00  3.99532771e+00
  4.68119419e+01 -4.19816485e+01  1.21886529e+01  2.21789325e+01
 -3.44933179e+01  6.31740184e+00  1.77850111e+00 -5.60236200e+01
  2.45677294e+01  3.87979366e+00 -1.89897250e+01  3.50040654e+01
  2.51533708e+01 -8.04384621e+01  1.41347987e+01 -1.15148698e+01
  1.19455202e+01  3.03096339e+01 -3.09273118e+01 -2.47952928e+01
  6.70764739e+01 -1.17685882e+01  7.85733403e+00  9.32522742e+00
  5.06791342e+01 -2.91441313e+01 -3.12052974e+01  4.99906898e+01
 -2.93898716e+01  6.71842119e+01  2.27440503e+01  8.21374548e+01
  3.32921525e+00 -3.64123454e+01 -4.12240733e+00  2.64259448e+01
 -2.31791598e+01 -2.97998006e+01  3.16596040e+01 -1.92721638e+01
 -5.47621256e+01 -7.79584905e+00  5.81787950e+01  2.43534565e+01
  1.79916265e+01 -6.68979068e+01  1.25030876e-01 -3.69542384e+01
  6.62695950e+00 -1.33702621e+01  4.00612891e+01  1.79220120e+01
  1.01437334e+01 -1.69053973e+01  4.40746552e+01  7.71574896e+01
  4.51796462e+01 -3.05458007e+01  1.06229337e+02  7.75286561e+00
  6.66278419e+01 -4.32718858e+01  2.72870782e+01  5.87020483e+00
  2.31937435e+01  2.77657023e+01 -6.79547595e+01  4.15431200e+01
  2.21037575e+01 -4.87675458e+01 -1.33608833e+01  2.94071711e+01
  1.60561613e+01  5.58216143e-02 -1.05446334e+01  6.46273869e+00
  4.98483148e+01 -5.14167643e+01 -6.01952432e+00 -1.98821013e+01
 -6.47187355e+01 -1.34413904e+01 -7.00300263e+00 -4.04028572e+01
 -1.16946172e+01 -1.36229681e+01 -1.75286884e+01  4.21281954e+01
  2.40780502e+01 -5.71600902e+01  4.13775341e+01 -1.19685924e+01
 -1.94315461e+01  3.78220371e+01 -9.33847839e+01 -3.00371969e+01
  4.63041328e+00  3.21173280e+01 -9.41277940e+01  7.69660664e+00
  3.36248703e+01 -2.30016118e+01 -8.35992096e+01  4.69216947e+01
  1.33938221e+01 -3.71386570e+01  4.84374302e+01 -6.99456900e+01
 -6.18119270e+00  6.00859661e+00  1.79076355e+01  4.98237237e+01
 -6.04177410e+00 -6.09736356e+01 -5.23215840e+01 -2.20815920e+01
  6.30925658e+00 -3.55472626e+01  1.82324338e+00  3.63945726e+01
  6.30993055e+00  7.51917095e+00 -1.50559448e+01 -2.79638931e+01
 -2.45648241e+01 -3.26685673e+01 -8.66101328e-01  4.63148049e+01
 -2.07833736e+01 -2.81062596e+01 -7.08856592e+01 -1.35820726e+01
 -1.68505910e+01  2.25015620e+01 -1.26822218e+01 -2.18749779e+00
 -2.25181824e+01 -1.95635022e+01 -6.05955163e+00  3.00357292e+01
  4.80070014e+01  5.06405454e+01 -5.22024155e+01 -5.34233954e+00
  1.32461279e+01 -5.08018694e+01 -7.74760349e+01 -1.10100740e+01]