[ -7.92169966  14.55971884 -12.93225719 -10.39648224  27.23898597
 -11.46503738 -42.16702251  -8.41382278  31.06837079 -10.34098997
  -7.61957547  16.41444216   7.01015248  22.52584776 -49.48345588
   8.87902636  41.38504371 -61.49081335 -44.40828621  40.89063228
   0.72185518  16.72900885  84.78881164  30.43001483 -14.69492478
  19.70898341 -45.17962427 -37.95192581   4.8000399  -12.63864264
  22.52578524 -30.73157664 -32.70637532  -3.04553644   2.38419476
  17.68673127  -2.1906864    8.50340484  34.06485475  20.64542423
   9.39365369  17.8073136  -13.06109286 -11.79967167 -18.92341867
  16.49610056  16.73100483  72.02218074 -22.50479762  10.46712235
  11.57640137 -38.43128509   2.28526655 -41.00534992 -45.02511503
 -59.1173875  -17.42160773  19.11718821   6.67051954  15.0861962
  -0.63990342 -17.04149928 -22.11710842  25.32358899 -65.47613048
   3.7318023   17.67424116  17.17033023 -38.58809366 -29.87267247
   8.72757089  32.98349304  30.02658136 -49.59877916  -4.09768824
  40.87029074 -50.63204545  -2.45403694  14.63961357  11.03034196
  35.01152394   7.98231383  13.3441954  -66.88251033  22.6909703
 -14.51796271  -9.86275969   1.43588363  -3.83310547  -6.86039264
  16.89544509  16.18950906  13.72681985  16.45579714   8.06014276
  -4.12849441  32.68869385  -3.62032211  52.77241827 -17.95570234
  -9.89288356 -31.42185295 -47.53579426 -13.22191082  16.89936242
 -55.21124286 -30.35275877  19.34613852  14.35331605 -41.42963431
 -51.95881077  39.36651538  25.96438652 -40.79579618  17.07925587
 -31.72801087  40.29640179  28.29162324   1.34690076  21.01097973
 -26.55008697  17.49872593  -7.75439538  40.54835741   6.28201941
 -52.39345337 -31.21661815   7.55297441 -28.55585277   5.89229956
   0.54956577 -18.48300908  20.98327508  71.65743892   6.41160992
  31.76019172 -10.5007955  -21.70225952  17.41929807   6.11365
  33.03298048  -5.03531655 -10.2787813  -14.22558884  19.64637083
  -0.0926083   17.40390537   2.21195816  14.96266376  43.04067641
   2.47343398   3.73379552  29.6818704  -32.36257738  11.7054263
  16.76295805 -23.20065779   5.11265508   1.69911302 -43.2531038
  19.27564085   6.52641244  -9.48748291  25.14773999  20.45464839
 -55.42463595   9.93605848  -9.02658586   8.63757335  26.65712112
 -24.33071829 -19.93614419  47.61680597  -6.58526824   9.09374184
   6.70938801  35.34835549 -19.01386015 -19.04992593  36.02010572
 -22.42501553  47.47025865  18.0951847   61.37511247  -3.37928742
 -29.24565795  -3.19896686  20.11693528 -18.70214238 -20.49746953
  26.41709184 -13.51700042 -39.28406246  -5.06001088  39.43097387
  19.17525536  13.68639979 -48.22795216   3.40954234 -25.34010508
   3.96237473  -7.28264174  29.09142572  10.00714465   5.58393998
 -11.73848023  32.47919036  54.61190853  30.47582396 -24.64658257
  78.92153369   2.33135153  48.14118478 -27.88644543  21.96984999
   3.64094718  22.76933168  16.80551334 -49.62254617  27.13342206
  18.61623949 -34.89717105 -13.20290296  21.76274605  11.19881618
   0.50758357  -7.41910909   4.50992828  38.55595738 -37.00659657
  -5.88225696 -14.40554985 -46.38836855  -5.78249809  -4.57452085
 -31.01661167  -9.0675487   -7.16745287 -12.82125181  32.33162108
  16.24384964 -45.98377213  30.27954063  -7.12142212 -10.12138185
  30.81543705 -67.38487691 -19.09650064  -2.90696888  24.9081903
 -67.17605475   5.93780748  26.69798128 -20.11906621 -60.17790462
  32.89872844   9.57538918 -26.65364259  36.40389075 -52.97712585
  -3.96833031   1.79433644  10.83797535  36.57064731  -5.117503
 -42.04399536 -37.75553981 -18.9951338    7.95034163 -25.12117112
   0.7238787   24.58240414   1.09694131   7.041449   -11.20593255
 -21.05747937 -15.05866364 -22.0355099   -1.27567392  34.49158585
 -14.91360622 -19.87327057 -50.64872058 -11.90611581  -9.61461985
  16.14253203  -8.32475965   2.267677   -14.69550524 -15.17938377
  -3.67983836  19.97073147  32.76800887  36.67349095 -39.07564193
  -5.64258958  10.24976023 -39.94638969 -57.00668453 -10.87846787]