[-4.94764597e+00  1.16779611e+01 -6.72534370e+00 -9.06403397e+00
  2.26133353e+01 -1.23259957e+01 -4.17859538e+01 -1.16923459e+01
  3.36045493e+01 -2.33319283e+00 -4.04745966e+00  1.66254057e+01
 -1.84018238e+00  2.20660387e+01 -4.66944216e+01  1.42167052e+01
  3.17295216e+01 -6.22529403e+01 -4.48333036e+01  4.33674019e+01
  2.18255788e+00  1.75573841e+01  8.02468937e+01  2.82380275e+01
 -1.62634722e+01  1.78667199e+01 -4.31919616e+01 -3.77509083e+01
  5.17806194e+00 -1.22005157e+01  2.35976325e+01 -3.23211839e+01
 -2.84254858e+01 -1.22436678e+00 -3.55334642e-01  1.71935995e+01
 -3.95547662e+00  7.93560481e+00  3.37087187e+01  2.61729163e+01
  9.18013236e+00  1.78959539e+01 -1.03565119e+01 -1.27587117e+01
 -2.18340466e+01  1.72765584e+01  2.20316610e+01  6.71385524e+01
 -2.51547320e+01  8.13140025e+00  9.51563155e+00 -3.59950861e+01
 -1.89047708e+00 -3.90943239e+01 -4.41751194e+01 -5.81897382e+01
 -1.89335625e+01  2.12133593e+01  5.70975723e+00  1.57194663e+01
  6.10871318e-01 -2.25959970e+01 -2.10761320e+01  2.61547462e+01
 -6.21784098e+01  2.02145784e+00  1.90947701e+01  1.57518805e+01
 -3.78034766e+01 -2.67157376e+01  9.83645541e+00  3.38946677e+01
  2.80905552e+01 -4.53528991e+01 -4.84518608e-01  3.94845007e+01
 -4.85361664e+01 -1.82211932e-01  1.98141011e+01  1.56249314e+01
  3.04063970e+01  8.02061178e+00  1.17819645e+01 -7.15494571e+01
  2.63811144e+01 -1.71477724e+01 -9.91750050e+00  4.11486600e+00
 -1.95411496e+00 -1.24133308e+01  1.59089508e+01  1.75742954e+01
  1.08526406e+01  1.85865619e+01  1.31866422e+01 -6.54929483e+00
  3.12749864e+01  1.49921342e-01  4.46199332e+01 -1.51324519e+01
 -8.32956060e+00 -3.24494846e+01 -4.64211744e+01 -1.76987628e+01
  1.80003564e+01 -5.08881314e+01 -2.94277906e+01  1.96769616e+01
  1.44317358e+01 -3.85323498e+01 -5.08633902e+01  3.63878875e+01
  2.15526194e+01 -3.65859270e+01  1.56513779e+01 -2.86463161e+01
  3.66432759e+01  2.34811561e+01 -1.73623347e+00  2.00677894e+01
 -2.53593789e+01  1.59840415e+01 -3.14925941e+00  3.78237327e+01
  2.68650577e+00 -5.00828964e+01 -3.26759357e+01  6.45201398e+00
 -2.62373851e+01  7.08488856e+00  4.71142397e+00 -1.65943479e+01
  2.29449776e+01  7.11699065e+01  5.59748399e+00  3.03559199e+01
 -1.02965802e+01 -2.09024857e+01  2.37887373e+01  4.53602788e+00
  3.25113347e+01 -6.03754283e+00 -8.60351874e+00 -9.09210228e+00
  1.77630817e+01  4.36144845e+00  1.48491621e+01  3.10697379e-02
  1.60255874e+01  4.07836680e+01  3.80622592e+00  4.63613236e+00
  2.76444414e+01 -2.99540411e+01  3.44344757e+00  1.91109031e+01
 -2.46599806e+01  4.19836039e+00 -2.25475447e+00 -3.64965454e+01
  1.83517642e+01  6.63874347e+00 -1.15071683e+01  2.60160995e+01
  1.58291873e+01 -5.17051783e+01  1.23933141e+01 -1.05492760e+01
  8.54692045e+00  2.24813575e+01 -2.60992764e+01 -2.14045069e+01
  4.77284364e+01 -9.18057959e+00  4.38713991e+00  8.50391452e+00
  3.23252905e+01 -1.77064489e+01 -1.92134374e+01  4.02374534e+01
 -2.23446853e+01  4.88051944e+01  1.22860909e+01  5.79869319e+01
  1.39198285e+00 -2.87624975e+01 -7.52450368e-01  2.00644793e+01
 -1.85013015e+01 -2.05329823e+01  2.36269765e+01 -1.13996415e+01
 -3.83037272e+01 -9.98182920e+00  3.75972693e+01  1.72341545e+01
  1.43282996e+01 -4.97146999e+01 -3.28688039e+00 -2.80671747e+01
  3.18093502e+00 -9.35258718e+00  2.73110137e+01  1.34772201e+01
  3.22082076e+00 -1.38065895e+01  3.63753458e+01  5.66612458e+01
  3.18652128e+01 -2.23604423e+01  7.37127314e+01  2.28001987e+00
  5.12158309e+01 -2.95136071e+01  1.47305903e+01  1.61399542e+00
  1.78926633e+01  1.73073075e+01 -4.60333832e+01  2.99160677e+01
  1.87926925e+01 -3.38231739e+01 -8.43531379e+00  2.21389673e+01
  1.24353817e+01 -9.64377968e-01 -7.71921941e+00  2.06696709e+00
  3.70766578e+01 -3.71884761e+01 -1.80828130e-01 -1.27098098e+01
 -4.35327698e+01 -1.21985155e+01 -6.27715659e+00 -2.85758392e+01
 -6.99553285e+00 -9.33257130e+00 -1.02493626e+01  3.07477539e+01
  2.08042039e+01 -4.24361784e+01  3.36146062e+01 -9.62324729e+00
 -1.41741087e+01  2.81737115e+01 -6.97514624e+01 -2.39130925e+01
  4.10429551e-01  2.25456381e+01 -6.55402045e+01  8.92092417e+00
  2.76305825e+01 -1.73671154e+01 -5.89967583e+01  3.44782084e+01
  9.32682133e+00 -2.62548072e+01  3.49992041e+01 -5.22281916e+01
 -7.57201464e+00  2.99054939e+00  1.30322996e+01  3.65632279e+01
 -4.58796740e+00 -4.26560468e+01 -3.52272956e+01 -1.23712505e+01
  1.12255344e+01 -2.75177525e+01  4.69682981e+00  2.52355454e+01
  4.58090974e+00  6.21951325e+00 -1.18267731e+01 -1.98832096e+01
 -1.64012748e+01 -2.40306761e+01 -1.78191911e+00  3.29264647e+01
 -1.67284630e+01 -1.98388360e+01 -5.09527884e+01 -1.06169195e+01
 -5.99252310e+00  1.64690581e+01 -7.55049987e+00 -3.61576116e+00
 -1.79142309e+01 -1.58482937e+01 -3.03075392e+00  2.37443224e+01
  3.14274816e+01  3.23349492e+01 -3.59173085e+01 -4.19100483e+00
  3.75112072e+00 -3.83969694e+01 -6.06668989e+01 -6.41526177e+00]