[ -4.80782227   5.75687919  -8.10699621   2.73196281  17.00362117
  -7.15958254 -34.33744489  -9.57885073  23.74035569  -9.49909988
  -7.91167171   5.17306161   3.66803188  11.57570534 -38.65751388
   7.4391767   30.06222869 -49.38995215 -30.5655513   31.0719277
   3.3043077   17.36524456  59.94636594  21.50877948 -11.41242007
  14.56907501 -27.72914741 -33.64382642   4.42775082 -10.18728892
  21.58812204 -24.28929178 -21.31208696  -8.70005527   5.38416926
  16.7189229   -1.77134972   8.60203322  25.18249628  14.28666219
   8.16288197   5.28607189 -13.28564392  -5.50050224 -16.84890324
  12.42994675   8.44741909  53.04438602 -16.49501764   7.17819751
  10.40883687 -26.61904511  -3.3919757  -30.92675571 -29.41947849
 -42.44505001 -12.69223235  15.30451134   6.8343605   11.45463942
   4.55624897 -22.90497199 -16.45157658  18.72336455 -48.2859848
   3.33532708  13.65067928  15.84304365 -26.99683332 -19.08073044
   4.22220501  22.85353884  21.68492408 -33.12652992  -6.12562255
  29.63654808 -37.68122065   0.13981636  10.56245704   8.22296716
  27.01135504   5.27325835   6.97972376 -50.3161803   17.02058712
 -13.86461642 -11.89317788   1.90952678  -3.40582001 -10.86398449
  10.00041087  14.02733306   9.28404619  16.9541764    8.3640697
  -1.90031288  23.34845726  -0.20139818  37.0717557  -11.58600615
 -13.77173464 -24.8673583  -36.86503154 -19.2109714   15.86435374
 -32.82231246 -16.59700639   8.85970305   9.71616273 -27.82907252
 -44.75073479  25.86872579  23.36300582 -27.37327753  12.75881486
 -21.74430821  30.4525068   19.60468518   4.04244466  13.4794235
 -25.6926093    9.67827588  -8.44324402  25.85023136   4.87846397
 -36.8521792  -29.37028911   4.18214684 -22.41104663   6.42447938
   0.76626945 -13.41347418  19.80979692  52.4495299   -2.16781802
  23.6322837   -0.40285081 -12.70628249  14.37188901   4.19813614
  25.48993587  -1.627727    -8.80884223  -5.60545874  14.097423
   2.12220473  11.96174502  -3.12929953  13.29671569  35.33563838
   3.7606521    4.76629851  21.52850856 -26.0107659    4.84342229
  14.27607877 -19.51499048  -0.97793483   0.29443179 -25.5648331
  10.43866416   3.81895855 -11.06082652  12.68562301  14.2524487
 -42.23156411   8.98013688  -4.45892779   5.93063501  19.39430894
 -19.49686559 -19.71623784  35.1440961   -8.20573595   6.91994424
   9.9441529   22.76946985 -21.22185799 -17.14221888  25.46555323
 -17.67832224  36.82152331   6.93351959  44.43061218   2.26360902
 -19.2225683    0.21530927   9.46838464 -12.78230932 -12.55681343
  15.91949282  -8.3754846  -27.49714986  -2.56997936  28.91175816
  16.69290468   7.95164534 -40.89861991  -2.23636484 -19.18288459
   5.3494801   -6.32313632  22.58512581   6.13502305   3.22255279
  -9.18431473  26.09222153  42.29218471  24.04061818 -15.27179209
  56.82477516   2.84733718  33.73836378 -24.94366344  14.65902342
   0.38977244  14.52073637  17.93636429 -32.94953566  19.31711887
  12.06319296 -25.66198115 -10.16335114  17.00077606  10.56028907
  -0.91429023  -9.89298544   6.41774544  33.19848962 -23.53369647
  -2.25874818  -9.45443661 -35.54812188  -5.34235745  -2.24534954
 -22.86698554  -4.46733616  -6.37715229  -5.32982602  26.91792331
  16.71214666 -33.33468834  21.32887987 -12.5359043  -10.48826625
  19.41614504 -52.58393937 -18.82287757   1.60955337  16.03603821
 -52.64629118   3.72556009  15.22018226 -11.99879783 -43.38513391
  23.43497897   7.74768147 -24.16902792  26.7995798  -38.17013844
  -7.00115903   2.2160705    8.8546723   24.95367918  -2.32041334
 -35.29449118 -24.22425956 -11.08650716   6.8393515  -20.56265469
   0.72318576  16.15465724  -3.27476116  -0.74266635  -6.77915694
 -17.19865219 -13.27937452 -10.98646896  -2.63134138  19.35777863
 -18.04088991 -13.60429318 -37.19969785  -6.47835804  -8.24583487
   8.36264793  -4.34326668   3.21513403 -13.16126672 -11.32760124
  -1.24809403  18.17157148  29.87799761  24.45102451 -22.17410705
  -3.05737478   5.10251833 -26.51590265 -45.32081443  -8.30401324]