[ -1.86360229   6.12825216  -6.23424744  -5.41325593  11.39411609
  -7.8357015  -23.97496267  -7.09314589  17.80107792  -2.10765963
  -0.99174459   9.9951706    0.19381246  13.39726289 -28.20829933
   7.65026079  18.75074753 -35.17092257 -27.44634703  25.5388515
   2.99000196  12.17775555  47.03053475  15.61102284  -8.88516335
  11.05918281 -24.67776598 -23.17801937   3.55241662  -8.42454669
  14.56364281 -17.50792356 -18.15900365   0.80459778  -1.03149572
  11.48096502  -2.21534166   3.22988433  21.67578065  13.23990384
   4.7962622   10.20580252  -5.5336134   -6.45751684 -14.2327903
  12.32131822  10.65988823  39.75399583 -15.78830247   5.31202261
   7.46297902 -20.46280253  -0.1978085  -22.18797815 -26.81852327
 -35.13690814 -11.46930294  12.71620506   4.44727223  10.40840373
   1.12642449 -14.68738399 -14.04595158  16.34515933 -39.66599098
   2.54385392  10.77146022   7.33199783 -21.41082544 -14.17716056
   4.66079186  19.0888223   16.31050106 -27.80512338   0.40414725
  22.39598036 -26.90815237  -2.41139336   8.97136736   6.70063101
  18.12257614   3.27571162   7.08644966 -41.96276052  15.60687643
 -10.35565498  -5.23889838   2.14295269  -1.73569067  -6.36173626
   7.85604817   8.86992982   6.34386584   9.82737436   7.62903255
  -2.36382573  17.41710191   1.93558549  27.98547564  -8.49282292
  -6.61110468 -17.83087073 -25.35453741 -10.60325016  12.06700788
 -28.97501065 -15.47969149  11.60255677   8.49571799 -21.46859042
 -31.0962332   20.85845415  11.05050776 -20.65948685   4.81674648
 -15.79667489  23.88644533  13.14896433  -1.62930184  10.02213791
 -16.23468546   9.95880463  -3.52229407  23.6795613    0.93653769
 -30.00002332 -19.39183506   2.86936665 -17.06844557   2.92018077
   1.71590996  -8.83997711  13.64482027  40.6670652    3.58374111
  19.7403866   -6.00895369 -12.65968743  12.01258229   1.56142166
  19.13005429  -4.48083466  -7.68440751  -7.82455632   9.2313722
   2.07920542   7.46585614   2.59468902   9.47960331  23.61835933
   5.11534566   3.38749075  19.12942412 -17.07921262   2.55848294
  10.16287265 -13.72937716   3.03213406  -2.1493259  -20.9161563
  11.42740919   1.71488781  -6.65639935  13.79086435  10.54674169
 -32.12933076   6.47452634  -6.35539663   3.91781735  13.86702284
 -15.23312074 -13.1423528   29.0037108   -4.21451255   4.98141412
   4.45953095  21.98451633 -11.92119459 -10.09573954  22.66063026
 -11.68134881  28.20630309   8.1350625   34.35191853   1.53402106
 -14.83654876  -2.3103627   10.09195439 -11.79514569 -12.97189412
  13.52253389  -7.34529479 -23.28286116  -2.60784478  20.63550699
   8.25996978   9.55092433 -30.543714    -2.55372162 -15.05325575
   1.28606249  -7.03723362  14.97306831   8.05383672   4.79007867
  -8.73378998  20.94980051  34.24223425  17.89851    -13.58505433
  41.7235758    2.37563368  28.42749554 -18.77880347  10.85029005
  -0.35646687   9.44812845  12.48471192 -28.38553226  16.92067579
  12.71522511 -19.87613757  -4.86043337  13.12098034   5.80482583
  -0.73940178  -4.32520863   1.74871096  19.41828859 -21.99383761
   0.50898272  -8.93218761 -25.88286352  -7.37695492  -3.07921135
 -18.49090391  -3.57605295  -3.96938295  -7.4686335   18.94056555
  12.58117027 -24.2765751   21.54617773  -6.80743537  -8.60305204
  16.78777219 -40.37415961 -12.76214343  -0.43275729  13.38805554
 -40.32555013   6.7567327   17.37076287  -9.80244621 -34.76000308
  20.29858819   6.24701536 -13.52417178  21.75838578 -31.97544211
  -1.76255187   0.8852736    8.55632054  22.09459199  -2.67588395
 -25.14892684 -19.11334652  -6.26235041   4.91470674 -16.06963179
   3.17280343  16.03376071   1.34849133   2.53138162  -6.84493911
 -10.13813551 -10.58444805 -12.27767848  -2.29812554  18.30172081
  -8.49308554 -13.05957806 -28.84449323  -6.44200844  -4.71383332
  11.26223463  -4.65076014  -2.27363443  -7.41406228  -9.94054525
  -0.90488377  14.88481062  17.65110174  18.86193306 -20.95282745
  -4.70964041   1.32366161 -22.65195876 -35.20798273  -4.11034941]