[-7.58454060e+00  1.16966446e+01 -1.22962083e+01 -6.23881620e+00
  2.66952559e+01 -1.53738706e+01 -5.30880985e+01 -1.10174555e+01
  4.28440241e+01 -7.94874696e+00 -9.40734441e+00  1.95119464e+01
  8.26012305e-01  2.50801844e+01 -6.17314861e+01  1.32554719e+01
  4.57425831e+01 -7.39648172e+01 -5.54143915e+01  5.33258461e+01
  2.58617504e+00  2.41250275e+01  9.97882669e+01  3.68419374e+01
 -2.12719335e+01  2.06495266e+01 -5.04331511e+01 -5.23269125e+01
  8.22617652e+00 -1.65120355e+01  3.35476452e+01 -3.82296633e+01
 -3.58303475e+01 -6.14550650e+00  4.76264994e+00  2.33260906e+01
 -3.29593978e+00  8.61945706e+00  4.53046974e+01  2.69845260e+01
  1.04082320e+01  1.94519354e+01 -1.45980173e+01 -1.14882978e+01
 -2.84345426e+01  2.36937382e+01  2.22552860e+01  8.65094029e+01
 -3.10717523e+01  1.32017317e+01  1.60426898e+01 -4.29637918e+01
 -5.34664094e-02 -4.67212863e+01 -5.35566513e+01 -6.96927091e+01
 -2.73473757e+01  2.58136052e+01  1.03664661e+01  1.96438142e+01
  4.17275251e+00 -3.32151474e+01 -3.04469608e+01  3.11948681e+01
 -8.19814025e+01  5.33117009e+00  2.46408611e+01  1.86635777e+01
 -3.99190140e+01 -3.05905494e+01  1.06920776e+01  3.52370499e+01
  3.33642125e+01 -5.49111768e+01 -1.94342813e+00  4.69037788e+01
 -5.92674838e+01 -3.50921563e+00  2.08659671e+01  1.39709461e+01
  4.07525434e+01  5.35277962e+00  1.10112673e+01 -8.74535333e+01
  3.05905016e+01 -2.37279816e+01 -1.07214886e+01  2.58728423e+00
 -4.26201011e+00 -1.21736566e+01  1.99256429e+01  1.87619185e+01
  1.70801663e+01  2.40304531e+01  1.31133741e+01 -4.88979262e+00
  4.02735781e+01  2.07392400e+00  6.00183891e+01 -1.87822667e+01
 -1.51783407e+01 -3.77459080e+01 -5.40285213e+01 -2.41554728e+01
  2.81876709e+01 -6.05722293e+01 -3.04048192e+01  2.18883353e+01
  1.86700848e+01 -4.46496606e+01 -6.58142740e+01  4.27074203e+01
  2.75278978e+01 -4.16324880e+01  1.45199377e+01 -3.90720687e+01
  4.95708528e+01  3.25829001e+01 -1.26887373e+00  2.20432844e+01
 -3.60271330e+01  1.90125196e+01 -1.01216883e+01  5.13534882e+01
  2.38782885e+00 -5.91309517e+01 -4.14817890e+01  3.45382703e+00
 -3.54773486e+01  7.03574982e+00  4.52252851e+00 -1.98732977e+01
  3.02849509e+01  8.66223510e+01  3.81557161e+00  4.01244827e+01
 -8.50749508e+00 -2.55578070e+01  2.62379382e+01  1.58574851e+00
  3.98800149e+01 -8.12221553e+00 -1.53540083e+01 -1.10534614e+01
  2.40593916e+01  1.14370019e+00  1.79947964e+01  2.76338282e+00
  1.94828816e+01  5.69594587e+01  7.47729170e+00  8.28715016e+00
  4.03191948e+01 -3.76775990e+01  6.59958890e+00  1.94426498e+01
 -2.69650928e+01  5.71986086e+00  9.29431438e-01 -4.61033521e+01
  1.95845709e+01  6.28791485e+00 -1.73456949e+01  2.24001810e+01
  2.41892227e+01 -6.67582709e+01  1.23599517e+01 -1.13767476e+01
  9.22599841e+00  2.94537565e+01 -3.06523274e+01 -2.87741224e+01
  5.92209984e+01 -8.76062884e+00  1.08307958e+01  1.08175452e+01
  4.27990897e+01 -2.76384217e+01 -2.38905235e+01  4.66791638e+01
 -2.76876185e+01  5.87553191e+01  1.45012132e+01  7.03765973e+01
  4.43119002e+00 -3.02617141e+01 -2.45054242e+00  1.85161165e+01
 -2.25842882e+01 -2.51519562e+01  2.62401698e+01 -1.68739044e+01
 -4.72130505e+01 -4.60829907e+00  4.44906475e+01  1.97220032e+01
  1.61145788e+01 -6.11641231e+01 -4.44588325e+00 -3.15438970e+01
  2.31397656e+00 -1.17227331e+01  2.95157570e+01  9.88057370e+00
  6.65448853e+00 -1.63199573e+01  4.32642576e+01  7.08195503e+01
  3.75161805e+01 -2.97861143e+01  8.86621947e+01  2.64401158e+00
  5.95789947e+01 -3.93456827e+01  2.38168617e+01  3.86126407e+00
  1.88770183e+01  2.72499972e+01 -5.58826428e+01  3.16825727e+01
  1.78312190e+01 -4.07016246e+01 -1.45162546e+01  2.78156533e+01
  1.16494954e+01 -2.52814984e+00 -1.03137449e+01  5.37382692e+00
  4.44125534e+01 -4.61898855e+01 -3.70783724e+00 -1.81714034e+01
 -5.66312658e+01 -1.61512881e+01 -6.89076278e+00 -3.40766987e+01
 -8.07660098e+00 -1.14800493e+01 -1.54598756e+01  4.20959547e+01
  2.34654051e+01 -5.19309574e+01  3.98991321e+01 -1.65192174e+01
 -2.05085843e+01  3.55220500e+01 -8.84210503e+01 -2.57968132e+01
  4.68321035e-01  2.56794164e+01 -8.52458951e+01  1.05822098e+01
  3.14047920e+01 -2.25615414e+01 -7.31513036e+01  4.03446171e+01
  1.14799940e+01 -3.24487718e+01  4.70772995e+01 -6.33685831e+01
 -8.57952034e+00  4.50482989e+00  1.66676249e+01  4.47464442e+01
 -5.98666846e+00 -5.47247342e+01 -3.92950151e+01 -1.38398890e+01
  8.03787502e+00 -3.60436489e+01  3.57220164e+00  3.04673439e+01
 -1.25674624e+00  7.98599772e+00 -1.26058243e+01 -2.62046038e+01
 -2.20673143e+01 -2.54551603e+01 -1.05408344e+00  3.77570777e+01
 -1.99592608e+01 -2.87705998e+01 -6.24351779e+01 -1.28662188e+01
 -1.35958274e+01  1.96752340e+01 -6.22501014e+00 -3.53508596e+00
 -1.63336133e+01 -1.93650830e+01 -2.33876641e+00  3.29148531e+01
  4.55382886e+01  3.91576579e+01 -4.21770074e+01 -7.55469433e+00
  6.39061445e+00 -4.63942024e+01 -7.25345760e+01 -1.02908383e+01]