[-7.00476044e+00  8.89084575e+00 -6.52547295e+00 -2.38773165e+00
  2.10720727e+01 -8.41169303e+00 -4.32433680e+01 -9.69487100e+00
  2.96561730e+01 -3.64883091e+00 -9.87294601e+00  1.04127401e+01
 -3.38373066e+00  1.76077432e+01 -4.42243546e+01  1.39311727e+01
  3.02910369e+01 -5.81858550e+01 -4.07646987e+01  3.54684963e+01
  6.42934388e-01  1.52398695e+01  7.62595868e+01  2.67611583e+01
 -1.49199830e+01  1.60210310e+01 -3.78060991e+01 -3.62104356e+01
  2.20277542e+00 -8.41328500e+00  2.50040298e+01 -3.09237262e+01
 -2.19913141e+01 -5.61292287e+00  6.12914204e-01  1.69422605e+01
 -6.76043903e-01  1.12409056e+01  2.97690392e+01  2.19258402e+01
  9.60186202e+00  1.26686610e+01 -1.27612735e+01 -9.41315728e+00
 -2.15326637e+01  1.43200160e+01  1.98366244e+01  6.17167420e+01
 -2.23612634e+01  7.21289246e+00  9.30697139e+00 -3.26907636e+01
 -4.76546813e+00 -3.69597212e+01 -3.55902941e+01 -5.01311068e+01
 -1.46680460e+01  1.70655840e+01  6.03835120e+00  1.35844827e+01
  3.98374783e-01 -2.21071743e+01 -1.48617236e+01  2.30253325e+01
 -5.36674454e+01  3.56359090e+00  1.71955566e+01  1.49577241e+01
 -3.48985834e+01 -2.65753964e+01  7.80632210e+00  3.17874803e+01
  2.51924232e+01 -4.23822085e+01 -5.18900184e+00  3.74498834e+01
 -4.27811533e+01  3.13855846e+00  1.45774519e+01  1.34770285e+01
  2.94739893e+01  8.74706478e+00  7.65567636e+00 -6.39949068e+01
  2.36622586e+01 -1.51182588e+01 -1.22658059e+01  3.25950586e+00
  5.29516875e-02 -1.20815945e+01  1.51526041e+01  1.51067334e+01
  9.38744202e+00  2.02557840e+01  9.72053880e+00 -5.29421975e+00
  2.67750178e+01 -9.15728150e-01  3.91898254e+01 -9.58309914e+00
 -6.76116217e+00 -3.23485172e+01 -4.39124702e+01 -1.85654718e+01
  1.38112298e+01 -4.68123041e+01 -2.50478229e+01  1.56693246e+01
  1.14059104e+01 -3.60517104e+01 -4.85017484e+01  3.23108961e+01
  2.65027254e+01 -3.28050645e+01  1.68653340e+01 -2.64462625e+01
  3.24676283e+01  2.15270353e+01  4.54885649e-01  1.85268065e+01
 -2.90951378e+01  1.44312936e+01 -3.40288663e+00  3.09285742e+01
  3.48554740e+00 -4.36615036e+01 -3.32312517e+01  6.57829310e+00
 -2.50536904e+01  6.85163506e+00  3.19481642e+00 -1.55931671e+01
  2.46643760e+01  6.64956233e+01  1.73856731e+00  2.66591147e+01
 -2.55914808e+00 -1.63094131e+01  2.03112624e+01  6.83628437e+00
  3.02052728e+01 -2.61412037e+00 -4.54523753e+00 -5.41328226e+00
  1.93510838e+01  5.50243924e+00  1.33287677e+01 -2.62277459e+00
  1.34604330e+01  3.82813809e+01  2.48528482e+00  3.86197533e+00
  2.39783911e+01 -2.89307882e+01  6.34415313e+00  1.78410355e+01
 -2.59888194e+01 -1.59000287e+00  1.98104465e+00 -3.46672685e+01
  1.50012139e+01  4.60255357e+00 -1.07862902e+01  2.52158893e+01
  1.39926442e+01 -4.83177661e+01  1.17476889e+01 -8.79545894e+00
  9.65071179e+00  2.29249419e+01 -2.25296312e+01 -1.73388430e+01
  4.57299411e+01 -1.26451440e+01  3.14165765e-01  9.18976731e+00
  2.88829397e+01 -1.90495870e+01 -2.40365186e+01  3.32195178e+01
 -2.22013656e+01  4.41281932e+01  1.17424386e+01  5.39309345e+01
  4.15941041e+00 -2.69969193e+01 -1.90256687e+00  1.67209344e+01
 -1.87549240e+01 -1.67953166e+01  2.02643200e+01 -1.08906506e+01
 -3.31186438e+01 -8.98666606e+00  3.51490440e+01  1.87239201e+01
  9.22473750e+00 -4.40619282e+01 -1.03112184e+00 -2.46456905e+01
  8.40648557e+00 -1.02153096e+01  2.72820694e+01  1.28729229e+01
  5.15852459e-01 -9.37501214e+00  3.22098119e+01  4.94868218e+01
  3.30196945e+01 -1.98554228e+01  6.97490465e+01  2.59398636e+00
  4.42740792e+01 -2.61147175e+01  1.54437062e+01  3.31534436e+00
  1.58374102e+01  1.63933889e+01 -4.15875573e+01  2.94718773e+01
  1.52160273e+01 -3.29163604e+01 -9.90797552e+00  1.90552121e+01
  1.38954367e+01 -9.92598566e-01 -7.41756279e+00  6.35748247e+00
  3.80885737e+01 -3.20458890e+01 -1.57530802e+00 -8.22081235e+00
 -4.06762963e+01 -8.55944870e+00 -5.70980713e+00 -2.62321077e+01
 -9.85576997e+00 -8.90714249e+00 -6.70903546e+00  2.78602319e+01
  1.75362591e+01 -3.83658992e+01  2.68473614e+01 -6.59339804e+00
 -1.22407015e+01  2.44241666e+01 -6.19361863e+01 -2.34660356e+01
  3.53313515e+00  1.96080883e+01 -6.03767036e+01  4.15382791e+00
  1.97246319e+01 -1.51558803e+01 -5.15506427e+01  3.03574057e+01
  5.80674633e+00 -2.74987839e+01  3.10625196e+01 -4.52613231e+01
 -9.29175961e+00  5.20119661e+00  1.38010201e+01  3.25498311e+01
 -3.03273328e+00 -3.97496125e+01 -3.71701181e+01 -1.38620954e+01
  1.01073439e+01 -2.46614945e+01  1.43366491e+00  2.17714100e+01
  2.78905415e+00  2.71670889e+00 -9.76599266e+00 -1.79683925e+01
 -1.24998900e+01 -2.04097786e+01 -2.58299650e+00  2.86143557e+01
 -1.70404478e+01 -1.46853849e+01 -4.85957349e+01 -8.01503867e+00
 -6.15274470e+00  1.08610246e+01 -6.70938579e+00  5.79350484e-01
 -1.80206278e+01 -1.41433683e+01 -5.28138225e+00  2.18614275e+01
  3.43019695e+01  3.16101500e+01 -3.14138613e+01 -2.92165679e+00
  6.14963681e+00 -3.20564880e+01 -5.33509231e+01 -6.88895348e+00]