[ -4.20799156   5.85568444  -3.27322394  -5.90324247  13.31334371
  -5.51068709 -19.28340203  -4.61761862  16.00060171  -3.93061559
  -4.02890846   7.6854958    0.62827149  10.76312862 -24.1294192
   6.33941146  18.62180243 -31.83324959 -22.86270817  19.0065068
  -1.00064802   6.62088744  41.42550948  13.82589916  -7.67726911
   9.81949645 -22.30573661 -17.44511887   1.76777927  -6.01560116
   9.24199939 -15.3495226  -12.56821265  -0.54037454   0.08583002
   9.24702625  -1.46929765   5.13055293  15.22208104  12.62197186
   6.43900015   8.63269943  -4.51101426  -5.56573082  -7.24258875
   6.65983506  11.31209874  34.34736921  -9.9436602    4.00197492
   5.21222591 -18.26917086   0.56137994 -19.63939057 -20.44853828
 -28.90081646  -7.09630462   9.37044526   2.56664312   7.20366598
  -0.81065656  -8.51118765  -7.37189437  11.57022276 -29.04863718
   2.34505723   7.64843891   9.43762668 -17.56614524 -15.00723756
   5.50618339  17.51929185  11.52605333 -23.53727216  -3.68727007
  19.50958062 -24.54731601  -2.04752165  10.23951609   6.76373529
  16.43135786   5.73998385   7.48922483 -33.1582738   13.70424001
  -9.38402829  -3.8085144   -0.65309873  -1.93262192  -3.96081988
   9.62982434   8.6869084    6.66692768   9.72348885   5.16389108
  -2.98427318  15.6291771   -2.43106254  21.94582834  -6.94218826
  -1.35806926 -15.03548959 -23.00720271  -5.18936109   8.17509373
 -24.51561924 -14.86923554   9.13026767   6.80586374 -18.74391348
 -22.71433371  18.00486633  13.29762654 -20.01070139   9.12174861
 -16.07778858  16.1332255   11.92513893   1.70692193  10.02437284
 -12.89125906   7.77993915  -0.72878027  17.68666576   1.93436665
 -25.42555335 -14.14510028   3.9628305  -11.1855233    4.16276738
   3.15449966 -11.80413799   9.40061431  34.29992342   3.43575335
  12.59973289  -6.64184916  -9.89829087   9.36264697   2.93311179
  16.40372407  -2.42109801  -3.78610803  -4.64792947   9.75291417
  -0.06345578   6.63490891   0.97213255   7.35688626  21.08857431
  -2.46754939   2.33016767  12.80765576 -15.46064776   3.97673206
   7.54120173 -12.40028252   2.43411532   0.1138282  -19.39931663
   8.35211137   4.46708266  -6.49562438  13.71704284  10.59670347
 -24.24716912   6.67340355  -3.32450047   4.97629651  11.85910364
 -11.00023848  -8.98328818  23.94390546  -5.23831985   2.76774457
   4.47158979  15.96251426  -8.42997598 -10.12813229  17.41727947
 -10.87348696  22.33076075   5.87729562  28.64216303  -0.7219901
 -13.15773804  -0.33913347  10.84341289  -8.3922341   -9.95549445
  12.5271177   -7.73377669 -20.34486267  -3.96935907  20.77999149
  10.87752193   8.00542826 -21.57752969  -0.81351576 -12.98199858
   2.31357308  -4.82893978  14.25751466   4.65300203  -1.92382581
  -4.48828332  15.44611743  27.83975409  15.37477763 -12.12279098
  37.65676965   1.41568456  26.10396772 -13.06166725   9.48569504
   1.87691759  10.5337373    6.60003092 -22.02738588  14.79368201
   7.47676292 -16.5749887   -3.77280637  10.86167173   8.16892577
   1.40506188  -2.28487848   1.3112541   18.6255755  -16.12410872
  -2.43304543  -4.10210788 -22.18908379  -2.21167561  -2.41873142
 -14.20861518  -6.04877348  -5.69116818  -4.71731106  14.36321947
   7.69092377 -22.48443127  14.29324922  -3.20356623  -4.22394959
  14.50284578 -31.83825475  -9.92714825   0.94118733  13.48603904
 -30.58323988   1.88992879  13.56656415  -9.54016049 -27.57830575
  14.99545781   2.79088079 -12.4923723   16.98218705 -23.92004228
  -5.68999615   1.01231529   5.05719639  16.90005802  -2.81417212
 -20.83020129 -18.51363277  -9.83094944   3.62633331 -12.98154124
   1.82794005  10.88436309  -0.12885444   1.81328656  -4.8770177
 -10.17007924  -7.79447513 -11.83593693  -1.06109899  17.18045787
  -6.9385202   -7.97958128 -22.76536588  -4.34529612  -4.31124695
   5.68063064  -2.73571937  -0.23188793  -8.50780993  -7.23058916
  -0.81903534  10.44981691  15.59270426  17.39989804 -17.91886256
  -1.36747177   5.06871863 -19.21150748 -28.20459744  -3.94152644]