[ -4.50246752   8.59650275  -4.4578626   -6.97888367  13.97072339
  -6.41338934 -21.86965979  -5.01025123  18.67906295  -3.71946865
  -2.02157837  11.5749979    5.21350711  11.45600358 -23.55448394
   4.06761726  17.92746307 -33.09996896 -22.2856279   21.65151003
   0.86208958  10.10567955  41.18577148  14.42072536  -7.03350066
  11.12491486 -24.73241958 -19.04815411   3.61815308  -6.95061938
   9.83022954 -16.64834069 -18.29655701  -0.65956416   1.42049836
   6.9312266   -1.04269805   3.43547242  17.2755104   10.02809232
   6.36393677  10.76110255  -5.56902732  -8.25819132 -10.26168158
   9.19427574   9.25641664  38.18236502 -14.12420264   3.9024467
   5.45470539 -20.26406327  -1.47061152 -20.53493911 -25.04420736
 -31.55518023 -10.64914271  12.52414989   3.27128639   7.39256702
  -0.25489553  -8.20235175 -15.08286626  12.69550606 -35.14692772
   2.50072505  10.99144935   8.92182199 -21.20304533 -15.70192305
   4.85838818  16.99789165  15.08988759 -24.35662277   1.02167966
  21.44082751 -26.9085692   -0.85320589   9.51756316   7.44493626
  15.46476926   4.10405514   7.66308887 -36.70578445  12.8470593
  -8.11947506  -2.71628489   0.09158209  -2.70765302  -6.43577792
   8.87047644   8.99736589   7.60084934   6.78969051   6.31928832
  -2.19743308  18.32872116  -2.01636926  28.2646327  -11.26354387
  -6.1469451  -17.51006357 -24.24238548  -7.20696063   9.27993146
 -30.13996766 -17.72933863  12.11658091   9.4060554  -21.85601079
 -28.6276723   20.67036165  12.91417181 -20.54152419   9.06705158
 -14.08036787  21.17890425  13.87930441   0.74245623  12.51160323
 -12.08900646   9.00865758  -1.93556675  20.78657643   2.06103574
 -27.37156835 -15.11230456   3.98997479 -15.58817093   2.75463741
   0.66936039  -8.43190554  11.22547869  39.8364888    4.10727409
  15.12651327  -6.08233369 -11.25824886  11.09834004   2.70021969
  17.92945835  -3.02933031  -5.05258889  -7.47952736   8.4556494
   1.15962292  11.66810447  -0.06614499  10.05045632  21.70835223
   3.17002578   0.63638241  14.4586559  -15.54526602   5.49897643
  10.01421708 -11.9861571    4.57814159  -0.26331607 -23.74060206
  10.35968828   3.35223646  -3.1571657   13.96777369   9.01684264
 -28.30100893   5.58679337  -5.44223911   3.79064231  13.10912496
 -14.35277596 -11.69808293  23.50261031  -2.46484099   1.65843809
   4.88848308  18.1061555   -7.94300598  -7.18644044  20.52033426
 -10.91023916  25.5692946   11.05828251  32.45783715  -3.50232111
 -16.9716153    0.04746167  11.9270475  -10.27745515 -11.14448576
  14.66664613  -6.37334362 -20.88057073  -5.4204247   21.96250034
  10.16479464   9.01442214 -27.21134118   2.53783777 -15.81622276
  -0.26525665  -5.0014795   14.70458801   6.44011005   3.67527196
  -5.74255191  17.11816678  28.8384471   14.08864861 -11.76477421
  41.76445154   0.72984325  28.14694587 -15.90805785  10.36055534
   1.05182979  11.51373016  10.06265643 -26.37064632  12.13871631
  10.40202927 -18.13402616  -7.30449436  12.41525755   4.39311457
   0.17372186  -5.18446346   1.16227295  19.2520731  -21.15443696
  -3.41766861 -11.46343157 -22.8796061   -3.77619107  -3.86689056
 -16.20147952  -1.92898564  -4.19142109  -7.45581286  17.41785461
   8.65380607 -25.43198083  16.40931244  -4.60269638  -7.88262335
  13.47514411 -36.86950869  -9.790289    -3.17343065  12.51550088
 -34.98024666   4.93758573  14.81681834 -10.702989   -32.36454945
  19.74683253   5.22760201 -14.27587117  18.31648619 -29.04988103
  -0.73962011   2.69371058   4.42762493  19.54173384  -2.37018825
 -21.0036249  -16.92436348  -7.50343854   5.69448239 -13.70040121
   1.39314158  15.89746185   4.11473418   6.77947056  -6.34406111
 -12.67560022  -8.82026359 -13.71874953  -0.62306799  19.42878719
  -7.18728751 -11.53955694 -26.25901121  -5.02572125  -4.773218
   8.983578    -3.81624423  -0.96905265  -8.26473568  -7.65552277
  -1.94534356   7.30827832  16.67147606  18.52912317 -19.59400271
  -2.14876696   5.21450876 -20.18646743 -31.44159307  -3.70752705]