[ -8.12817587   8.9035788   -6.40157844  -6.79718207  23.60479373
  -8.64282633 -39.08214099  -9.67967653  31.252253    -7.50139787
  -7.37782841  13.64445903  -1.35941343  18.96036671 -44.54947269
  11.46976265  31.48172752 -58.6075153  -40.00050861  35.03713675
  -0.33053243  13.87211278  74.20734014  26.76486885 -14.50524984
  15.78359823 -40.45709887 -35.99340797   2.60872774 -10.04386232
  20.44934442 -28.60416846 -22.85271873  -3.51611829   0.49477993
  15.74453446  -1.61556257  10.20254793  29.92654502  24.18624976
  11.62251872  13.80016535 -10.37232572 -10.98670159 -17.63309009
  12.3059363   20.73779128  62.1034419  -20.31206991   7.3109215
   8.07497794 -34.19244209  -2.17745774 -37.26347848 -36.21682176
 -51.91501001 -13.03594557  16.74402278   4.67704423  12.77000174
   0.76782767 -19.55854215 -14.91739167  20.54366937 -53.17398418
   3.53029414  15.30265834  15.27477272 -33.82442789 -27.01481069
  10.18419774  30.99902786  21.70797967 -41.0437528   -4.90731843
  36.69810528 -43.78272212  -1.00671694  18.21677469  14.21545556
  30.48350497   9.53629576  11.73501415 -62.6754768   22.66136554
 -15.86806273  -9.57262807   1.62634386  -2.30462106  -9.84030368
  16.34215428  16.20500811  11.23312691  18.79650937  10.43306367
  -6.68604209  28.09768664  -4.53956847  40.00077586 -12.46739588
  -5.24511658 -30.05571844 -43.44625947 -13.99102007  14.53946077
 -45.81464402 -27.07616043  15.48250321  11.40309904 -35.0190419
 -45.91173835  32.71357202  24.93341745 -34.98662408  17.42690237
 -28.42276225  30.77702623  22.63838951   2.0760222   18.59440537
 -25.93685216  13.66379865  -4.29292833  31.27828985   4.25540141
 -45.04630908 -29.95979713   5.58753452 -21.42809342   6.73631848
   3.76233694 -17.79133494  21.2690853   64.71037551   4.37833622
  24.00729035  -7.23551184 -17.59919604  20.67898393   5.23742234
  30.24600458  -3.57188071  -6.4038747   -5.88790444  18.65011345
   2.34002388  13.58646525  -1.70938258  14.06111653  39.17745149
  -0.69282092   4.48694139  22.48039266 -29.43927125   5.55900505
  15.96709379 -23.25977849   1.01844887   1.40858193 -34.57023228
  15.4009636    8.57477838 -11.39161749  23.22178933  16.87929703
 -44.58412269  11.73717512  -7.96019282   9.34650303  23.15917308
 -22.1883016  -17.93509619  45.20640921 -10.44600949   3.56457814
  10.46478833  28.33902786 -17.28121695 -20.66581945  34.34821311
 -21.17444641  43.04541918  10.20241765  53.13496684   0.52277382
 -26.32471964  -1.31477431  18.64538731 -17.6627178  -15.92100925
  21.89031625 -13.08185547 -35.95022488  -9.09997882  35.94515278
  19.14179682  12.2401864  -43.24691226  -2.14376833 -23.69111466
   5.52574628  -9.18165806  25.48741076   9.32428611  -3.08034686
  -8.20103323  30.28034117  50.61560456  27.44909709 -20.94654743
  68.74075376  -0.35799035  46.14037221 -23.91307051  15.57642625
   1.62150567  18.92036175  13.65167391 -39.7217159   27.36476473
  14.10719738 -31.2604014   -9.68278841  19.64675487  14.92744054
   0.15439062  -6.17329948   4.13360018  36.42935872 -31.56208429
  -3.41414557  -7.11861319 -40.3330032   -6.43144677  -4.55085988
 -26.69047288 -10.0797522  -10.46753267  -7.04468344  27.13040804
  16.00502831 -40.4628341   26.11945157  -7.83998359  -9.57950197
  26.48012381 -61.33028989 -20.41476209   0.60622083  20.94389976
 -59.2159464    3.38617288  22.34954248 -16.31917957 -51.15574942
  28.13963769   5.50928367 -24.83282531  31.28506213 -43.92342608
 -11.37438968   3.97189906  11.14206593  32.3648526   -4.74802369
 -39.86162538 -34.71307006 -15.71381086   9.4042175  -24.89067241
   1.93829277  20.2181347    1.03644481   4.19427839 -10.65916245
 -18.2228517  -12.57285979 -21.24801512  -2.24010271  31.18074704
 -15.77373914 -15.845689   -45.91513471  -9.70115948  -5.32699136
  10.40914867  -4.93731064  -0.59645859 -17.07223449 -13.92937105
  -2.95441345  20.17658182  31.70027235  30.43779606 -33.24042144
  -2.11149504   8.69098616 -34.88881083 -52.50498446  -8.25614652]