[-6.27719398e+00  1.08650830e+01 -9.94095642e+00 -4.39594250e+00
  1.83825020e+01 -9.76696899e+00 -3.27871804e+01 -7.15435877e+00
  2.95125551e+01 -4.54076643e+00 -9.10715405e+00  1.27364232e+01
  5.93925619e+00  1.31186292e+01 -3.63512669e+01  4.86154409e+00
  3.16060169e+01 -4.83501525e+01 -3.37769462e+01  3.18440240e+01
  1.89283986e+00  1.86010317e+01  6.42448821e+01  2.21553404e+01
 -1.27467527e+01  1.71453143e+01 -3.15380349e+01 -3.01126147e+01
  5.20230377e+00 -1.03171132e+01  2.25681075e+01 -2.59302016e+01
 -2.67499145e+01 -3.56207588e+00  4.20530163e+00  1.43812743e+01
  2.91613179e-01  5.58190047e+00  2.67940154e+01  1.48259173e+01
  6.66669347e+00  1.34111245e+01 -1.16982414e+01 -8.07990014e+00
 -1.60511741e+01  1.33322778e+01  1.05224182e+01  5.59678604e+01
 -1.88764124e+01  8.29856775e+00  1.19886238e+01 -3.03589210e+01
 -2.44620806e+00 -3.19658950e+01 -3.43500546e+01 -4.66732693e+01
 -1.81779738e+01  1.59499338e+01  8.96176379e+00  1.27292699e+01
  1.69471324e+00 -1.85207562e+01 -2.02487198e+01  2.10018725e+01
 -5.33704989e+01  5.96261371e+00  1.79918812e+01  1.60185616e+01
 -2.48062457e+01 -1.93052048e+01  4.47304943e+00  2.45152800e+01
  2.35248324e+01 -3.48215179e+01 -3.09660021e+00  3.23995562e+01
 -3.97941220e+01 -1.93899147e+00  1.19432958e+01  1.01989545e+01
  2.51918535e+01  5.29136744e+00  1.05965717e+01 -5.27877038e+01
  1.83681733e+01 -1.53064198e+01 -8.73423649e+00 -1.53145193e+00
 -3.53770502e+00 -1.00761262e+01  1.30496119e+01  1.36982396e+01
  1.13003242e+01  1.46308994e+01  1.03681911e+01 -1.05186287e+00
  2.75171825e+01 -9.75055305e-01  4.23755067e+01 -1.46713099e+01
 -1.23092376e+01 -2.69338992e+01 -3.63324086e+01 -1.55478608e+01
  1.54404330e+01 -4.16290180e+01 -2.00852201e+01  1.63995386e+01
  1.45139266e+01 -3.05878880e+01 -4.67852947e+01  3.02097007e+01
  2.17299507e+01 -2.98157101e+01  1.25124092e+01 -2.48937712e+01
  3.39904982e+01  2.35807821e+01  9.50779624e-01  1.75835079e+01
 -2.21144974e+01  1.17058386e+01 -6.25853916e+00  3.22748456e+01
  4.15381203e+00 -4.09789050e+01 -2.44245771e+01  4.00134931e+00
 -2.42148656e+01  3.77207723e+00  2.53347868e+00 -1.48213940e+01
  1.91482508e+01  5.81898833e+01  2.33863489e+00  2.54341750e+01
 -1.44950162e+00 -1.58176041e+01  1.52353790e+01  2.75582793e+00
  2.63192214e+01 -4.74546552e+00 -8.77797380e+00 -1.00960123e+01
  1.55176476e+01  3.20567132e+00  1.52060602e+01  8.01939338e-02
  1.42624431e+01  3.56528750e+01  3.80980250e+00  1.87178640e+00
  2.72911220e+01 -2.51078748e+01  8.06085039e+00  1.29105624e+01
 -1.84804041e+01  5.22420146e+00  2.70964843e-02 -3.24776340e+01
  1.23094092e+01  3.93873326e+00 -1.05959023e+01  1.79338605e+01
  1.53730149e+01 -4.61998206e+01  7.45230705e+00 -4.91546212e+00
  5.46794354e+00  1.79068716e+01 -1.94125740e+01 -1.79195110e+01
  3.70364923e+01 -3.46512616e+00  6.90908501e+00  6.62506177e+00
  2.84344483e+01 -1.66306454e+01 -1.42775398e+01  2.95931378e+01
 -1.63453840e+01  3.77403506e+01  1.28074178e+01  4.79772279e+01
  3.22576976e-01 -1.98529975e+01  4.65544038e-01  1.42729100e+01
 -1.18717378e+01 -1.68958186e+01  1.80595167e+01 -1.01073862e+01
 -3.13329211e+01 -3.69675097e+00  3.34197288e+01  1.35885343e+01
  1.00397634e+01 -4.16281996e+01  1.27024810e+00 -2.16696522e+01
  5.68943753e-01 -4.95543046e+00  2.28655968e+01  7.18089914e+00
  8.29020483e+00 -1.05771455e+01  2.63167613e+01  4.40629401e+01
  2.35451656e+01 -1.70551289e+01  6.28186297e+01  3.43151694e+00
  4.00914736e+01 -2.56379398e+01  1.58595298e+01  2.57604867e+00
  1.45856068e+01  1.83497011e+01 -3.87379340e+01  1.86973143e+01
  1.42404523e+01 -2.69837710e+01 -9.98215618e+00  1.72845605e+01
  7.00449940e+00 -1.70423302e+00 -8.25040650e+00  2.48103199e+00
  2.93868634e+01 -3.09442882e+01 -5.27989038e+00 -1.57802569e+01
 -3.76099441e+01 -8.59264275e+00 -6.40559544e+00 -2.34500163e+01
 -4.36282878e+00 -7.83725232e+00 -1.15767907e+01  2.75259203e+01
  1.52489926e+01 -3.41464512e+01  2.28970549e+01 -9.43360277e+00
 -1.20702058e+01  2.03701950e+01 -5.57733744e+01 -1.59539478e+01
 -2.91107179e-01  1.75937105e+01 -5.54564168e+01  6.40799950e+00
  1.85570240e+01 -1.37544114e+01 -5.01646263e+01  2.65104880e+01
  9.18313232e+00 -2.22378637e+01  2.87256772e+01 -4.13463348e+01
 -1.27232888e+00  4.37198879e+00  6.53401213e+00  2.81716293e+01
 -3.24329961e+00 -3.31551784e+01 -2.58804131e+01 -9.45880536e+00
  3.85107492e+00 -2.15531408e+01  3.42776182e-01  2.27696521e+01
  1.13471746e+00  5.68735468e+00 -7.19231040e+00 -1.82251739e+01
 -1.55286297e+01 -1.79096770e+01 -1.65968723e-01  2.56885747e+01
 -1.44991100e+01 -1.80575522e+01 -3.93160503e+01 -8.45984984e+00
 -1.13192146e+01  1.41173672e+01 -6.28195767e+00 -1.85733163e+00
 -1.36196667e+01 -1.05117463e+01 -1.95969631e+00  1.54531386e+01
  2.75975109e+01  2.70576174e+01 -2.77942909e+01 -3.25177838e+00
  7.86367818e+00 -2.87777751e+01 -4.69605947e+01 -6.49962022e+00]