[-5.40589984e+00  9.66880133e+00 -1.29708792e+01 -2.34015941e+00
  1.81755341e+01 -1.11920086e+01 -3.76306516e+01 -9.07034104e+00
  3.41368004e+01 -5.80571603e+00 -7.62307010e+00  1.45531626e+01
  6.17287507e+00  1.40263987e+01 -3.62588668e+01  1.81225523e+00
  3.56715137e+01 -5.24767683e+01 -3.63821669e+01  3.57138690e+01
  4.60482039e+00  2.37086850e+01  6.91480219e+01  2.55474900e+01
 -1.64811794e+01  1.81241852e+01 -3.27414609e+01 -3.53191280e+01
  4.47438971e+00 -1.38329859e+01  2.75479952e+01 -2.71338288e+01
 -3.29822383e+01 -3.13248292e+00  3.44788783e+00  1.48121179e+01
  2.34786169e+00  6.87457859e+00  3.07291625e+01  1.89805664e+01
  4.65977478e+00  1.40323312e+01 -1.36590812e+01 -1.32745329e+01
 -1.77457556e+01  1.66053561e+01  1.20784494e+01  5.84254061e+01
 -1.99190829e+01  9.19953354e+00  1.16649956e+01 -3.56490425e+01
 -1.38740404e+00 -3.90886889e+01 -3.87566840e+01 -5.01569943e+01
 -1.96075626e+01  1.74925544e+01  1.18693278e+01  1.68101432e+01
  2.55835828e+00 -1.86895347e+01 -2.41005211e+01  2.05128888e+01
 -5.92793464e+01  7.28767483e+00  2.26771002e+01  1.81138434e+01
 -2.87194129e+01 -1.77099834e+01  3.23708346e+00  2.68023219e+01
  2.57513039e+01 -3.73802438e+01 -5.74790541e+00  3.58579345e+01
 -4.75623732e+01 -2.72991711e+00  1.02408023e+01  1.40700210e+01
  2.84211463e+01  5.65488911e+00  1.30514737e+01 -5.55969907e+01
  1.82056522e+01 -1.59946879e+01 -1.45774804e+01  1.73867041e+00
 -1.96541932e+00 -1.28307290e+01  1.24742312e+01  1.98927470e+01
  1.10227261e+01  1.38880174e+01  1.50407816e+01  8.18872635e-01
  3.09635647e+01  1.16610914e+00  4.58867541e+01 -1.66341521e+01
 -1.51715610e+01 -3.25089138e+01 -4.22212083e+01 -2.01492597e+01
  1.68013689e+01 -4.81459328e+01 -2.37428107e+01  1.97594787e+01
  1.57097603e+01 -3.37713786e+01 -5.15454190e+01  3.70342306e+01
  2.59535975e+01 -3.16614404e+01  1.69058371e+01 -2.47742247e+01
  3.85433976e+01  2.85080818e+01 -5.87794104e-01  2.05931763e+01
 -2.41112537e+01  1.25445273e+01 -8.13340748e+00  3.26395754e+01
  9.73442433e+00 -4.82951324e+01 -2.89302202e+01  3.46649143e+00
 -2.82877546e+01  2.53690691e+00  1.37468932e+00 -1.38900736e+01
  2.35468202e+01  6.49761114e+01  1.03489740e+00  3.27685000e+01
  9.82687688e-02 -1.75373176e+01  2.27643524e+01  1.29588601e+00
  3.07106949e+01 -2.58771357e+00 -1.00661051e+01 -1.20911486e+01
  1.91009385e+01  7.09660838e+00  1.69196964e+01 -1.54669887e+00
  1.46631420e+01  3.65535888e+01  2.40448112e+00  2.39850008e+00
  2.98822701e+01 -2.83280025e+01  9.76164998e+00  1.36382807e+01
 -2.04297417e+01  9.36518506e-01 -2.19998333e+00 -3.34410874e+01
  1.22893855e+01  4.52806019e+00 -1.20610652e+01  1.93027989e+01
  1.52695153e+01 -4.98826524e+01  8.96418042e+00 -5.54876940e+00
  5.95815432e+00  2.17353300e+01 -2.05050811e+01 -2.14118671e+01
  4.60777921e+01 -3.21175282e+00  1.08308812e+01  3.96115266e+00
  3.21832636e+01 -1.75189614e+01 -1.60656175e+01  3.47868382e+01
 -1.73334205e+01  4.26589674e+01  1.21022989e+01  5.31736140e+01
  1.70752327e+00 -2.20538075e+01 -3.47485083e-01  1.43601349e+01
 -1.24959184e+01 -1.87938547e+01  2.06948872e+01 -9.65453999e+00
 -3.38098071e+01 -4.90618565e+00  3.40271069e+01  1.42524177e+01
  8.88618740e+00 -4.93672422e+01  2.11511221e+00 -2.15135793e+01
 -3.90400894e-01 -1.22582433e+00  2.54060078e+01  7.70833767e+00
  9.95691715e+00 -1.08335129e+01  3.33337751e+01  4.73200045e+01
  2.67059156e+01 -1.83038413e+01  7.09001591e+01 -1.96108759e-02
  4.60047103e+01 -2.69760719e+01  1.69159151e+01 -1.13366788e+00
  1.98084289e+01  1.93304330e+01 -4.33660316e+01  2.04734468e+01
  1.90068421e+01 -3.09539432e+01 -1.32573715e+01  1.90073336e+01
  7.46721427e+00 -7.59552019e+00 -1.01332172e+01 -1.20079506e+00
  3.35953584e+01 -3.40187207e+01 -7.82186679e+00 -1.40230041e+01
 -3.89912107e+01 -1.32303691e+01 -7.68267235e+00 -2.72859526e+01
 -6.81953312e+00 -7.90432481e+00 -1.28848536e+01  3.57648100e+01
  2.02420734e+01 -3.61556776e+01  2.41307427e+01 -8.10414339e+00
 -1.10190544e+01  2.51973237e+01 -6.08890692e+01 -1.91672623e+01
 -1.44264350e+00  1.91758633e+01 -6.12614756e+01  1.01739544e+01
  2.00119160e+01 -1.37600980e+01 -5.46986101e+01  2.68303695e+01
  1.14242156e+01 -2.37606756e+01  3.50418170e+01 -4.56490219e+01
 -2.52983123e+00  5.58492599e+00  5.45270728e+00  3.19355305e+01
 -2.88572435e+00 -3.57309582e+01 -2.82153592e+01 -8.47772600e+00
  5.71801510e+00 -2.61961329e+01 -2.41400857e-01  2.56436930e+01
 -1.67965604e+00  4.04360637e+00 -5.80091751e+00 -1.87472661e+01
 -1.58444420e+01 -1.72267438e+01 -1.76091984e+00  2.82706016e+01
 -1.83237675e+01 -2.01079357e+01 -4.56956737e+01 -1.39774860e+01
 -1.30160050e+01  1.75998524e+01 -9.60912854e+00 -2.34341020e+00
 -1.91306784e+01 -1.10910284e+01 -8.12281011e-01  2.03035217e+01
  2.65982154e+01  2.74200644e+01 -3.26356375e+01 -7.04243040e+00
  6.08396846e+00 -3.19527040e+01 -5.33098425e+01 -5.07670103e+00]