[ -3.11168401   8.90496475  -5.58332472  -4.83656337  16.12172585
  -6.88306016 -28.09086826  -7.44946491  21.5009742   -0.88402348
  -6.0132045    9.95211121   2.34758489  13.20583861 -29.45983863
   9.91036026  20.76042225 -41.28324162 -28.0408705   25.99236601
   1.90460127  12.58040686  51.67591903  18.81175525  -9.91673856
  12.49776776 -27.19278039 -22.58429474   2.87264193  -6.87432886
  17.48988391 -22.26493006 -18.79411254  -2.50356925   0.85464494
  12.29738369  -1.73552533   6.56019724  20.14888593  14.03596144
   6.32847648  10.66077903  -8.80801602  -6.81707346 -13.90075963
   8.73525887  12.05139778  43.39557079 -16.41854855   4.94408337
   5.71498372 -24.70047778  -3.60789234 -24.55979369 -27.40702781
 -37.98938804 -13.32501428  13.09217949   4.61915408   9.85473687
   0.06016235 -15.15666152 -13.99977792  18.18310402 -38.97504216
   2.10315268  13.67732837  11.97295549 -24.53651447 -18.56270603
   6.06147642  23.30056259  19.84963552 -27.3990909   -1.23978376
  26.64006591 -30.12034717   0.47601855  12.58768417   9.73507984
  18.70221736   6.15782808   7.4663342  -46.66682119  15.967446
 -10.42726345  -6.46978458   2.41256307  -1.29863095  -9.02970689
   9.97182638  10.90955823   5.69922744  11.03016269   8.01120144
  -4.16328089  20.22114142  -1.7420847   30.00792656 -11.27476752
  -7.69465687 -23.37741607 -31.19452654 -12.32226901   9.62423704
 -33.60780436 -18.0786717   11.78311282  10.38919467 -26.24871967
 -35.66709982  24.31849919  16.28730013 -23.84855587  11.61004611
 -19.95760928  24.6874765   16.77998745  -0.46142386  13.75051961
 -16.04825212  10.8162659   -2.6730817   26.03626925   1.76984087
 -31.448815   -21.13795085   4.18623718 -17.37402971   3.40457797
   1.25106957 -11.19957014  14.87559744  46.6869382    1.73449668
  18.17109778  -4.01825384 -12.76739492  13.87676699   4.95611878
  19.57803359  -3.88669747  -3.4904966   -5.42275613  10.43060308
   3.21566879  11.31849051  -4.00250102  11.51003412  27.3831393
   4.45589862   0.7737351   18.54726017 -19.38639389   4.18983639
  12.70621348 -16.02179702   2.2644228   -0.59540484 -24.83784356
  11.5293068    3.1512929   -7.21804864  16.75553124   9.91085477
 -36.81659286   6.94108251  -6.98001024   5.78758778  14.12435033
 -16.14800406 -11.92303496  28.72214059  -4.80772804   1.97340729
   5.70657131  21.15304553 -12.78210706 -14.64840175  24.82766601
 -15.18400056  32.20642803   9.76322573  38.16045704  -0.44494471
 -19.32010029   0.7231757   13.46717414 -10.5274168  -12.87510424
  15.68412381  -6.04452613 -24.52415169  -7.25885067  26.03072144
  13.1089668    8.01109592 -31.9089496   -1.028429   -20.23690305
   2.22422162  -5.58077809  19.69293794   8.75287589   4.04718072
  -9.23519143  21.88864289  35.30686815  20.77410266 -13.54334062
  50.02340913   2.29007987  30.98182668 -19.4641935   10.06704312
   2.74347616  12.09598875  12.12452528 -31.71252864  18.79611489
  11.11555956 -22.01903113  -7.5761168   14.60137771   6.79865756
  -1.26094804  -7.05180925   1.87441087  25.6538283  -22.95591615
  -1.48784697 -10.39515799 -29.66619246  -6.20767988  -4.71426835
 -18.47821823  -3.21186329  -6.68864185  -6.90455168  19.54720561
  12.69954205 -28.01196482  19.96762582  -6.44197322 -10.328934
  16.91216519 -44.73577883 -14.88493393   0.5935378   14.82480134
 -42.64284901   4.80282149  16.03279654 -11.15910705 -38.91206751
  23.51363473   6.09182166 -18.43292377  22.1090709  -33.91107649
  -4.39710256   2.09420056   7.96383113  23.1674767   -3.4906721
 -27.66035229 -22.93126727 -10.18325812   6.6252167  -16.26503786
   2.35416831  17.58145018   5.34966572   4.47433225  -8.38588496
 -13.75821694 -11.51857597 -15.8326678    0.75895752  22.42292116
 -11.40913534 -12.40715657 -34.12135848  -6.14825344  -4.79595133
  10.48135732  -5.93311458  -1.09007048 -12.4570514   -9.54518037
  -4.30085704  13.1676673   22.3097991   22.92759633 -23.44169306
  -1.40891758   4.68578705 -23.95816147 -37.90202824  -4.36774919]