[ -7.60857113  13.22709331  -6.89428374  -9.64346453  26.03181174
  -9.4003164  -44.57012843 -10.8078508   33.59520898  -6.29418952
  -7.23849889  17.34442103  -0.86509166  23.66127415 -49.27790725
  13.03631305  34.60027679 -62.51976533 -44.51156102  42.96686306
   0.82578251  13.59131546  83.71975557  29.99257982 -15.0713047
  17.35682392 -46.20652995 -40.06699812   3.34914578 -10.67369112
  23.84779588 -32.18625765 -27.92464416  -3.92976436   0.17760131
  14.80806343  -2.92513819  10.16176276  34.31119744  24.95481651
  10.98657063  17.35490975 -12.05603082 -13.16458753 -23.53713758
  16.98759702  22.53322328  70.17783238 -24.79665628   9.4238596
   8.37695746 -35.59948367  -1.42850624 -39.59848898 -43.89219176
 -56.94148559 -16.20479773  19.21836112   3.65618123  14.24536632
  -0.45180595 -19.68842334 -20.81472192  23.44475515 -61.06012017
   0.84742479  17.57885173  12.85483965 -40.78825725 -30.60583415
  11.93536408  33.76852988  27.87366815 -46.96681748  -1.14175311
  41.48173838 -49.15136576   1.54202233  17.86289938  14.20081967
  32.78881363   9.45845461   8.20899342 -71.13582449  23.34737586
 -15.82315318  -9.49827797   3.34351831  -2.31335826  -9.03449706
  17.52851358  15.45131637  12.07956361  17.17745007   7.92774598
  -7.71576116  32.18345984  -3.68688269  46.70510404 -16.42247086
  -6.72235757 -32.15890848 -47.13418643 -16.29890589  15.51122668
 -54.59716439 -31.61919163  18.49897195  13.08639021 -40.63040914
 -50.49647718  37.25580464  24.92736127 -38.43961917  17.67725838
 -30.56035636  37.6271211   25.09535451  -0.76004381  21.21037054
 -26.96202923  16.90603807  -5.31040103  39.57285832   2.69418608
 -48.86979927 -34.33226199   7.30653313 -25.3103994    6.94855495
   1.76019465 -16.05901365  23.50707422  73.49387875   6.27870873
  28.0457424   -9.91483198 -20.98830144  22.56447494   6.91739609
  33.68424741  -4.31789057  -6.13384556  -9.08673283  19.91490982
   1.87480469  16.06660553  -0.1681817   14.4256714   42.27075657
   3.73155      4.42660376  26.01688793 -29.86863629   6.24636156
  19.31005068 -24.92249629   3.6062154    2.58550693 -41.77971505
  18.81482917   8.73321896  -8.7771465   26.67064655  16.16217418
 -51.00160206  10.33662331 -12.42782553  11.58613351  24.32395581
 -26.14372206 -20.31067549  47.82951682 -10.7691713    2.40857139
   8.90620299  31.69836663 -17.21767992 -21.70108996  38.59252491
 -24.15006617  48.98998134  15.75235251  59.41555554  -1.80369951
 -33.20146533  -2.56423406  20.23312623 -21.08543825 -18.80717235
  25.21354298 -13.13608533 -38.1457114   -9.53853163  37.41640811
  19.30094284  13.16666589 -47.75380243   0.55713656 -27.13283464
   6.71613814 -10.50743682  26.22715789  12.81195627   1.17424092
 -10.63401402  34.42673918  55.59351075  31.51846279 -23.33535156
  76.75183731   0.33817784  50.46157097 -27.23384781  17.55660592
   3.29141895  19.39407347  15.62920181 -46.81095135  29.70906102
  16.82108744 -34.91307624 -12.34222045  23.1873697   13.28479808
  -0.12673595  -7.67717657   4.42960847  39.56046999 -37.63466243
  -3.02570555 -12.37539113 -44.46693717  -8.9690685   -3.17473922
 -28.40239353  -8.849187    -8.98792933  -9.09637554  29.39518867
  15.89279247 -44.9335863   32.76497459  -7.33012044 -12.06884899
  30.39542676 -69.4320843  -22.04435973  -2.14041241  20.91469456
 -66.65642112   4.60078747  26.03813197 -20.5845421  -58.56032641
  35.65185814   7.81890499 -28.13257243  34.48212928 -52.0185815
  -8.23662691   3.86373155  14.59935356  36.93144762  -5.21725656
 -42.8677434  -39.4288227  -16.06754209  11.44455553 -26.04233983
   1.90673998  23.28056405   5.28893469  10.47711229 -13.21128331
 -20.42091507 -12.45535463 -25.91090052  -0.67001802  35.50936443
 -14.76665346 -19.66191636 -54.55839956 -11.07494104  -4.72740646
  13.48819959  -7.88454121   0.35116856 -16.42312546 -16.22465204
  -4.51529238  21.67915606  36.24483556  35.25282119 -39.12039337
  -2.70634843   6.61620705 -39.17079814 -58.50112132  -9.67405935]