[-5.73024667e+00  7.11859677e+00  1.43132705e-01 -1.06957562e+01
  1.89391470e+01 -8.86729054e+00 -3.05047169e+01 -8.68379774e+00
  2.37187535e+01 -1.97903781e+00 -3.88490794e+00  1.19426819e+01
 -5.73062618e+00  1.83659895e+01 -3.79952255e+01  1.30609188e+01
  2.19208776e+01 -4.85030274e+01 -3.45003622e+01  3.07213875e+01
 -2.93784989e-02  7.30102326e+00  6.17079918e+01  1.86810716e+01
 -1.08875719e+01  1.34145127e+01 -3.52069626e+01 -2.68832425e+01
  2.33425220e+00 -6.67058890e+00  1.25498886e+01 -2.33427001e+01
 -1.49859787e+01  1.53755267e-01 -2.99802479e+00  1.29183933e+01
 -4.10219440e+00  7.82600645e+00  2.35997006e+01  2.08061527e+01
  1.10943406e+01  1.38098053e+01 -5.01120445e+00 -9.40578670e+00
 -1.61085620e+01  1.16471980e+01  2.05459801e+01  5.12485403e+01
 -1.79038731e+01  4.86492759e+00  5.89443211e+00 -2.35765698e+01
 -1.03638068e+00 -2.66582579e+01 -3.12890012e+01 -4.26193251e+01
 -9.77716660e+00  1.60816132e+01  7.00917434e-01  9.08804552e+00
 -1.57516054e+00 -1.41471685e+01 -1.15031093e+01  1.77696465e+01
 -4.07670223e+01  1.08159231e-01  9.25930045e+00  9.10877069e+00
 -2.96318508e+01 -2.45639516e+01  1.05496093e+01  2.72587250e+01
  1.77901713e+01 -3.54618934e+01 -8.63429923e-01  2.93760311e+01
 -3.48705368e+01  4.83482436e-01  1.71552462e+01  1.08627812e+01
  2.19900075e+01  8.12248252e+00  7.77774417e+00 -5.39132064e+01
  2.23395941e+01 -1.27183431e+01 -3.52453842e+00 -2.28079282e-01
 -1.35694740e+00 -8.08083262e+00  1.44972697e+01  1.10396133e+01
  9.65270518e+00  1.52620629e+01  6.56322283e+00 -7.13169827e+00
  2.18617369e+01 -1.26770221e+00  2.89667339e+01 -8.26110157e+00
 -1.84361767e-01 -2.22486014e+01 -3.25723338e+01 -9.48685154e+00
  1.25680405e+01 -3.64304334e+01 -2.42884329e+01  1.29685710e+01
  9.38372044e+00 -2.79031325e+01 -3.20583381e+01  2.44839054e+01
  1.70714497e+01 -2.85340251e+01  1.13070092e+01 -2.19399346e+01
  2.22484564e+01  1.36458196e+01  5.05556300e-01  1.49695616e+01
 -1.96958965e+01  1.25741464e+01  1.40779255e+00  2.66541821e+01
 -2.36612388e+00 -3.54281417e+01 -2.33718023e+01  6.18385243e+00
 -1.55092694e+01  6.56351672e+00  5.10591297e+00 -1.40070632e+01
  1.40715560e+01  5.34291329e+01  6.23262578e+00  1.65823455e+01
 -1.19095404e+01 -1.58253701e+01  1.51170400e+01  5.20303013e+00
  2.45370785e+01 -4.55084280e+00 -4.67548070e+00 -4.72642075e+00
  1.44984493e+01  1.01149994e+00  9.21135066e+00  1.44975099e+00
  1.13365840e+01  3.13694268e+01 -1.29983925e+00  4.32041644e+00
  1.70162513e+01 -2.26481421e+01  1.53522819e+00  1.48347929e+01
 -2.05844667e+01  3.57601801e+00  6.24087736e-01 -2.87730413e+01
  1.37906423e+01  7.69316992e+00 -7.86538984e+00  2.27120799e+01
  1.19403238e+01 -3.37543056e+01  1.03572098e+01 -8.90943309e+00
  9.35815077e+00  1.67388372e+01 -2.04039456e+01 -1.33006841e+01
  3.45730916e+01 -1.02032656e+01 -2.09777407e+00  9.38766501e+00
  2.27269502e+01 -1.11713963e+01 -1.63178205e+01  2.63968013e+01
 -1.73057571e+01  3.46521699e+01  8.48450015e+00  4.09692618e+01
  1.32087179e+00 -2.26258011e+01  1.45216947e-02  1.71253757e+01
 -1.58514006e+01 -1.50609093e+01  1.74919073e+01 -1.16152079e+01
 -2.91033794e+01 -7.78987215e+00  3.02788782e+01  1.58607522e+01
  1.23851928e+01 -3.24928082e+01 -3.55336092e+00 -2.26354207e+01
  5.37219515e+00 -1.18436684e+01  1.92992505e+01  9.00729367e+00
 -4.57745980e+00 -8.48014968e+00  2.46136332e+01  4.17795329e+01
  2.43975270e+01 -1.82036067e+01  5.30635711e+01  3.12929280e+00
  3.95160177e+01 -1.89730758e+01  1.23531828e+01  5.18107725e+00
  1.28670659e+01  9.37610407e+00 -3.05932108e+01  2.33708331e+01
  1.14623655e+01 -2.35523358e+01 -3.68808341e+00  1.60157197e+01
  1.29966536e+01  3.31671581e+00 -3.16145218e+00  3.94793861e+00
  2.72293619e+01 -2.71036312e+01  5.62306608e-01 -6.96141434e+00
 -3.21982765e+01 -3.73358951e+00 -3.22882137e+00 -1.83214551e+01
 -7.47989477e+00 -6.91500080e+00 -5.29914808e+00  1.84297169e+01
  1.08196283e+01 -3.36289507e+01  2.49512064e+01 -7.20506988e+00
 -9.04659094e+00  2.02457126e+01 -4.95441545e+01 -1.70915721e+01
  1.81714423e+00  1.63429392e+01 -4.56972168e+01  2.36256039e+00
  2.09876333e+01 -1.40466078e+01 -4.02168683e+01  2.59616371e+01
  3.56910948e+00 -1.95650547e+01  2.26944966e+01 -3.69599530e+01
 -8.85298254e+00  3.25701110e+00  1.06228730e+01  2.52143672e+01
 -3.98739943e+00 -3.00808014e+01 -2.79472825e+01 -1.24645508e+01
  9.65997220e+00 -1.94253864e+01  4.24836298e+00  1.51576283e+01
  4.83979936e+00  4.25214736e+00 -9.56366167e+00 -1.39210460e+01
 -1.20382163e+01 -2.02686639e+01 -1.76962180e+00  2.52232956e+01
 -8.83374552e+00 -1.17414258e+01 -3.60474201e+01 -5.49979131e+00
 -3.01627168e+00  8.17702424e+00 -2.40229960e+00 -1.82944928e+00
 -1.04342031e+01 -1.30001722e+01 -2.44620613e+00  1.58200184e+01
  2.64994420e+01  2.41658846e+01 -2.54364610e+01  2.56847249e-01
  4.73262680e+00 -2.85801467e+01 -4.36065030e+01 -5.73562312e+00]