[-8.40355703e+00  1.37244093e+01 -7.66664689e+00 -1.36665535e+01
  2.54378874e+01 -1.25933677e+01 -4.01992321e+01 -1.00079232e+01
  3.11724618e+01 -5.71113798e+00 -5.92672153e+00  1.71171098e+01
  1.43291133e+00  2.19336248e+01 -4.68500143e+01  1.29973369e+01
  3.55747593e+01 -6.09538933e+01 -4.40328018e+01  3.97384361e+01
 -1.66511478e+00  1.34936766e+01  8.21312201e+01  2.67465943e+01
 -1.41470289e+01  1.96915076e+01 -4.50172262e+01 -3.34127191e+01
  4.00880809e+00 -1.01855756e+01  1.81669515e+01 -3.13521006e+01
 -2.65831152e+01  1.07230902e+00 -1.20988161e+00  1.67838515e+01
 -1.93370611e+00  8.62545507e+00  3.09593544e+01  2.31127958e+01
  1.09513757e+01  1.93581339e+01 -8.86756175e+00 -1.22923168e+01
 -1.70567952e+01  1.64903241e+01  2.21598120e+01  6.88408974e+01
 -2.29530972e+01  7.20013867e+00  1.03907040e+01 -3.54987796e+01
  1.10963195e+00 -3.82495066e+01 -4.31853046e+01 -5.75862925e+01
 -1.52044708e+01  1.88548505e+01  4.29042394e+00  1.27164931e+01
 -2.95025703e+00 -1.52379136e+01 -1.92024184e+01  2.49097483e+01
 -6.05677126e+01  4.82322583e+00  1.58911198e+01  1.70006292e+01
 -3.72328557e+01 -3.04396159e+01  9.72131591e+00  3.42166722e+01
  2.64374368e+01 -4.80072819e+01 -1.56135814e+00  3.90935535e+01
 -4.84124922e+01 -1.80839369e+00  1.81019503e+01  1.27110240e+01
  3.04774899e+01  1.02309537e+01  1.40328930e+01 -6.67777218e+01
  2.64935481e+01 -1.47843383e+01 -7.89700701e+00 -6.80405095e-01
 -2.84135967e+00 -8.23966160e+00  1.76063150e+01  1.70625859e+01
  1.34110665e+01  1.75816515e+01  9.54542442e+00 -4.08779867e+00
  3.06415080e+01 -1.48147313e+00  4.50930011e+01 -1.37610238e+01
 -3.73032148e+00 -3.00123373e+01 -4.54289239e+01 -1.03937362e+01
  1.71580854e+01 -5.25095548e+01 -3.14149925e+01  2.16161460e+01
  1.49095147e+01 -3.88129259e+01 -4.64279351e+01  3.65033222e+01
  2.49419393e+01 -3.94827319e+01  1.64740088e+01 -2.90025278e+01
  3.30840114e+01  2.27035779e+01  2.07075607e-02  2.04999563e+01
 -2.42020493e+01  1.65475703e+01 -6.83935765e-01  3.60401928e+01
  2.77431153e+00 -5.15911751e+01 -2.75419060e+01  8.87840632e+00
 -2.55651993e+01  6.73912275e+00  5.27819265e+00 -1.95648220e+01
  1.90976387e+01  7.12934916e+01  6.41896176e+00  2.75406207e+01
 -1.39203736e+01 -2.10715126e+01  1.93296552e+01  6.18470216e+00
  3.33623131e+01 -4.35328674e+00 -8.55369547e+00 -1.16140030e+01
  1.85355490e+01  1.61786624e+00  1.38624833e+01  2.81284397e+00
  1.62138933e+01  3.90291464e+01 -1.76231098e+00  2.57424072e+00
  2.65202752e+01 -3.12298036e+01  8.95777463e+00  1.67473775e+01
 -2.45362578e+01  5.15227091e+00 -2.56152818e-01 -4.12982081e+01
  1.86383227e+01  5.99652789e+00 -8.34039017e+00  3.08311897e+01
  1.87171337e+01 -5.07081953e+01  1.17990763e+01 -8.90576550e+00
  9.37894664e+00  2.36417433e+01 -2.45511661e+01 -1.79689424e+01
  4.58619792e+01 -9.18510585e+00  2.59557199e+00  9.04423581e+00
  3.33590144e+01 -1.43763934e+01 -1.90847760e+01  3.58137215e+01
 -2.18063695e+01  4.48201097e+01  1.55277431e+01  5.79284368e+01
 -1.38765349e+00 -2.86576028e+01 -2.07248661e+00  2.26351335e+01
 -1.95496038e+01 -2.16425494e+01  2.43763361e+01 -1.35279829e+01
 -3.84475663e+01 -9.45500804e+00  4.08347148e+01  1.89763402e+01
  1.56214263e+01 -4.48056288e+01  3.02996380e-01 -2.76957694e+01
  2.27171363e+00 -1.08672592e+01  2.87382112e+01  1.32880810e+01
  1.92476441e+00 -1.09603886e+01  3.16796418e+01  5.41661984e+01
  3.17611567e+01 -2.34580457e+01  7.42492136e+01  3.43644340e+00
  5.03855623e+01 -2.66623494e+01  1.81155713e+01  5.83697409e+00
  1.93863063e+01  1.52637882e+01 -4.65223955e+01  2.96324462e+01
  1.87047135e+01 -3.28132622e+01 -7.28551504e+00  1.97684517e+01
  1.35533151e+01  3.76951302e+00 -5.01714496e+00  4.95516338e+00
  3.58215228e+01 -3.59152700e+01 -2.54812989e+00 -1.36011203e+01
 -4.37444346e+01 -5.50290445e+00 -7.98640535e+00 -2.82744407e+01
 -1.04783375e+01 -9.10633711e+00 -1.20439322e+01  3.04093851e+01
  1.53481037e+01 -4.42378994e+01  2.98215738e+01 -5.23669961e+00
 -1.11818491e+01  2.69750376e+01 -6.43637357e+01 -1.98371818e+01
 -4.27066141e-02  2.54778168e+01 -6.11692658e+01  6.45952358e+00
  2.72766915e+01 -1.93316924e+01 -5.52137853e+01  3.35376618e+01
  6.85589881e+00 -2.49505110e+01  3.36719791e+01 -4.95849588e+01
 -6.81814045e+00  3.22951802e+00  1.09957886e+01  3.46055454e+01
 -4.61666660e+00 -3.74387183e+01 -3.68630770e+01 -1.64411130e+01
  9.83275612e+00 -2.54051932e+01  3.44991974e+00  2.61742899e+01
  5.11475626e+00  6.73628831e+00 -1.00596083e+01 -1.87078247e+01
 -1.63110634e+01 -2.57347302e+01 -1.65567354e+00  3.46796962e+01
 -1.34250213e+01 -1.79271027e+01 -4.79842026e+01 -8.17793452e+00
 -6.02070389e+00  1.41326558e+01 -6.27932542e+00 -1.39742096e+00
 -1.57825432e+01 -1.51062453e+01 -4.62917088e+00  1.89400443e+01
  3.10231676e+01  3.47420979e+01 -3.52710246e+01 -3.92031762e+00
  9.01953106e+00 -3.71099554e+01 -5.83989761e+01 -7.11743055e+00]