[-3.83072785e+00  1.59513478e+01 -1.27085242e+01 -5.65004360e-01
  2.35473839e+01 -1.02155094e+01 -4.67639960e+01 -1.08810509e+01
  3.19773400e+01 -4.48566367e+00 -1.27895795e+01  1.17774538e+01
  8.76913967e+00  1.72083014e+01 -4.78613583e+01  1.37877035e+01
  4.02071181e+01 -6.60386900e+01 -4.46707906e+01  4.35059533e+01
  3.65875914e+00  2.35787100e+01  8.57837489e+01  3.03102043e+01
 -1.57019647e+01  2.27061556e+01 -3.99054577e+01 -3.91331115e+01
  5.22969324e+00 -1.31332398e+01  3.28527169e+01 -3.71643231e+01
 -3.44737197e+01 -8.93381051e+00  5.98764068e+00  2.16439672e+01
 -1.89501892e+00  1.08584751e+01  3.26111217e+01  1.83104267e+01
  7.42984259e+00  1.25818032e+01 -1.87706964e+01 -7.38443504e+00
 -2.26261524e+01  1.67829761e+01  1.15423979e+01  7.20162057e+01
 -2.55065739e+01  1.00776213e+01  1.46426637e+01 -3.89725820e+01
 -6.07229363e+00 -4.12968905e+01 -4.45337117e+01 -6.05373172e+01
 -2.25759609e+01  1.96250089e+01  1.07129919e+01  1.74575447e+01
  1.37736252e+00 -2.72827176e+01 -2.41830730e+01  3.10605877e+01
 -6.89407490e+01  5.05309550e+00  2.42911284e+01  2.25040317e+01
 -3.83184795e+01 -2.78008348e+01  4.92583761e+00  3.56501456e+01
  3.53884239e+01 -4.61541171e+01 -4.83807565e+00  4.33328369e+01
 -5.06145578e+01  2.29646264e+00  1.43883339e+01  1.34594900e+01
  3.28797714e+01  9.52497122e+00  9.29893822e+00 -7.12909441e+01
  2.45496803e+01 -1.82161355e+01 -1.46205360e+01  4.38482919e+00
 -3.85082431e+00 -1.42258018e+01  1.42857912e+01  1.74236970e+01
  9.29686443e+00  1.81841733e+01  1.14965286e+01 -2.75945404e+00
  3.34150238e+01 -3.96681244e-01  5.39600365e+01 -1.93508520e+01
 -1.72334746e+01 -3.78203900e+01 -5.20230742e+01 -2.42829787e+01
  1.69732602e+01 -5.20717338e+01 -2.48255545e+01  1.83117148e+01
  1.68781909e+01 -4.24971314e+01 -6.33612753e+01  4.01703279e+01
  2.87820584e+01 -3.89629316e+01  1.75519803e+01 -3.08106844e+01
  4.57872401e+01  2.90330940e+01  3.15159603e-01  2.00584095e+01
 -3.04571761e+01  1.70620594e+01 -7.91215012e+00  4.27091521e+01
  5.97116911e+00 -5.07780634e+01 -3.71665820e+01  8.74953299e+00
 -3.28915314e+01  7.00464852e+00  1.62784908e+00 -1.84849949e+01
  2.67413156e+01  7.46243601e+01 -2.84091197e-03  3.40957895e+01
 -3.23932783e-01 -1.80236863e+01  1.92155568e+01  7.24171161e+00
  3.32766401e+01 -4.15688556e+00 -7.31134750e+00 -1.21632231e+01
  1.62298958e+01  4.98654249e+00  1.79936560e+01 -5.10894722e+00
  1.76001119e+01  4.56463721e+01  9.13942339e+00  1.77647845e+00
  3.36971436e+01 -3.11993180e+01  9.55590438e+00  1.92662827e+01
 -2.60148615e+01  3.21240205e+00 -7.25152968e-01 -4.01542017e+01
  1.75212273e+01  2.63064510e-01 -1.22117101e+01  2.34410546e+01
  1.72875763e+01 -6.55175463e+01  9.79461886e+00 -8.08087015e+00
  7.54174250e+00  2.26592888e+01 -2.46632855e+01 -2.25811743e+01
  4.64222355e+01 -8.43580821e+00  7.56658091e+00  6.83013800e+00
  3.46452702e+01 -2.50765179e+01 -2.25937712e+01  3.76276536e+01
 -2.34773737e+01  5.30373384e+01  1.76174765e+01  6.37664397e+01
 -4.61853982e-01 -2.94666565e+01 -1.21665459e+00  1.71174021e+01
 -1.51744340e+01 -2.16611263e+01  2.44402535e+01 -8.37212067e+00
 -3.75405354e+01 -6.88992201e+00  4.22364428e+01  2.06238141e+01
  1.13980192e+01 -5.45890190e+01  1.50420612e+00 -2.93099867e+01
  4.83227984e+00 -7.02981687e+00  3.33677302e+01  1.60146962e+01
  1.31230988e+01 -1.45595857e+01  3.51064918e+01  5.74882030e+01
  3.61978582e+01 -1.93091735e+01  8.26325336e+01  6.58622069e+00
  4.72195327e+01 -3.67647447e+01  1.84833432e+01  2.16402966e+00
  1.87950564e+01  2.49094976e+01 -5.39914955e+01  2.95898238e+01
  1.85455354e+01 -3.77375058e+01 -1.31656360e+01  2.46076630e+01
  9.56510729e+00 -1.49605823e+00 -1.40323007e+01  5.41667179e+00
  4.27187468e+01 -3.49976466e+01 -3.35494933e+00 -1.90913713e+01
 -4.88780127e+01 -1.08660111e+01 -4.82298475e+00 -3.25961058e+01
 -3.89863290e+00 -9.04774297e+00 -1.20415377e+01  3.58255014e+01
  2.23649685e+01 -4.42300230e+01  3.17693646e+01 -1.01355391e+01
 -1.69231094e+01  2.66968028e+01 -7.20982208e+01 -2.58415658e+01
  2.50212305e+00  2.51999846e+01 -7.19695259e+01  8.77195176e+00
  2.38443848e+01 -1.74358241e+01 -6.44970746e+01  3.77129361e+01
  1.30931258e+01 -3.22214272e+01  3.69731968e+01 -5.60632030e+01
 -3.24780387e+00  2.26676929e+00  1.22083423e+01  3.69259098e+01
 -3.59431286e+00 -4.72778170e+01 -3.66883145e+01 -1.59553673e+01
  7.11661853e+00 -2.54636969e+01  1.78555358e+00  2.94153489e+01
  5.02091293e+00  5.40841898e+00 -1.01740138e+01 -2.44424444e+01
 -1.90175012e+01 -2.11849950e+01  3.39480702e-01  3.19070184e+01
 -2.13329106e+01 -2.07889297e+01 -5.54598599e+01 -8.56873400e+00
 -1.24044431e+01  1.64788865e+01 -1.22439616e+01  2.35900623e+00
 -2.00833511e+01 -1.36987545e+01 -5.51499797e+00  2.22967321e+01
  3.67029288e+01  3.89783010e+01 -3.71529530e+01 -5.05461355e+00
  5.90789416e+00 -3.67683877e+01 -6.22493613e+01 -7.59860692e+00]