[  -6.91108633   17.66779766  -18.20696654   -2.64716535   31.58703339
  -18.78999051  -70.03809372  -14.5913799    49.73896832   -0.8293146
  -18.99611339   17.27733722    1.05852783   30.00456762  -74.68617823
   20.57991596   56.38623346  -92.99282986  -71.44038092   63.20669655
    4.72939376   32.51346372  130.39128878   46.10167706  -26.80924856
   29.85122867  -58.10722744  -59.91619182    7.35907922  -17.05834576
   48.97225669  -52.69295968  -45.508723     -8.21634438    3.52874936
   33.53332498   -0.97868861   13.79614931   53.22074076   30.89582807
    9.18545888   24.52861665  -24.06410777  -11.93969835  -36.69488582
   27.82482625   25.41653532  105.68300973  -38.02782577   16.29855746
   19.92247073  -53.0509893    -4.99312761  -59.59135361  -62.73362084
  -87.11811072  -36.04478655   30.66797019   16.61619932   27.0145871
    2.89906613  -42.05620204  -31.59999173   43.9429452   -98.73218192
    7.38553408   32.0064128    26.44427502  -51.07838321  -37.03209632
    9.40259278   50.19903514   49.51043751  -70.60702476   -7.7432928
   61.76835884  -72.25218438    0.67219042   20.34156555   18.64422386
   49.65535516    9.79736801   12.34941001 -108.52765596   38.58847614
  -27.63768622  -19.66461681    5.19588195   -0.6004664   -19.21511803
   21.97077461   22.84994476   15.71976937   31.28511679   16.48930911
   -4.58524772   46.95569323    4.22310026   73.21554122  -19.1185554
  -20.14303514  -53.00362729  -69.50663953  -33.77121435   28.95454656
  -79.83711319  -34.88638364   27.19627201   23.63852724  -60.77666225
  -86.30681369   57.21353887   39.42185044  -52.16468101   20.92570986
  -47.77028082   65.37673069   40.9527184    -1.65626343   30.11682338
  -48.18667259   26.86492344  -10.2307998    62.34876234    3.90962503
  -75.38090123  -54.21624197    7.50657766  -48.34640196    8.05482364
    3.02304357  -24.32935156   40.32236609  109.57875233    0.57345131
   53.49164321   -1.62889273  -30.42117385   28.5465093     8.55341776
   46.10869692   -8.60108458  -12.54941532  -15.32446595   31.69456666
    7.99196459   21.64067984   -0.27791857   22.61799369   67.83912059
   10.18230267    6.0719071    54.1858879   -47.65989347   12.69883151
   27.70058923  -39.30564448    2.11901496    0.21730968  -58.68586317
   25.52497569    1.84338757  -22.20557406   36.51599243   24.54193734
  -91.5026688    17.10346027  -14.63290639   12.92067155   34.87720913
  -35.42123456  -30.80660092   75.58684703  -13.86288339    9.61345572
    8.05981266   56.05070589  -36.31437566  -38.28790379   56.31758795
  -35.70591699   75.65723637   21.92470843   90.94672792    9.15405426
  -40.15363195   -2.44362484   23.48070143  -27.1927366   -32.72026656
   33.03155907  -17.82931492  -57.80335305   -7.00010544   58.43982668
   25.70885369   15.38565932  -76.95503711   -1.42603386  -41.56044004
    8.99258729  -12.32353385   45.41721102   18.8115631    14.73350438
  -23.0016461    55.84129018   85.42633343   55.70345846  -36.12405721
  117.53237996    9.98467295   71.43991835  -50.07227149   30.09415016
    7.9181409    22.69567742   34.05385559  -75.56187259   46.21345139
   26.39071396  -54.46435072  -17.70351449   31.65037708   15.53913081
   -5.37017457  -13.52821311    7.00885492   59.30383168  -56.49547783
   -4.52816331  -21.75463722  -73.13041374  -20.42725715   -9.96564475
  -42.24979754  -12.510539    -12.00778609  -18.69327443   51.36920969
   31.56108797  -61.29292134   47.43195202  -16.08731035  -24.80878494
   41.70936305 -107.36049074  -35.73439871    6.24507484   32.64426982
 -105.94740386   10.75672247   34.3917511   -25.18127851  -92.9634826
   53.29551517   15.67659577  -44.07820807   57.75906648  -80.05111447
   -6.58405267    5.66768365   24.61212199   55.45658346   -4.67502175
  -67.84158835  -57.1017525   -19.64607863   10.04996164  -42.26129543
    2.30159421   38.78986849    3.31689931    4.063183    -15.89804601
  -30.37270063  -27.19609888  -30.76451189   -2.08016896   45.63321182
  -26.401798    -30.60482748  -80.67199279  -15.41676783  -19.08051474
   27.91151978  -15.26737429   -1.02162698  -26.09342646  -24.07790685
   -7.72444517   40.14259707   55.84106664   54.8012582   -51.64507637
   -9.50108807    9.19561251  -54.11676183  -88.23479335  -11.69230244]