[-5.55723041e+00  1.21511658e+01 -8.69967780e+00 -7.39554319e+00
  2.37184118e+01 -1.11208945e+01 -4.36986808e+01 -6.97544099e+00
  3.18431881e+01 -6.79030326e+00 -5.62071929e+00  1.76418797e+01
  4.75601790e-01  2.22327566e+01 -4.83864608e+01  1.33925138e+01
  3.52093235e+01 -6.19880545e+01 -4.53912238e+01  4.20972442e+01
 -7.93826919e-01  1.41457909e+01  8.08938315e+01  3.08579930e+01
 -1.70084289e+01  1.60318894e+01 -4.59686624e+01 -4.02282833e+01
  2.26422459e+00 -1.23162997e+01  2.29378777e+01 -3.15193073e+01
 -3.05438946e+01 -3.07056083e+00  1.33355815e+00  1.62364969e+01
 -2.83070335e+00  9.31132724e+00  3.55459025e+01  2.67219542e+01
  9.18006481e+00  1.74708347e+01 -1.15314530e+01 -1.09659248e+01
 -1.92876779e+01  1.61138194e+01  2.06192324e+01  6.81620836e+01
 -2.49738705e+01  1.00869491e+01  1.08055568e+01 -3.66008636e+01
 -8.89747647e-01 -3.89580012e+01 -4.33811908e+01 -5.63255350e+01
 -1.92255923e+01  1.79225367e+01  6.59991112e+00  1.55337770e+01
 -8.24690526e-02 -2.21642440e+01 -2.07993869e+01  2.43563171e+01
 -6.38835306e+01  3.20223268e+00  1.87554563e+01  1.43689786e+01
 -3.64175346e+01 -2.95605098e+01  1.06845953e+01  3.20459241e+01
  2.61610624e+01 -4.52316167e+01  5.80534863e-01  3.94969792e+01
 -4.65379809e+01 -1.17576037e+00  1.98448925e+01  1.71958516e+01
  3.34602215e+01  9.16819320e+00  1.12951140e+01 -6.92119777e+01
  2.56646406e+01 -1.67141245e+01 -7.52376915e+00  7.67279472e+00
 -3.25826789e+00 -9.17166050e+00  1.63595015e+01  1.51716971e+01
  1.13557053e+01  1.60176427e+01  1.04915083e+01 -7.12032317e+00
  3.06191174e+01 -2.31817070e+00  4.69884415e+01 -1.63712072e+01
 -5.40073922e+00 -3.31765086e+01 -4.65817023e+01 -1.41768755e+01
  1.70767020e+01 -5.16575505e+01 -3.03954357e+01  1.95686885e+01
  1.18620054e+01 -3.98945981e+01 -5.19496836e+01  3.86862763e+01
  1.93264704e+01 -3.66061890e+01  1.32364999e+01 -3.05426271e+01
  3.76798317e+01  2.65372914e+01 -1.32377848e+00  1.64989736e+01
 -2.77823197e+01  1.81707684e+01 -6.66922393e+00  4.01061817e+01
  3.62166686e+00 -4.65328347e+01 -3.27985146e+01  6.03751623e+00
 -2.62984263e+01  6.41880983e+00  4.43366739e+00 -1.50726464e+01
  2.43019147e+01  6.96132896e+01  8.58874624e+00  3.11887512e+01
 -7.83953396e+00 -1.90094463e+01  2.22329408e+01  1.02421754e+00
  3.08896539e+01 -5.16187829e+00 -8.20924271e+00 -9.93782980e+00
  1.75341974e+01  7.91175987e-02  1.34259749e+01  5.28966731e-01
  1.33712596e+01  4.38687307e+01  3.72662973e+00  6.24227066e+00
  2.78850038e+01 -2.96677974e+01  6.28444099e+00  1.57450484e+01
 -2.16919105e+01  3.46592460e+00  1.40404074e+00 -3.96338297e+01
  2.03643664e+01  5.51952483e+00 -1.12928637e+01  2.03436525e+01
  1.71302931e+01 -5.22256161e+01  1.12538517e+01 -1.07687450e+01
  6.71777966e+00  2.47492304e+01 -2.29673477e+01 -2.00271920e+01
  4.95860153e+01 -1.01157481e+01  7.28002441e+00  6.20749365e+00
  3.47619411e+01 -1.79076895e+01 -1.90476552e+01  4.04319415e+01
 -2.19122139e+01  5.00712947e+01  1.44612246e+01  5.81350589e+01
  9.21002399e-02 -2.93689067e+01 -7.19648019e+00  1.94373790e+01
 -2.02278242e+01 -1.96424394e+01  2.46881857e+01 -1.46752470e+01
 -3.81504606e+01 -8.61781054e+00  3.81418937e+01  1.56552194e+01
  1.50845339e+01 -4.85077823e+01 -7.33968673e-01 -2.33818305e+01
  2.07978528e+00 -8.74797564e+00  2.47008239e+01  1.46226790e+01
  2.28557164e+00 -9.26112086e+00  3.35738335e+01  5.61754963e+01
  2.98606087e+01 -2.29384816e+01  7.15309185e+01 -2.67687747e+00
  4.85385834e+01 -3.04379874e+01  1.65211748e+01 -6.76158929e-01
  1.99593800e+01  1.82561037e+01 -4.67658685e+01  3.00575351e+01
  1.42274541e+01 -3.55624352e+01 -1.09702817e+01  2.27620272e+01
  1.19293311e+01  2.98186945e-01 -6.17417762e+00  2.67207163e+00
  3.49581494e+01 -3.62605511e+01 -2.68011652e+00 -9.25428857e+00
 -4.07049041e+01 -1.20336186e+01 -3.20759321e+00 -3.10670479e+01
 -8.10437776e+00 -9.27298210e+00 -1.14681778e+01  3.30769826e+01
  1.72552031e+01 -4.33962686e+01  3.08118010e+01 -7.05311886e+00
 -1.35394924e+01  3.12273556e+01 -6.81667085e+01 -2.20789693e+01
 -5.69482041e-01  2.41847690e+01 -6.67531086e+01  7.06835622e+00
  2.74326279e+01 -1.77160924e+01 -5.77097344e+01  3.21687248e+01
  8.02301020e+00 -2.45142279e+01  3.77894285e+01 -4.91929477e+01
 -9.88625334e+00  3.52797371e+00  1.34055700e+01  3.78079351e+01
 -4.70948066e+00 -4.66029510e+01 -3.58717092e+01 -1.66716422e+01
  8.14225693e+00 -2.84405130e+01  2.69508211e+00  2.47033571e+01
  4.32333572e+00  8.24827828e+00 -1.20515979e+01 -2.12070577e+01
 -1.44377750e+01 -2.27687293e+01 -2.29820159e+00  3.52639768e+01
 -1.32398511e+01 -2.26036884e+01 -5.29346712e+01 -1.16821132e+01
 -9.09271378e+00  1.42443883e+01 -7.48372119e+00 -1.96283454e+00
 -1.53286470e+01 -1.57061661e+01 -3.14423969e+00  2.42956533e+01
  3.17767760e+01  3.40358851e+01 -4.11517170e+01 -7.59072091e+00
  6.68877810e+00 -3.89082459e+01 -5.71612664e+01 -7.08849085e+00]