[-9.42616347e+00  1.39901272e+01 -9.89945619e+00 -8.99386740e+00
  2.48576086e+01 -1.19620430e+01 -4.11418096e+01 -9.28944088e+00
  3.75485826e+01 -7.29097302e+00 -8.04470099e+00  1.88665366e+01
  3.55902364e+00  2.05383858e+01 -4.50590086e+01  5.73886657e+00
  3.96041281e+01 -5.87431467e+01 -4.13953887e+01  4.26484954e+01
  3.10239177e-02  1.75367791e+01  8.15763014e+01  2.86738000e+01
 -1.52262955e+01  2.06791780e+01 -4.24364825e+01 -3.89896211e+01
  5.60925221e+00 -1.25667379e+01  2.27891251e+01 -3.10440172e+01
 -3.23712619e+01 -3.65257625e+00  3.37727579e+00  1.37604171e+01
 -3.08893063e-01  7.03886638e+00  3.35204755e+01  2.22874213e+01
  8.69160290e+00  1.85668978e+01 -1.27095277e+01 -1.39407077e+01
 -2.00823025e+01  1.88126022e+01  1.83942315e+01  7.00229384e+01
 -2.27073719e+01  1.02701513e+01  1.15356474e+01 -3.58218919e+01
  7.51675269e-01 -4.20623067e+01 -4.47018366e+01 -5.62751657e+01
 -1.83900831e+01  1.99429635e+01  6.52467031e+00  1.42976866e+01
  7.85495909e-01 -1.62233666e+01 -2.43929752e+01  2.17676129e+01
 -6.47044993e+01  3.81470654e+00  2.00726957e+01  1.68866225e+01
 -3.64390355e+01 -2.54834814e+01  8.78029606e+00  2.96767477e+01
  2.83227336e+01 -4.60891595e+01 -2.24201289e+00  4.07303774e+01
 -5.29291920e+01 -9.13752048e-01  1.55139224e+01  1.47090959e+01
  3.24885365e+01  7.12989428e+00  1.18354912e+01 -6.49626461e+01
  2.19156456e+01 -1.70060967e+01 -1.00196484e+01 -1.60872706e+00
 -2.87800686e+00 -8.89246410e+00  1.74899274e+01  1.79775431e+01
  1.56146059e+01  1.63047339e+01  1.09417769e+01 -3.24282310e+00
  3.57044476e+01 -2.87443179e+00  5.10935546e+01 -1.82924745e+01
 -9.78929739e+00 -3.12056948e+01 -4.57171221e+01 -1.57491893e+01
  1.85819321e+01 -5.62208232e+01 -3.06957659e+01  2.19031243e+01
  1.67236935e+01 -3.93239535e+01 -5.12506570e+01  3.79003130e+01
  2.71287043e+01 -3.82720296e+01  1.92260286e+01 -2.93183851e+01
  4.00040606e+01  2.78625853e+01  1.63097071e-01  2.39384737e+01
 -2.44676000e+01  1.49796046e+01 -5.83179780e+00  3.82479533e+01
  6.46823510e+00 -5.14930600e+01 -2.93237562e+01  7.73901908e+00
 -2.75963624e+01  6.29263428e+00  2.75726349e+00 -1.78669643e+01
  2.18719005e+01  7.37733939e+01  4.90519623e+00  3.11736998e+01
 -8.10965560e+00 -2.16936929e+01  2.31930183e+01  4.85067227e+00
  3.45696719e+01 -3.65418032e+00 -9.50223170e+00 -1.32144122e+01
  2.14816815e+01  2.84728182e+00  1.93209098e+01  2.66732927e+00
  1.49279369e+01  4.12630307e+01  5.32633229e-01  3.40394961e+00
  2.94492264e+01 -3.09538334e+01  9.83406108e+00  1.74954725e+01
 -2.30170310e+01  5.58009180e+00  1.06215293e+00 -4.29486316e+01
  1.61024106e+01  8.00251704e+00 -9.68697541e+00  2.54962062e+01
  1.79449402e+01 -5.10846362e+01  1.09079774e+01 -8.43832902e+00
  9.62648005e+00  2.35754247e+01 -2.50376832e+01 -2.34177477e+01
  4.69332392e+01 -5.63514436e+00  6.70205258e+00  7.25957913e+00
  3.25793531e+01 -1.54961920e+01 -1.62104203e+01  3.76469215e+01
 -2.19808408e+01  4.62404819e+01  1.64365839e+01  5.92303037e+01
 -2.65096655e+00 -2.91044971e+01 -5.49983495e-01  1.94702501e+01
 -1.78223443e+01 -2.06228821e+01  2.51530387e+01 -1.31441866e+01
 -3.84202422e+01 -6.46958548e+00  3.98270944e+01  1.78421076e+01
  1.27038314e+01 -4.92616565e+01  4.80055040e+00 -2.63243729e+01
  2.09118714e+00 -4.75147174e+00  2.62794555e+01  8.04769208e+00
  5.78401246e+00 -1.12134943e+01  3.46899105e+01  5.42610460e+01
  2.91135797e+01 -2.26177449e+01  7.83228766e+01  1.57856727e+00
  5.26304557e+01 -2.70058731e+01  1.96879147e+01  4.17550858e+00
  2.08755782e+01  1.58780805e+01 -4.63438273e+01  2.41205604e+01
  1.86442112e+01 -3.37199093e+01 -1.25311062e+01  2.16444483e+01
  1.06804797e+01 -1.45039323e+00 -8.23735307e+00  2.25130084e+00
  3.78246309e+01 -3.96966102e+01 -7.19334749e+00 -1.66868965e+01
 -4.44037021e+01 -9.36816291e+00 -5.84545892e+00 -2.76607880e+01
 -8.63764162e+00 -8.96248027e+00 -1.29594452e+01  3.40676586e+01
  1.60842435e+01 -4.36430106e+01  2.89588870e+01 -8.07304706e+00
 -1.11342544e+01  2.87722543e+01 -6.83156684e+01 -1.89194506e+01
 -3.31310083e+00  2.02288618e+01 -6.48975993e+01  7.07418408e+00
  2.51147215e+01 -1.97109149e+01 -5.95428494e+01  3.29604469e+01
  1.03576730e+01 -2.82558132e+01  3.49799116e+01 -5.16112953e+01
 -3.22997290e+00  4.44670307e+00  8.87569719e+00  3.48851069e+01
 -4.26176264e+00 -3.93041114e+01 -3.50645003e+01 -1.26001926e+01
  8.34700073e+00 -2.79159187e+01  7.80005758e-01  2.51546315e+01
  1.54596936e+00  1.10039575e+01 -9.24788238e+00 -2.21257400e+01
 -1.43629555e+01 -2.45640440e+01 -5.21754016e-01  3.41098906e+01
 -1.62355879e+01 -2.14769892e+01 -4.99340900e+01 -1.20913905e+01
 -8.78886936e+00  1.59694430e+01 -8.13311018e+00 -1.68170587e+00
 -1.79293042e+01 -1.40837890e+01 -1.66695682e+00  1.93227958e+01
  3.32880354e+01  3.37216791e+01 -3.59558368e+01 -3.31683600e+00
  8.84043133e+00 -3.74733472e+01 -5.85149652e+01 -8.68585302e+00]