[ -1.47951217   8.15211697  -4.89902842  -7.5108398   13.32315202
  -8.62314487 -26.06048605  -5.12860399  18.10726576  -1.73567194
  -0.55476843  12.41193907   5.07901274  14.24315892 -26.61495004
   7.22947755  18.21061674 -37.5537449  -27.79567064  25.14875843
   2.50239331  11.36721977  45.63875239  16.59193427  -9.73585592
  10.85079033 -27.54058928 -21.00979092   2.82548925  -8.53347941
  12.2687715  -18.49619701 -21.05002643   1.31337397  -0.46004308
   9.76504612  -1.82270764   4.44121657  20.63732096  11.91137998
   5.67309808  12.97083157  -5.25973807  -9.11177446 -11.53585898
  11.52177898  11.37608435  41.3280821  -17.16255411   4.36104501
   5.75042028 -21.93264804  -1.04838874 -20.70185554 -28.78493221
 -34.88054843 -14.54282983  14.84131829   5.24500682  10.5748952
  -1.14718829 -11.07960757 -17.8424228   15.39233447 -39.54765769
   3.0799515   12.56616573   8.54766449 -23.12589726 -17.30660955
   5.31218889  20.08939996  16.98185164 -26.91719159   2.07469558
  22.74842159 -28.67236862  -2.2535694   10.579497     8.45196522
  16.60531416   4.51216885   7.7611244  -43.06829534  16.7038961
  -8.98638619  -2.1445324    4.73153261  -2.14764663  -8.06620855
   8.15476971   9.70288311   6.10636916   5.50664435   7.37133295
  -1.90047994  18.3420483    1.54838601  29.07868824 -11.44239358
  -6.20006655 -20.72154155 -26.21064476  -8.46689928  11.19471493
 -32.7200736  -19.36377202  13.6933779    9.45938397 -24.35078407
 -31.03900528  24.94589528  10.96544445 -20.34932442   6.29828759
 -15.2017502   23.64678701  15.06930968  -0.99617153  11.07235332
 -14.34504658  12.3527824   -1.60335566  25.04786517   0.42105268
 -29.95370368 -18.35984191   2.85382918 -18.80100326   1.7100033
   0.71232258  -6.62173037  13.46953059  43.20233423   5.14766912
  19.47432039  -7.75061567 -12.23874904  12.37654749   0.73848961
  18.19397676  -3.87002342  -5.73979144  -8.30918344   8.1938973
   0.96534275   9.4808381   -0.20499524  10.52549885  24.4728816
   5.02120864   1.83894739  17.76482207 -16.17741011   5.55436775
  10.04617172 -12.79392347   3.53029793  -1.77228498 -24.84511905
  12.76346524   1.26467054  -4.45549542  13.74053756   8.61917782
 -33.16370652   6.48641995  -7.97563371   2.99308352  14.82519709
 -14.57511931 -11.54050644  28.49957378  -3.82500046   2.72231362
   2.25087466  23.4582013   -9.41373485  -9.80200163  23.68888692
 -11.829885    30.23359948  11.23203796  35.05704945  -1.18888969
 -18.29935205  -2.2636065   12.08160243 -12.14484419 -13.91250084
  16.06635799  -7.37356148 -23.09317616  -5.86846138  22.85073132
   9.66356807  10.82310191 -30.49134434   0.24683675 -17.06055282
  -1.61064708  -6.61544191  15.58744581   9.89487595   4.84955612
  -6.79101185  20.61875384  32.72415536  18.09546108 -14.49512913
  43.8175404   -0.1449715   30.54471078 -20.04353644  11.38033673
   0.07605218  12.01833877  13.45750414 -30.86769222  15.42942191
  10.94275125 -20.67423528  -7.85979538  14.32892383   3.66066954
  -1.49212331  -4.97438414  -0.79341041  19.24196713 -22.08874974
  -2.44899711 -10.48231013 -23.64931655  -7.29104525  -4.41169898
 -18.32259723  -2.05002346  -3.36876488  -9.28169785  21.76180222
  10.68750562 -27.69105167  19.81521463  -4.4972976  -10.67941598
  16.21403545 -40.72708059 -11.73810454  -2.00398228  15.86842704
 -39.44053734   7.36937038  17.91905822 -11.13076924 -35.06697196
  22.48770807   5.18579784 -13.3724503   23.94758173 -32.37120352
  -2.70919156   2.69818868   7.13973     22.85473578  -2.40341007
 -24.73761215 -17.52179482  -8.69283836   6.01073906 -16.57526483
   3.17256219  18.46378058   5.52132376   5.12157215  -7.03127075
 -12.92139157 -11.62709345 -13.5484252   -1.70562054  21.61202082
  -5.20087395 -13.78745213 -30.71384416  -5.9933244   -7.90040959
  11.47118394  -5.15903752  -1.76328492  -7.58520941  -9.82805048
  -2.63421587  12.13362255  17.00298142  20.34568215 -23.11896886
  -6.52605361   2.95680312 -22.31088115 -35.1492155   -1.51413992]