[-1.07562842e+01  1.73563784e+01 -1.41737412e+01 -7.44321862e+00
  3.47111159e+01 -1.33034436e+01 -5.70870500e+01 -1.20199496e+01
  4.59655504e+01 -9.11553944e+00 -1.46747066e+01  1.94950560e+01
  1.97047793e+00  2.74907239e+01 -6.51002817e+01  1.70118750e+01
  5.15588289e+01 -8.38065857e+01 -5.96244734e+01  5.25119957e+01
 -2.40952000e+00  2.14637593e+01  1.12860320e+02  4.25378174e+01
 -2.21396402e+01  2.50011137e+01 -5.74979556e+01 -5.20270461e+01
  4.22301973e+00 -1.50680585e+01  3.37463281e+01 -4.46662259e+01
 -3.81073576e+01 -6.95046023e+00  3.45450944e+00  2.48262453e+01
 -1.05635115e+00  1.39275398e+01  4.39507667e+01  3.42557405e+01
  1.27402128e+01  2.10720487e+01 -1.86937699e+01 -1.31257852e+01
 -2.34262228e+01  1.77345686e+01  2.69771146e+01  9.25736362e+01
 -2.86174116e+01  1.30669797e+01  1.31986727e+01 -5.06006779e+01
 -2.15595482e+00 -5.59257588e+01 -5.29718889e+01 -7.73101928e+01
 -2.36876139e+01  2.21680671e+01  9.35962574e+00  1.95744898e+01
  1.33819983e+00 -2.97212081e+01 -2.16360667e+01  3.27112478e+01
 -8.19852977e+01  5.86541590e+00  2.47342618e+01  2.58198465e+01
 -4.67745065e+01 -3.75182156e+01  1.32352695e+01  4.43468169e+01
  3.66129866e+01 -6.02933565e+01 -7.67206108e+00  5.46907115e+01
 -6.50179364e+01 -1.58207942e+00  2.54991165e+01  2.14757963e+01
  4.65390633e+01  1.42292206e+01  1.69568224e+01 -9.12757706e+01
  3.13225896e+01 -2.35508868e+01 -1.54825703e+01  3.47462511e+00
 -3.54383099e+00 -1.20858161e+01  2.29600581e+01  2.31508073e+01
  1.58440144e+01  2.69107192e+01  1.44587325e+01 -8.77984504e+00
  4.27741918e+01 -6.95314121e+00  6.32026003e+01 -2.00644991e+01
 -9.45921618e+00 -4.46296560e+01 -6.49262408e+01 -1.99060183e+01
  2.19501758e+01 -7.00434595e+01 -3.68850550e+01  2.36461850e+01
  1.85306800e+01 -5.41006019e+01 -7.05154388e+01  5.11719674e+01
  3.58171822e+01 -5.19658360e+01  2.59879957e+01 -4.48957035e+01
  5.06302150e+01  3.73461368e+01  1.99193192e+00  2.71008746e+01
 -3.76811139e+01  2.18304101e+01 -8.55101373e+00  5.01427189e+01
  8.08941435e+00 -6.67859441e+01 -4.27356484e+01  8.74193414e+00
 -3.40446420e+01  9.55384810e+00  4.98126405e+00 -2.69674666e+01
  3.13230008e+01  9.41381608e+01  4.39673665e+00  3.95972957e+01
 -7.31164091e+00 -2.64049065e+01  2.84509184e+01  7.61348844e+00
  4.17387782e+01 -5.38784508e+00 -8.88239301e+00 -1.11992891e+01
  2.74924540e+01  2.56663550e+00  1.96175863e+01 -2.22639367e+00
  1.93418844e+01  5.90511595e+01 -4.95367419e-01  5.02183828e+00
  3.88616671e+01 -4.34418412e+01  1.07983633e+01  2.20307626e+01
 -3.17475026e+01  2.58588579e+00  1.87097059e+00 -5.28684899e+01
  2.36467433e+01  8.54806951e+00 -1.80543530e+01  3.27767165e+01
  2.54468059e+01 -7.18349892e+01  1.62260547e+01 -1.07306004e+01
  1.24218550e+01  3.20780305e+01 -2.94273801e+01 -2.63567675e+01
  6.57927472e+01 -1.30993653e+01  9.49527401e+00  1.05926974e+01
  4.34897145e+01 -2.70133412e+01 -3.06347276e+01  5.21368031e+01
 -3.16651899e+01  6.50185739e+01  1.74977423e+01  7.99215125e+01
 -2.53830657e-01 -3.86489245e+01 -3.27761386e+00  2.64078207e+01
 -2.36076853e+01 -2.47705215e+01  3.28754482e+01 -1.82076131e+01
 -5.34192663e+01 -1.20841585e+01  5.39912409e+01  2.62393578e+01
  1.68360113e+01 -6.36767287e+01 -1.63127217e-01 -3.37916953e+01
  6.37476774e+00 -8.64712772e+00  3.94043521e+01  1.45551230e+01
  2.04249568e+00 -1.37685810e+01  4.45076353e+01  7.52424784e+01
  4.11048147e+01 -3.10905403e+01  1.03449702e+02  1.11369955e+00
  6.53188848e+01 -3.76946113e+01  2.35776990e+01  3.40555870e+00
  2.71316744e+01  2.10944325e+01 -6.27062595e+01  4.17954338e+01
  1.99107446e+01 -4.75323715e+01 -1.49686922e+01  2.80344101e+01
  1.96333190e+01  6.91410927e-02 -9.30690834e+00  5.45304186e+00
  5.36100734e+01 -4.67074281e+01 -7.16008859e+00 -1.24204541e+01
 -6.19733413e+01 -1.19493358e+01 -5.96089553e+00 -3.92825949e+01
 -1.47769900e+01 -1.56616226e+01 -1.35317809e+01  4.23019292e+01
  2.40153874e+01 -5.76271269e+01  3.67648653e+01 -1.00756697e+01
 -1.46287731e+01  4.03600303e+01 -9.13600608e+01 -2.90080255e+01
  1.66171675e+00  3.21427424e+01 -8.78841720e+01  5.22851864e+00
  3.24233927e+01 -2.44667839e+01 -7.81375822e+01  4.22437405e+01
  1.11673378e+01 -3.71217208e+01  4.86035708e+01 -6.49572691e+01
 -1.37681189e+01  3.45204018e+00  1.77219085e+01  4.84991712e+01
 -6.40716413e+00 -6.08660606e+01 -5.26012928e+01 -2.39644764e+01
  1.02027702e+01 -3.63994961e+01  1.21028838e+00  3.07101748e+01
  2.24829730e+00  7.62933518e+00 -1.55523505e+01 -2.77481043e+01
 -1.86403082e+01 -3.07542568e+01 -1.09289763e+00  4.64023346e+01
 -2.37274145e+01 -2.55013225e+01 -6.92816050e+01 -1.50626794e+01
 -9.90769306e+00  1.87515147e+01 -1.12681128e+01 -2.47885935e-01
 -2.67615904e+01 -1.92932503e+01 -5.51864972e+00  3.05569780e+01
  4.50954148e+01  4.87072454e+01 -5.05911139e+01 -4.83852064e+00
  1.45236027e+01 -5.16021030e+01 -7.56417859e+01 -1.27982937e+01]