[-4.53413772e+00  7.75752106e+00 -7.37889095e+00 -4.34976651e+00
  1.55508018e+01 -7.17788172e+00 -2.96071904e+01 -6.68707905e+00
  2.31029026e+01 -3.70152879e+00 -6.30049409e+00  1.23387456e+01
  5.78826907e-01  1.32306835e+01 -3.19850527e+01  8.95652603e+00
  2.49121320e+01 -4.14891498e+01 -2.97210987e+01  2.72874127e+01
  1.51638201e+00  1.33121041e+01  5.68235225e+01  1.95379289e+01
 -1.07240065e+01  1.33135269e+01 -2.89628433e+01 -2.72234247e+01
  2.57307912e+00 -8.30839177e+00  1.95934746e+01 -2.19438743e+01
 -1.97645800e+01 -3.01431398e+00  6.07305919e-01  1.29795481e+01
 -3.03243068e-01  6.46844746e+00  2.32223368e+01  1.54978463e+01
  6.01409885e+00  9.10087813e+00 -8.49849974e+00 -6.81277475e+00
 -1.61532561e+01  1.18632764e+01  1.21440958e+01  4.65442092e+01
 -1.76418960e+01  5.82518917e+00  8.13245876e+00 -2.56307248e+01
 -1.68164052e+00 -2.72384862e+01 -2.95457001e+01 -3.97598950e+01
 -1.18412637e+01  1.14654845e+01  4.66533826e+00  9.59762136e+00
  5.21446441e-01 -1.58383557e+01 -1.52783110e+01  1.84822301e+01
 -4.44846603e+01  4.03505622e+00  1.51022963e+01  1.07348015e+01
 -2.52756379e+01 -1.96249269e+01  5.51777210e+00  2.25755411e+01
  1.92906224e+01 -3.02539190e+01 -1.05024096e+00  2.79741556e+01
 -3.19063364e+01 -1.53449618e-01  1.07237340e+01  9.54024153e+00
  2.07114906e+01  6.05943501e+00  7.18351935e+00 -4.77426174e+01
  1.61588530e+01 -1.11003473e+01 -7.33406963e+00  6.46262925e-01
 -1.85162463e+00 -6.87923373e+00  1.13635536e+01  1.13738810e+01
  7.90550802e+00  1.19798616e+01  7.70809863e+00 -3.24503537e+00
  2.19953730e+01  1.19838845e-02  3.35748496e+01 -1.06097680e+01
 -6.94359396e+00 -2.38832767e+01 -3.25988389e+01 -1.30776808e+01
  1.25829779e+01 -3.53765896e+01 -1.87962564e+01  1.36012296e+01
  1.15321922e+01 -2.59274663e+01 -3.74802192e+01  2.47525820e+01
  1.76887540e+01 -2.53961364e+01  1.04635602e+01 -2.07096915e+01
  2.75845023e+01  1.81111105e+01 -2.77016149e+00  1.29281167e+01
 -1.94138272e+01  1.15167049e+01 -4.11733165e+00  2.80654855e+01
  2.73542085e+00 -3.30462501e+01 -2.27870954e+01  4.31996102e+00
 -1.89933117e+01  2.74873128e+00  2.60145105e+00 -1.18412312e+01
  1.64706876e+01  5.01214846e+01  1.37501950e+00  2.06167850e+01
 -3.42608875e+00 -1.39713878e+01  1.58668892e+01  2.65456491e+00
  2.35530791e+01 -3.29667667e+00 -6.25315017e+00 -7.14572299e+00
  1.23345181e+01  3.09347129e+00  1.05887460e+01 -1.51725279e+00
  1.13266495e+01  2.98043863e+01  4.10388508e+00  1.76481980e+00
  2.18309380e+01 -2.11995627e+01  4.69286887e+00  1.07800983e+01
 -1.60479090e+01  1.68989520e+00  4.60094390e-01 -2.66348638e+01
  1.15850064e+01  1.18479955e+00 -7.21834407e+00  1.66310245e+01
  1.31563339e+01 -3.93569362e+01  5.66865988e+00 -6.75249758e+00
  6.46542777e+00  1.62892989e+01 -1.72578359e+01 -1.38335486e+01
  3.29861320e+01 -4.52358604e+00  3.89744615e+00  6.55928406e+00
  2.37991879e+01 -1.43566555e+01 -1.43398389e+01  2.53224606e+01
 -1.48569976e+01  3.34961777e+01  1.08666651e+01  4.00685742e+01
  9.64799423e-01 -1.87067788e+01 -2.70729350e+00  1.28678971e+01
 -1.21566977e+01 -1.50507162e+01  1.54095002e+01 -7.54953949e+00
 -2.55967423e+01 -5.18188400e+00  2.65723571e+01  1.27170145e+01
  8.49778572e+00 -3.42674940e+01 -1.03486826e+00 -1.89522134e+01
  1.50443630e+00 -7.62806959e+00  1.84406832e+01  8.50189550e+00
  5.61180748e+00 -8.44485366e+00  2.25575981e+01  3.80748861e+01
  2.11919563e+01 -1.37743059e+01  5.11451769e+01  2.12560645e+00
  3.19739522e+01 -2.06404691e+01  1.28847877e+01  2.48421141e+00
  1.20187735e+01  1.35128159e+01 -3.35544040e+01  1.99169070e+01
  1.19534356e+01 -2.33782665e+01 -7.27805031e+00  1.50221547e+01
  6.86930411e+00 -4.52942323e-01 -7.06723742e+00  4.90558714e+00
  2.52640940e+01 -2.62850413e+01 -2.18585645e+00 -1.14182742e+01
 -3.17671302e+01 -6.71602671e+00 -3.83525301e+00 -2.04822815e+01
 -5.03813468e+00 -7.04617722e+00 -8.96308827e+00  2.29035027e+01
  1.28665450e+01 -2.82683767e+01  2.16150851e+01 -6.14034702e+00
 -1.06087470e+01  1.95223834e+01 -4.74255846e+01 -1.57268968e+01
  6.65386280e-01  1.49978055e+01 -4.64343558e+01  7.00011733e+00
  1.78006746e+01 -1.17987803e+01 -3.99231498e+01  2.37422486e+01
  7.55155078e+00 -1.84290664e+01  2.40895192e+01 -3.57868335e+01
 -3.67427841e+00  2.94911182e+00  8.06898448e+00  2.52277431e+01
 -3.79900747e+00 -2.88104411e+01 -2.43458473e+01 -9.34950145e+00
  5.33768474e+00 -1.78393064e+01  1.70482930e+00  1.98665977e+01
  3.64083124e+00  5.64180598e+00 -6.98911481e+00 -1.31070054e+01
 -1.21482904e+01 -1.66158536e+01  7.52900050e-01  2.33960154e+01
 -1.23092225e+01 -1.52211198e+01 -3.75122166e+01 -7.61755178e+00
 -4.56301009e+00  1.09391845e+01 -5.40668601e+00 -1.68365025e+00
 -1.11636714e+01 -9.12938469e+00 -3.61940283e+00  1.59255283e+01
  2.44557672e+01  2.31246900e+01 -2.65846714e+01 -2.69615669e+00
  4.53052630e+00 -2.61975356e+01 -4.05445806e+01 -5.08774811e+00]