[ -8.15460887  14.14772673 -16.18502854  -7.65074677  28.57800304
 -15.03898766 -52.16926697 -15.37139165  47.35744644 -10.3900597
  -8.78893766  22.09098761   6.14144836  22.44122928 -54.66797296
   5.92263024  50.56299144 -78.12834269 -52.5402336   52.7567311
   6.12481467  30.36155323 101.54768342  35.2131584  -21.48316823
  27.03808531 -50.89993432 -50.7530366    5.52700159 -19.56770096
  35.89557682 -38.54055266 -44.5762576   -3.17487502   2.34779857
  21.56692167   0.74884894  10.86106343  43.51070763  30.56858698
   9.75416521  18.93889413 -17.65946645 -18.91620776 -25.94289474
  22.85142556  19.57267575  84.73026025 -28.23817437  12.34392058
  15.85687932 -51.10656752  -1.1248275  -56.60963473 -56.95151073
 -74.86523563 -22.29724486  23.82989724  12.59010531  22.19544243
   2.59347933 -25.3981679  -31.69599879  29.9967479  -83.73349104
   8.23187655  29.1471625   24.52255422 -45.73835141 -29.52127575
   7.62255881  41.68334185  35.64027359 -55.62660054  -7.0784425
  52.78783099 -67.93574892  -3.80162191  17.87029341  20.62035586
  41.20477106  10.90843827  19.82937132 -81.37309897  27.19188178
 -22.59916625 -19.71551219   1.02820026  -4.05050717 -16.39469749
  19.32123951  28.35554084  15.90828663  20.41933704  20.43526105
  -2.03872773  44.08402708  -1.04812036  64.74918777 -24.45377699
 -18.00435579 -45.05943745 -62.4430553  -26.44473562  22.78157299
 -67.28866387 -37.06782469  27.33775871  21.38246607 -48.33664852
 -71.6225991   51.54550209  36.67299285 -49.70146804  24.63182192
 -36.19652435  52.80763197  38.04758498  -0.9400033   28.82107696
 -33.39539737  17.90272081 -10.40326462  47.1570487   12.82248804
 -69.70662447 -41.51483643   7.82476223 -36.18497413   5.45676833
   3.35287552 -22.89389666  30.75051491  93.53829156   3.83415383
  42.79106354  -5.19012826 -26.1399188   32.76041906   3.87138462
  46.13632046  -4.0484621  -14.20442949 -17.43217286  25.64220007
   8.61809501  23.08062783  -1.8064536   21.29350495  52.22294562
   1.92530465   3.98295483  39.61236043 -41.31033769  11.03509918
  20.69998939 -30.49069102   2.67582816  -3.31622169 -47.72593987
  19.29481892   8.97546011 -15.91367195  30.57114722  23.60109127
 -69.5369867   13.09860928  -8.8067829   10.69586402  30.96788921
 -31.6994654  -30.5579696   64.99551378  -6.10014885  14.4529823
   9.25073302  44.22144847 -23.96410962 -22.4297074   49.46271025
 -25.33959241  61.53271834  16.84139133  76.57455063  -0.29933514
 -33.4248132   -1.14988661  23.6873536  -18.84280892 -26.87230999
  30.9684269  -14.4841314  -49.91435121  -8.11694123  50.38044209
  22.81309929  15.41123508 -69.96344646   0.93057281 -32.18942653
   1.13992169  -4.90349182  36.41662401  12.10747234  10.47349686
 -15.64897758  46.29902026  70.17023337  37.3112069  -25.45828195
 101.2173573    0.52236019  66.54567109 -36.74242462  23.35370675
  -1.58148161  30.04629787  24.10784813 -61.27957696  31.95381634
  28.30993149 -43.8060342  -15.71153265  28.44204788  14.23455855
  -6.63821412 -14.02817952   0.37826778  48.85080791 -48.20538442
  -8.23485048 -19.02311488 -56.74253068 -14.5717471   -8.20431239
 -40.48253255 -10.28814319 -12.19367671 -16.25911161  47.59209975
  27.8612858  -53.92440899  37.57298848 -12.0133578  -13.26405186
  37.83984555 -86.70926414 -28.45304101  -2.54372844  28.47408859
 -87.17463124  13.35829014  32.19425755 -20.67981234 -77.51886067
  39.33307615  16.20840359 -33.97803967  47.14007843 -66.56358602
  -5.57411997   5.86690849   7.80807592  45.61812158  -5.88543967
 -51.85641635 -42.42781938 -15.2428463   10.10661134 -35.84916657
   1.56252935  35.29136622  -0.65430626   6.70651787 -10.10097773
 -25.7669751  -22.28778122 -27.48870964  -2.22183038  42.55460407
 -26.39258004 -27.76850767 -65.60384474 -19.55357292 -13.40140283
  22.75374307 -12.81477082  -2.90342129 -26.56885828 -16.61346
  -0.68894081  28.09159457  38.38619034  39.92566421 -49.01968709
  -6.92276802   8.38405666 -48.91658318 -78.26869253  -9.16918515]