[-12.43012812  13.45093875  -2.59535945 -15.25226922  33.08792058
 -11.93768087 -50.85165664 -14.78587893  42.66065899 -12.15797311
  -1.39894915  23.26673897  -3.9322348   29.15054387 -60.8465163
  15.88473616  36.5734564  -77.44006563 -50.57608615  52.29623212
  -2.06637563  13.16367126  94.18740948  34.4444779  -16.49009193
  18.36589214 -59.46066345 -49.71256065   6.16159061 -12.80597469
  17.89847539 -36.88922726 -29.07759857  -3.19759471   0.44536757
  14.32635276  -6.0365091   10.5900903   40.88383969  34.10497718
  18.52350495  21.13818479  -9.47399106 -18.45798136 -25.26397053
  19.35958427  31.86741085  85.43432738 -30.06178123   8.29057796
   7.51821967 -41.893671    -1.66862957 -46.96694271 -52.25228556
 -68.68063782 -15.58876625  25.7197941   -0.45726061  12.85129902
   1.24678423 -23.21123237 -25.03549117  24.23363448 -71.57021952
  -0.24545492  16.7675402   15.39605598 -50.17713108 -38.56474011
  17.81914435  37.67006254  27.23294409 -55.16324323   3.24041527
  47.08914304 -59.42515215   0.58975807  29.13188749  19.0276195
  39.15558186  11.06437515  13.47398903 -86.76455167  29.91079961
 -19.00794612  -7.2834175    2.7508928   -5.15490202 -11.79181451
  22.30276432  20.49055893  17.99750021  23.12842525  11.62593418
 -12.01598978  38.57213998  -6.81539078  52.71531251 -19.36074425
  -4.59677196 -34.39211162 -55.70793965 -15.19716614  22.20878452
 -61.41840069 -41.61183787  21.52998398  14.2566574  -46.37413686
 -56.65571835  40.50106548  27.14490059 -46.69360856  21.8925439
 -34.12586976  37.72396333  25.4529227    2.29748248  24.90985045
 -29.94637799  17.295387    -3.90803047  41.01109442   1.7981736
 -58.46041082 -38.5299895    8.36862374 -26.26027437  11.46246609
   5.35299412 -19.97751835  25.8920228   87.25435012   9.77692897
  28.40478585 -19.22449375 -25.46330062  30.41290443   6.36705218
  41.99726048  -5.16432902 -10.3333088   -6.84475656  22.17453602
  -0.37657862  19.6216299    0.69861443  20.4002286   50.27745037
   0.7309906    7.37260141  23.27299202 -37.56858516   2.40819702
  24.64650489 -28.82893115   6.00768195   1.98834457 -47.86538228
  23.22980801  15.68272292  -9.09866725  30.96643716  20.40531811
 -51.68373027  15.68456045 -14.22824761  12.69792259  30.40912547
 -35.09096638 -28.07805001  54.97959744 -14.64808583  -0.23200189
  18.55988314  32.77664887 -17.72539066 -20.8557101   49.05966688
 -29.08893922  57.07399556  14.29601632  69.39797743  -4.2387393
 -40.77962675  -1.07116572  26.79637985 -28.51711722 -19.61930955
  30.28877366 -17.60394131 -46.855061   -15.96155999  45.22801246
  24.18774221  20.51563047 -57.5228654   -3.13293592 -33.33133719
   5.20285677 -15.8045767   28.97894515  13.5523406   -7.82966814
 -10.56118985  40.52472365  68.7106105   31.71166993 -28.30103326
  86.52572086  -3.70306598  63.9904971  -30.83453569  17.31788776
   1.60507377  23.92239066  16.48145048 -49.21130918  33.9566719
  18.86019798 -39.36734266 -12.02634682  27.35302486  19.82849868
   4.67560224  -7.44222188   6.79294056  47.04185351 -45.05062304
  -0.94745759 -13.07210094 -50.46171407  -8.0370817   -4.88914239
 -33.71282813  -9.66876111 -12.85487244  -8.0280144   33.70144226
  18.94672337 -57.49750671  38.94124138 -12.60484378 -14.64776224
  34.2503562  -84.98050463 -26.08728031  -5.36452637  25.0164062
 -76.7988188    4.90839786  33.54145071 -25.38549387 -66.64866326
  41.39753359   6.56496614 -32.92001136  39.05986105 -59.94251306
 -15.45807409   5.21002124  16.22300286  43.57929837  -6.46680279
 -51.2097924  -42.9768738  -17.50264629  18.72269436 -33.38168025
   4.61916235  26.07454674   5.80864064  13.80298843 -17.29050961
 -25.63299547 -14.2216171  -32.43443526  -3.12652211  42.69777599
 -18.58128551 -23.24694064 -60.69270388 -10.86862801   0.37819078
  12.12545337  -2.69487494  -2.25500671 -19.1641788  -20.65587829
  -3.19167143  23.31666639  42.66417868  37.98654705 -42.59838396
  -0.83438881   9.03418173 -48.01038783 -72.84977172 -12.12142268]