[ -5.39035457   4.97014239  -6.92540579  -2.28243234  14.15880312
  -7.56812438 -29.76658504  -6.37065828  23.00048482  -3.3230185
  -7.1129639    9.83201435  -4.86147449  13.10475732 -34.53816022
  10.05011125  24.52973882 -39.26547806 -29.65040344  28.05683026
   0.46798632  12.0978978   57.01916154  19.63181783 -10.81977673
  11.55519452 -26.90480537 -29.19386391   3.39255085  -6.87740499
  20.03922226 -21.28643632 -15.5731765   -4.24504605   1.17790991
  14.07123293  -1.13751101   5.45216249  24.53966257  15.97090364
   5.58725216   8.41218777  -8.26593187  -3.94383354 -18.43707887
  12.74975269  13.185389    45.81212255 -17.47453723   6.80365565
   9.44466591 -22.9767709   -0.67140755 -26.62101176 -27.58316599
 -37.66059073 -11.49012558  11.3156295    3.9520002    8.84529295
   2.22042203 -19.34267251 -13.08460789  18.64673713 -43.56702119
   2.89950448  13.00487843   8.95926562 -22.77585312 -17.8836925
   5.95270231  20.11497516  18.36356275 -30.8109619   -0.91258635
  26.63787837 -29.62274183   0.26712677  10.74883325   7.86318793
  21.88063282   3.20124964   5.05709762 -47.97973483  16.89869432
 -11.97469726  -7.3008018   -0.53444375  -0.59841028  -5.56837258
  11.73894454   9.20224502   9.09049557  16.15126282   6.75407608
  -3.78447394  20.85144478   1.1880836   31.1350639   -6.89049689
  -6.15576366 -21.07462257 -30.29463518 -14.14778023  14.48561918
 -32.47359026 -15.82489287  11.63625514   9.97468012 -23.55862038
 -35.83945514  20.2135698   16.34978128 -23.24305171   8.0466507
 -21.7414118   25.7795325   16.00700043  -2.92001873  11.53743726
 -21.12761478   9.87251197  -5.0673167   27.27272371   1.09201035
 -30.48724795 -23.20610098   3.39860931 -17.98645697   4.02080392
   3.80861133 -12.23646612  16.8617057   47.90225499   0.63408797
  20.83904024  -2.6385799  -14.0305482   15.17917157   2.38515815
  22.65783518  -4.22207396  -7.72965715  -4.91704602  14.02175308
   2.4647976    9.0054659    1.32799366   9.93509693  30.48808504
   4.24440701   4.30923189  22.08105189 -21.89936215   2.45850739
  11.17237552 -16.43554013   1.1503629    1.85494097 -24.35089087
  10.22567714   2.02323875  -9.3578889   14.67961156  13.89831003
 -36.91529135   6.59700393  -6.20105998   6.59421083  16.14455035
 -17.69689267 -14.4873088   32.40846588  -5.52559762   4.06500024
   8.41579953  22.61857748 -15.86287812 -15.2038186   23.96254897
 -15.97750069  31.20108772   7.69005552  37.94170301   4.89417529
 -15.41847862  -2.71633151  10.69106437 -13.22338157 -13.94175495
  12.51133787  -8.6102806  -24.55036603  -2.31359524  24.58934503
  11.07390501   6.88786236 -32.19180108  -3.33123878 -17.79530575
   3.49007968  -8.21136194  16.42001017   5.75174493   3.55205953
  -9.74567728  23.13414966  38.38003171  22.09308261 -14.70711929
  47.15137351   3.35200179  29.86076884 -19.51007013  12.60034099
   4.6312216    8.65723021  13.1182466  -29.54177871  19.98319752
  10.40475987 -22.07028891  -5.55122092  13.60866631   7.8114708
   0.22420434  -5.44513516   7.20471468  24.95240242 -26.43567261
   0.57217664  -9.29734371 -32.29109076  -7.3247287   -4.15520486
 -18.5052894   -6.16001492  -7.15225106  -7.55485693  20.89783402
  12.70808244 -25.86305013  22.00484351  -8.72711866 -10.98892252
  19.24915645 -47.52466878 -15.76100222   2.64298789  12.04082446
 -46.1267276    5.60179454  16.30988082 -10.9037632  -38.49801376
  21.51701453   6.19228907 -18.95860808  22.89695631 -34.13471588
  -4.5024379    2.54841014  10.08912597  23.96958993  -3.77242521
 -29.19023939 -24.59422123  -7.33178304   4.70087001 -19.06696747
   2.02047587  16.75461762   0.11814758   3.78494431  -6.82367955
 -12.08748647 -11.48989781 -15.10109071   0.24268337  20.04072252
 -13.09242734 -14.86779068 -35.27997679  -6.65014938  -3.56870804
   9.57706232  -2.77596032  -2.64034062  -9.31060404 -10.33588284
  -2.84765732  19.1638212   27.42510427  21.26895281 -22.73968905
  -1.72686925   3.45258861 -25.08381619 -39.59950006  -6.53294945]