[ -9.59196533  14.50052726 -14.15287365  -6.58678531  27.41753464
 -12.37731718 -48.4087962  -11.40234137  41.28717396  -7.04508152
 -13.59191617  17.92735927   2.63248836  21.23535399 -52.292457
  10.28382116  46.22258851 -69.68271593 -49.9248227   45.00156821
   0.34243899  22.23681127  96.90829559  33.53814799 -18.79660164
  24.41483752 -46.57874919 -43.93742812   3.62112338 -13.81772463
  31.96778787 -37.25936001 -35.00801633  -4.16036226   2.05215464
  20.93627076   1.71405184  11.11771221  37.85312298  26.9699128
   9.45672357  18.1099475  -16.396757   -12.5694562  -22.14765264
  18.5032795   20.59655051  78.12495399 -24.86761592  11.43286094
  14.36256326 -43.84637335  -1.4500751  -49.60681539 -47.34479375
 -66.27326968 -19.81305083  18.80631345  10.14723806  18.02603691
   0.64172957 -23.17173518 -21.97681575  28.10665348 -72.70376477
   7.91481093  23.87977351  22.07065422 -39.2556373  -29.35885028
   8.44527365  38.16380015  31.89576213 -52.11625496  -7.58490844
  47.95433856 -57.61468003  -2.08255677  17.02541596  17.50686414
  38.16718503  11.45672428  15.33926223 -74.76340316  26.20061915
 -20.7865048  -15.70635729  -0.97233436  -2.39818255 -11.28227127
  19.41594164  21.50467323  14.5125961   21.59720792  14.33130663
  -3.35772273  38.22122274  -3.24702244  56.17718715 -17.55209118
 -10.55686393 -39.4004038  -55.12594297 -19.78945539  19.06259788
 -61.79626951 -31.46555687  23.71378054  18.50875415 -44.83345643
 -62.2217938   44.4613711   34.17773767 -44.73828308  22.0174446
 -36.25756659  45.57515605  32.82640145  -0.11684797  25.29161364
 -32.13694212  17.55776016  -7.18049175  43.0262147    8.72109316
 -60.02102597 -35.69847355   8.29771207 -31.29976802   6.18635036
   4.33884243 -23.48543434  27.3675868   83.56882076   2.76980064
  36.03828724  -3.72429564 -23.00793255  25.65915154   6.27187425
  39.03113495  -3.72402208  -9.16659227 -13.47146675  24.7746394
   5.71090049  18.23067232  -0.21699798  17.18879067  48.17777297
  -0.37839283   2.94043346  36.48879039 -37.15218608  11.78670833
  18.07409068 -28.45026845   2.22422163   0.54002262 -46.15899736
  17.99066683   6.12479495 -14.84353078  30.74832318  22.21734368
 -63.35568675  12.61979678  -7.89443606  11.20507628  27.08306868
 -25.82572715 -23.48499686  57.76783903  -8.59943557   9.13148077
   8.2335392   39.82746396 -21.84659091 -24.82331683  42.69282955
 -25.13310123  54.04020553  16.6221751   69.04060175   0.82084202
 -30.62289338  -2.43377755  22.12318891 -18.84616441 -23.8320008
  27.31296935 -14.99898485 -45.4128856   -7.66724962  47.2825915
  21.47315721  13.20337151 -56.9093498    1.94715796 -29.20938585
   4.26596869  -6.48704441  33.92187227  11.89179537   6.75942663
 -12.5801817   38.9907027   63.40393735  36.44158721 -24.85744495
  91.16559057   2.9667564   57.80672382 -32.13605931  22.21207357
   3.63066997  23.53296208  19.74624415 -55.37976411  33.19872541
  21.47216564 -40.44671103 -12.63085648  23.81775033  14.90387904
  -2.20578592  -9.38731451   3.92723114  44.65106872 -42.25875082
  -7.41344934 -14.83051511 -53.36043578 -10.81436764  -7.36791755
 -34.42167503 -13.01099239 -12.69599704 -14.05596068  39.15498104
  21.02248627 -47.72304425  31.71772751  -7.85552873 -11.90474892
  33.55698461 -76.63800339 -24.26203869   1.20758158  26.25817133
 -76.2438488    7.36741277  27.15852779 -19.98382309 -67.90216301
  36.00899421  11.35135808 -31.7469234   41.3831619  -57.21752499
  -6.85573507   4.75995193  11.56722206  40.67305868  -5.20271341
 -47.67421595 -43.88338402 -17.12796063   7.01443111 -31.46511305
   0.56629241  30.12532142   0.89461705   6.52248065 -10.09786316
 -22.58457835 -17.91319271 -26.88257504  -0.96101812  39.27354297
 -21.2703536  -22.93710217 -59.04227277 -14.09272288 -10.83188633
  17.93950229 -11.12779358  -1.5159794  -23.43969643 -15.37286967
  -3.64325464  25.37844053  38.17384236  40.52574882 -43.04277014
  -4.5272829   11.35541414 -42.6299474  -66.81510482  -9.45346254]