[ -6.24246847   9.73660731  -6.42608796  -9.04321118  20.57255822
  -7.95896113 -31.61330766  -7.13305325  23.4562432   -7.62840581
  -3.38467015  13.62253015   3.5006247   17.53354153 -35.29123933
   7.99681996  26.60049903 -46.12532188 -31.57916852  29.93055497
  -0.21138204  10.19502671  59.29573682  21.94766418 -10.39807298
  13.21063524 -34.75020223 -27.6968084    2.79566547  -8.64996954
  13.34023455 -22.25929405 -21.80320567  -1.49401173   0.5270121
  11.05923274  -1.93648418   7.10556564  24.20489336  16.80067282
   8.91004289  13.36372359  -7.77497538 -10.49323474 -13.50531099
  11.6712246   15.60560426  51.74929547 -17.40630508   5.93162862
   5.90815182 -27.6689587    0.66843675 -29.29588722 -32.72910794
 -42.21562983 -11.16132783  14.79430297   2.76746028   9.85076479
  -0.89686831 -11.16440155 -16.47369018  16.34283831 -45.30351186
   2.07790018  12.19590132  11.46412966 -30.37863392 -23.35232406
   8.49097733  24.33464226  19.5110282  -34.75841266  -0.95460117
  29.43775927 -36.69648795  -1.40316347  13.43616458   9.96954868
  24.18576433   6.83707586   9.71394137 -50.17706268  17.39511376
 -10.03982076  -5.4386617    2.09462797  -2.45823425  -5.91557499
  12.50851505  12.6756275    9.74986252  10.80841566   6.50886534
  -4.36297458  23.51843186  -3.59408335  35.45494614 -13.055298
  -4.84039235 -23.23046216 -34.85893344  -8.46394396  11.92032093
 -40.40629401 -24.82179684  14.39344376   9.87080626 -30.06949374
 -35.6764607   28.21338288  18.7080872  -28.93534681  13.62633956
 -21.58937794  26.06803689  18.7887557    1.03458968  15.52235254
 -17.79851929  12.58295561  -3.57422084  27.53610596   3.69716183
 -37.23947884 -22.34116046   5.67918293 -18.97584393   4.55293
   0.74221121 -12.58259134  15.08355813  53.02399766   5.13347108
  20.60915476 -10.24014873 -15.55098398  15.7605083    4.58864371
  24.37880741  -2.7264818   -6.0816692   -8.2624556   13.44141169
  -0.10642358  12.69243942  -0.18403674  11.58086609  30.16201879
   0.96782817   2.7033446   17.81945929 -23.0283295    7.20737578
  13.11697951 -16.97895415   2.64763404   1.117292   -31.40332769
  14.24147473   6.154408    -5.31425718  19.05650348  13.48460226
 -36.79486653   8.45848635  -8.08038254   6.93085599  19.8168112
 -18.49180453 -14.47121532  34.3243912   -6.1253299    3.40720054
   6.63349645  24.0925912  -11.51974508 -13.84500435  27.32392261
 -17.04806586  34.69523272  12.1809624   43.68975011  -3.54101304
 -23.48296974  -2.03990537  16.03265449 -15.38714079 -14.01150785
  20.00007411  -9.87035075 -28.41954267  -7.13241119  28.58020469
  15.21342171  11.06019882 -34.53677436   1.68336123 -19.76217814
   2.23157464  -6.681058    20.13963936   8.04751477   0.26229812
  -6.80603067  23.92738659  39.64950441  21.24396523 -17.79135579
  56.06686591  -0.91502169  36.58416867 -19.01574217  14.30203781
   2.27273197  17.28493727  10.64703095 -34.54796115  19.98316699
  12.78417821 -25.03333108  -9.73347352  16.40571722   9.19805986
   0.67323143  -5.26808003   2.75026277  28.48163076 -26.25533963
  -3.74223107  -9.22328309 -31.53193334  -3.64996724  -3.78971602
 -22.10431713  -6.68742379  -6.16339829  -7.94036356  23.53694087
  10.88937717 -34.81115208  21.74182802  -4.72158987  -7.77484759
  22.01416929 -48.80978204 -13.94277474  -3.07155251  17.86452294
 -46.72517065   4.21914533  20.01624002 -15.15765029 -41.36196449
  24.56403264   5.00920346 -19.34631368  26.10914052 -37.62697414
  -6.2029047    2.09144768   8.14807315  26.48055248  -4.05133423
 -30.0327436  -26.6574506  -13.93601395   8.4940542  -19.28671988
   1.8349321   17.94460028   2.94794485   6.64100343  -8.94138008
 -15.42432102  -9.96062348 -17.58146779  -1.22031929  26.83373279
 -10.01805441 -14.03939283 -37.28484577  -7.9439904   -4.23965088
   9.74683874  -4.81286889   0.71160229 -11.53337653 -11.69230135
  -3.20064089  13.84213415  24.11151169  25.84270117 -28.05894742
  -3.4257665    7.1921483  -28.82283958 -42.2120195   -6.61732352]