[ -7.0126857   11.97788422 -10.25443195   1.36689103  17.51061222
  -8.61161021 -35.58973105  -9.08735935  31.2074673   -7.22904622
  -8.71655995  11.4976779    7.86702891  10.75394251 -34.23005779
   3.0549299   34.4086952  -50.01977639 -31.39405746  33.94529618
   1.32026888  20.81577313  65.27752983  22.83421624 -12.51947895
  19.71007138 -29.89336332 -33.79457277   5.23273372 -12.05052593
  23.14300018 -28.05203458 -29.79800234  -7.48538481   6.67982278
  12.68586359   2.37194355   6.9485973   25.76969614  15.44696786
   5.81708509   9.56132444 -14.82093638 -10.2071753  -15.52821446
  15.87187745   8.68106423  57.56626984 -18.24119692   7.4858823
  11.97078738 -30.37677618  -4.15786578 -37.11580031 -34.53699163
 -46.21957605 -16.03837631  15.74093706   9.00330222  12.47433261
   3.15930972 -17.60877153 -21.30754004  18.7384926  -56.6140383
   6.51673669  20.36719722  19.8694875  -28.95445594 -17.79735195
   2.00744457  23.42676579  25.26722984 -35.76912898  -4.68335531
  33.82461884 -45.52746888   1.38390556   9.43504066  13.42180316
  26.81974059   7.19705722   9.77467497 -50.62187454  16.60307651
 -15.15472615 -14.08834084  -0.44900253  -3.63156753 -12.16949158
  11.42001633  18.29420813  11.49321563  14.49521319  12.21423129
   0.96184551  29.76280268  -0.49074357  44.82459322 -15.75317602
 -14.29450864 -28.95988953 -40.87318993 -19.10565612  16.42875781
 -43.64049012 -21.31406619  17.51019819  15.27959053 -32.50006519
 -50.21806025  32.64752168  27.25139121 -31.04376617  18.2443697
 -20.35676498  36.8166984   24.26472446   2.09761076  19.37807825
 -23.99395074  10.78696631  -6.24389967  27.1285353    9.43978544
 -43.75281719 -27.14707923   7.31132829 -27.27416068   6.01623847
   2.21457352 -14.52793413  22.1327843   61.4908331   -1.89792841
  28.5191585    1.77836562 -14.44657765  20.00023377   3.71585771
  30.15066723   0.32085983  -8.03855139 -11.06188931  16.223282
   6.07601773  16.8494502   -2.03203609  14.61272807  33.90218926
   1.64507441   0.94159688  25.69507024 -26.52866299   9.3596037
  14.66313678 -20.07185739   1.39785855  -1.4146028  -32.89481601
  11.41673044   1.60503914  -8.56398918  19.34921559  13.75665393
 -47.19575416   9.29280938  -3.44849139   5.8190833   18.9004679
 -20.04055458 -23.15967811  39.0719142   -5.69141966   6.51917915
   6.55326001  25.45236854 -17.0274567  -13.35032072  31.2691559
 -16.9319689   40.24413781  13.32719892  51.02767439  -1.4750902
 -23.69371774   0.20642803  12.86476654 -12.55611417 -16.56273559
  19.70045276  -7.47048056 -30.09676454  -6.24218021  34.23954674
  15.93352904   9.04132141 -46.75503489   5.26827593 -20.95418679
   1.27889552  -2.18037012  25.66431892   9.74093474  10.03698203
  -8.33973366  29.33806477  44.87214771  24.95629508 -14.15997811
  67.19821508   2.65391816  42.31605567 -27.59558813  15.21647444
  -0.80655062  17.00701956  18.74868001 -40.25651873  19.73488929
  17.12730289 -29.92078368 -11.34600254  17.83391946   8.73588746
  -2.07862292 -11.24149551   3.5725459   34.34936573 -30.2926671
  -7.1724014  -16.16142944 -37.03065251  -9.231004    -4.93747792
 -25.53266841  -5.06429555  -7.79942281 -10.31896783  33.40763423
  18.18258713 -35.00699034  20.95404175  -7.52994484 -10.94800509
  19.86257068 -57.31111801 -19.27572727  -0.91864214  17.8002145
 -55.42404605   7.84311489  17.10533494 -13.91343433 -49.77595023
  27.66290951  11.68297015 -26.55941357  29.59907109 -42.66271171
  -1.36347253   4.61021446   5.86607495  28.35225588  -0.78875515
 -34.29064965 -26.96906599  -7.7936838    6.55934011 -23.03496242
  -1.00044137  23.95963111   0.45665011   5.99755123  -4.79145864
 -20.17246788 -13.05155404 -16.60379186  -1.83198057  24.54767112
 -19.69867732 -17.24465639 -41.90269529  -8.35509297  -9.29272021
  12.96173404  -9.14725287   0.75246559 -19.67279776  -9.08271213
  -1.21808207  14.86834948  26.83884799  28.23538698 -26.65531242
  -4.08093289   6.86294827 -27.70741341 -50.90636268  -5.71492692]