[-7.83992107e+00  9.86586291e+00 -1.24927155e+01  1.20841834e+00
  1.86441160e+01 -1.05453179e+01 -4.23948315e+01 -8.99445350e+00
  3.73113563e+01 -1.18404726e+00 -1.60315029e+01  1.18513108e+01
 -1.84400010e+00  1.46021989e+01 -4.37964580e+01  7.71420144e+00
  3.71707315e+01 -5.47918973e+01 -4.07908240e+01  3.75311057e+01
  1.80211939e+00  2.20000356e+01  7.99530115e+01  2.78107092e+01
 -1.70399970e+01  1.94349149e+01 -3.32264994e+01 -3.92669910e+01
  3.97009218e+00 -9.73943350e+00  3.39623546e+01 -3.23101719e+01
 -2.78043696e+01 -6.77835953e+00  3.77399509e+00  1.85508471e+01
  3.25360426e+00  8.08956139e+00  3.34502649e+01  2.03946037e+01
  5.21100022e+00  1.39212569e+01 -1.66559530e+01 -7.23000033e+00
 -2.37701849e+01  1.69273385e+01  1.47652135e+01  6.37538640e+01
 -2.22078603e+01  1.12774899e+01  1.42719192e+01 -3.33913866e+01
 -4.59643604e+00 -3.99564127e+01 -3.62680902e+01 -5.23265496e+01
 -2.12969815e+01  1.57659463e+01  1.15477804e+01  1.55721537e+01
  3.73736810e+00 -2.68460421e+01 -1.92551256e+01  2.46188735e+01
 -6.08944906e+01  7.02650928e+00  2.19336996e+01  1.68024704e+01
 -2.70688413e+01 -1.95104789e+01  4.96514548e+00  2.83106192e+01
  2.83626020e+01 -4.04187674e+01 -5.86130411e+00  3.95708247e+01
 -4.51481626e+01  7.02556704e-01  1.16551032e+01  1.40035849e+01
  3.09815130e+01  5.93400067e+00  8.12831942e+00 -6.30040611e+01
  2.07015847e+01 -1.93439541e+01 -1.49242940e+01 -1.62118669e+00
 -1.09387917e-01 -1.21959263e+01  1.50485415e+01  1.53475470e+01
  1.21387709e+01  2.15507557e+01  1.23882786e+01 -1.69824630e+00
  3.15181472e+01  6.40630011e-01  4.62122382e+01 -1.17550416e+01
 -1.32835542e+01 -3.35637892e+01 -4.26571760e+01 -2.32644144e+01
  1.79844975e+01 -5.00102096e+01 -2.00556920e+01  1.81956249e+01
  1.62459355e+01 -3.55048356e+01 -5.64590875e+01  3.41283909e+01
  2.82585797e+01 -3.23221192e+01  1.51928064e+01 -3.07874061e+01
  4.12062236e+01  2.79337335e+01 -1.45028141e+00  2.09518466e+01
 -3.07123942e+01  1.34162850e+01 -8.56679598e+00  3.69879186e+01
  4.85175750e+00 -4.64173399e+01 -3.23257260e+01  3.85224033e+00
 -2.84842939e+01  4.12697381e+00  3.44904867e+00 -1.65995254e+01
  2.68921269e+01  6.96670522e+01 -1.45914199e+00  3.23177206e+01
  6.02534933e+00 -1.83606545e+01  2.10717936e+01  4.10954743e+00
  3.05049332e+01 -4.16199564e+00 -7.92517607e+00 -8.75145697e+00
  2.30709887e+01  7.60576603e+00  1.52762097e+01 -2.39941214e-01
  1.39220830e+01  4.23942427e+01  4.09148217e+00  3.13242658e+00
  3.52787590e+01 -3.07657000e+01  8.07060023e+00  1.59534921e+01
 -2.41986452e+01  7.29160152e-01  1.90362415e+00 -3.66143922e+01
  1.24434227e+01  3.22337987e+00 -1.56532394e+01  2.21108869e+01
  1.60618489e+01 -5.49459387e+01  9.60105811e+00 -6.52572861e+00
  9.03736028e+00  2.02809696e+01 -2.17862269e+01 -2.08912358e+01
  4.78720056e+01 -6.87510916e+00  6.73781848e+00  7.20517943e+00
  3.37152579e+01 -2.18646073e+01 -2.32145869e+01  3.53884011e+01
 -2.13921507e+01  4.49628195e+01  1.23224919e+01  5.58096569e+01
  7.13172559e+00 -2.25646375e+01 -8.04304196e-01  1.40045871e+01
 -1.53570251e+01 -1.92196069e+01  1.81708414e+01 -1.22566597e+01
 -3.60495659e+01 -3.40918813e+00  3.77869980e+01  1.44590948e+01
  6.98740372e+00 -4.91406938e+01  4.00397658e-01 -2.43182583e+01
  4.93985345e+00 -4.98715060e+00  2.65342663e+01  8.22475206e+00
  9.84328167e+00 -1.30432848e+01  3.42478237e+01  5.23105739e+01
  3.18399527e+01 -1.99998716e+01  7.38719603e+01  4.77709098e+00
  4.57557391e+01 -2.89872221e+01  1.80647246e+01  5.09648634e+00
  1.34750954e+01  2.09415086e+01 -4.42306595e+01  2.61817277e+01
  1.62250151e+01 -3.31097499e+01 -1.12710538e+01  1.82774153e+01
  1.02899963e+01 -4.84308338e+00 -9.02031130e+00  4.86038113e+00
  3.67194419e+01 -3.79849423e+01 -5.24100369e+00 -1.45033487e+01
 -4.60261599e+01 -1.41164783e+01 -7.39637103e+00 -2.53739355e+01
 -9.28014540e+00 -1.04442551e+01 -1.19763331e+01  3.26688269e+01
  1.89981975e+01 -3.51280788e+01  2.60151500e+01 -1.10566164e+01
 -1.42663634e+01  2.51894688e+01 -6.66883446e+01 -2.13212248e+01
  3.78501629e+00  1.58337934e+01 -6.67041963e+01  5.59590537e+00
  1.77338826e+01 -1.43229192e+01 -5.82301836e+01  3.02709102e+01
  1.05626887e+01 -2.86073611e+01  3.42359977e+01 -4.66516873e+01
 -3.18613979e+00  6.67175106e+00  1.22726955e+01  3.32186171e+01
 -2.96145357e+00 -4.04278581e+01 -3.55304735e+01 -8.28018589e+00
  3.86514820e+00 -2.77710357e+01 -1.25262029e+00  2.46891739e+01
 -5.32947015e-02  4.80214405e+00 -8.10945524e+00 -1.85765077e+01
 -1.59992603e+01 -2.09105000e+01 -1.57953692e-01  2.85022935e+01
 -1.97541303e+01 -2.10051070e+01 -5.01685616e+01 -1.15406467e+01
 -1.16876235e+01  1.65845720e+01 -8.93906476e+00 -3.27520256e+00
 -1.90458714e+01 -1.30241077e+01 -3.43779010e+00  2.39393493e+01
  3.69531407e+01  3.18478940e+01 -3.16203117e+01 -2.92516164e+00
  8.26144909e+00 -3.20641607e+01 -5.45501579e+01 -8.25264286e+00]