[-6.34609622e+00  1.00858550e+01 -8.75207052e+00 -8.64079989e+00
  2.04290170e+01 -1.01162206e+01 -3.33894587e+01 -8.20208915e+00
  2.85477486e+01 -9.87776644e+00  5.16029640e-01  1.63861461e+01
  6.40932793e+00  1.79499612e+01 -3.62656928e+01  3.12120032e+00
  2.99338151e+01 -4.96587897e+01 -3.40460305e+01  3.45544123e+01
  2.12366289e+00  1.65187836e+01  6.21517555e+01  2.41472526e+01
 -1.28017969e+01  1.43679503e+01 -3.66718081e+01 -3.27194510e+01
  5.85239747e+00 -1.32751703e+01  1.51479616e+01 -2.29323607e+01
 -2.92182346e+01 -1.00523040e+00  2.44871936e+00  1.02349631e+01
 -1.97470003e+00  4.88949462e+00  2.85608557e+01  1.86196850e+01
  7.92978787e+00  1.53402079e+01 -8.26938397e+00 -1.51203770e+01
 -1.47033292e+01  1.54110721e+01  1.51254568e+01  5.69187221e+01
 -1.92228019e+01  6.99842691e+00  7.57498445e+00 -3.25268073e+01
  1.76058854e+00 -3.48354624e+01 -3.86604215e+01 -4.71377905e+01
 -1.47734410e+01  1.91988009e+01  5.61647737e+00  1.34096403e+01
  1.34751163e+00 -1.24270032e+01 -2.25008187e+01  1.68172700e+01
 -5.45852552e+01  3.01857930e+00  1.64280263e+01  1.39779254e+01
 -3.24563328e+01 -2.08483948e+01  6.68059824e+00  2.40513146e+01
  2.15708197e+01 -3.84290079e+01 -1.60692694e+00  3.13726078e+01
 -4.44640111e+01 -3.10668910e+00  1.30005652e+01  1.13828550e+01
  2.73099745e+01  4.49272410e+00  1.30486188e+01 -5.37952711e+01
  1.80380057e+01 -1.22350466e+01 -8.31270180e+00  3.07018566e+00
 -3.53628809e+00 -8.70141480e+00  1.26861615e+01  1.70527840e+01
  1.19074420e+01  1.15758267e+01  1.12353629e+01 -2.59981152e+00
  2.80797981e+01 -1.85365365e+00  4.23875677e+01 -1.65249861e+01
 -9.96816702e+00 -2.54002846e+01 -3.83888408e+01 -1.20058124e+01
  1.56882139e+01 -4.51020680e+01 -2.72104236e+01  1.76962260e+01
  1.19422684e+01 -3.22487600e+01 -4.15603327e+01  3.25728600e+01
  1.97675543e+01 -3.10400662e+01  1.55777695e+01 -2.09883495e+01
  3.17135631e+01  2.26087012e+01  1.52024299e+00  1.85527005e+01
 -1.91460121e+01  1.21717566e+01 -5.65586889e+00  2.84835640e+01
  7.76525981e+00 -4.45982058e+01 -2.51205222e+01  4.51948946e+00
 -2.40343044e+01  4.95197661e+00  4.87676913e-01 -1.24081695e+01
  1.84361816e+01  5.85566766e+01  6.10475948e+00  2.73055223e+01
 -1.06975992e+01 -1.76339872e+01  2.01809215e+01  2.04019461e+00
  2.88494632e+01 -3.27066425e+00 -1.05002334e+01 -1.11646863e+01
  1.53581492e+01  1.80252092e+00  1.66314973e+01  1.65952550e+00
  1.35754179e+01  3.20754744e+01  1.84566918e+00  3.96014402e+00
  2.06211472e+01 -2.52840482e+01  7.66970878e+00  1.42467464e+01
 -1.77024722e+01  3.90884362e+00 -1.63982604e+00 -3.25527083e+01
  1.48109527e+01  7.65263091e+00 -6.68619426e+00  1.86131551e+01
  1.50459546e+01 -3.98564294e+01  9.77092130e+00 -7.08834219e+00
  5.13567411e+00  2.29481689e+01 -2.13062105e+01 -2.04613183e+01
  4.03488754e+01 -4.29152714e+00  7.93978522e+00  5.87505482e+00
  2.67960515e+01 -1.30412922e+01 -1.03832089e+01  3.29581791e+01
 -1.66747010e+01  3.84719416e+01  1.25053848e+01  4.95251874e+01
 -3.83220616e+00 -2.42522208e+01 -8.18162722e-01  1.58810241e+01
 -1.56897854e+01 -1.56140950e+01  2.24362983e+01 -9.86061990e+00
 -3.17098810e+01 -6.81816625e+00  2.91167795e+01  1.44746459e+01
  1.24560073e+01 -4.28773011e+01  2.50141882e+00 -1.96518068e+01
  6.19114391e-02 -4.19769403e+00  2.17101435e+01  7.22829757e+00
  2.73053722e+00 -8.18657458e+00  2.95499370e+01  4.43155511e+01
  2.13677466e+01 -1.94247622e+01  6.31794272e+01 -2.43635237e+00
  4.37406213e+01 -2.25845944e+01  1.54629965e+01 -2.55513487e+00
  2.04081086e+01  1.37657520e+01 -3.82613264e+01  1.85621944e+01
  1.73949773e+01 -2.81569523e+01 -1.21850080e+01  1.87421634e+01
  8.24763262e+00 -2.84354454e+00 -6.91020786e+00 -4.62390101e-01
  3.07983866e+01 -3.09036790e+01 -5.56924743e+00 -1.15431392e+01
 -3.36241054e+01 -8.17933130e+00 -5.23092650e+00 -2.61800376e+01
 -5.70517770e+00 -5.75238211e+00 -9.99239929e+00  2.93812662e+01
  1.64546860e+01 -3.81489334e+01  2.49793803e+01 -6.42659834e+00
 -8.43750086e+00  2.44562853e+01 -5.63808301e+01 -1.59783060e+01
 -5.93277264e+00  1.96631929e+01 -5.39113206e+01  8.67721974e+00
  2.29402441e+01 -1.59757002e+01 -4.86912355e+01  2.56046136e+01
  8.08261829e+00 -2.05466706e+01  3.10023215e+01 -4.36672050e+01
 -3.93264605e+00  2.81480970e+00  6.19609081e+00  3.05770670e+01
 -3.34344596e+00 -3.32187741e+01 -2.60387052e+01 -1.05867772e+01
  9.60471863e+00 -2.31157010e+01  1.64270469e+00  2.11821092e+01
 -1.20161436e+00  6.56616956e+00 -8.17433872e+00 -1.83537353e+01
 -1.11481052e+01 -1.67779602e+01 -3.36786941e+00  2.75286673e+01
 -1.35138806e+01 -1.70276599e+01 -3.95587835e+01 -1.13114300e+01
 -7.02078870e+00  1.40478661e+01 -5.71415045e+00 -5.96707630e-01
 -1.42355581e+01 -1.20862176e+01 -4.07088888e-02  1.59985778e+01
  2.23117502e+01  2.54374678e+01 -3.04156744e+01 -6.48722839e+00
  5.50862554e+00 -3.24973080e+01 -4.89915818e+01 -6.33427748e+00]