[-11.31929879  13.22317845 -13.08784756  -2.16766322  27.6941965
 -13.17611949 -55.5324469  -12.3209437   48.84140626  -5.63848448
 -16.12959021  18.11644083  -2.15922162  22.00592973 -59.62630977
  11.0112486   46.87113434 -75.05724401 -53.35135783  51.09863475
   1.05727863  25.34793077 103.36185721  37.31476327 -21.40650575
  23.58701117 -48.95135514 -53.04764443   5.73005168 -13.50933937
  38.19729887 -41.52920021 -35.84460908  -8.57605222   4.94304831
  21.55965076   1.40011735  10.81318279  44.27595215  29.45516904
  10.35335106  19.03306238 -19.3502201  -12.18168891 -29.91031986
  21.39507368  22.6676464   86.01682957 -29.78206684  13.70815044
  16.04202003 -44.68704925  -5.12282353 -52.38047189 -49.73712314
 -69.75666707 -25.47124171  22.5691444   11.41953383  18.90349855
   4.658912   -33.09091955 -26.10485473  30.05485733 -79.55042833
   6.59593628  26.44913576  20.90253394 -39.99911098 -29.50639427
   9.91973881  37.25907812  34.83938184 -54.10978699  -5.03628467
  51.62140847 -60.77629604   0.73605137  19.82861928  19.37472887
  41.74448566   8.50848925  11.66757955 -85.2074338   27.90956064
 -24.53748969 -16.47702282  -0.32620715  -1.94923325 -15.19697394
  20.99700874  20.66423988  17.09623148  27.37205972  15.47272565
  -5.33084361  41.93176033  -2.20423008  60.46443597 -17.72760339
 -14.89254586 -42.41930514 -57.29286147 -27.21014321  23.69503153
 -65.6203036  -31.00978201  23.22210935  19.49462789 -47.5224724
 -71.51337628  44.61395339  34.98105732 -44.31999945  21.29674377
 -39.87173625  51.09147802  35.20316165  -0.16371023  27.29552572
 -38.41009621  17.55036054 -10.53580675  47.5373956    5.92647068
 -60.90385164 -42.52024285   5.64286351 -34.95487013   7.39622526
   4.58316592 -21.63460722  33.86683767  91.79185823   1.52899376
  39.43976018   1.30878705 -24.60591122  29.3176424    5.19967004
  41.22668798  -5.50402099 -10.71326523 -10.08523431  28.69606697
   6.79594481  21.12627248  -0.47917884  19.03429091  56.11518053
   4.48125695   5.56540165  40.49782377 -40.3616849    8.51569098
  22.2130198  -31.00715048   2.46741931   2.8797223  -48.91295311
  18.36691842   8.19213276 -18.23987454  28.30536448  21.5510781
 -67.5264809   13.68274829  -9.99996719  11.91773154  28.56275448
 -30.76488325 -28.81006182  61.96582704 -10.5135322    7.43969863
  12.21109797  41.49472218 -26.70044273 -27.86558814  48.5208305
 -28.95253788  59.93100686  15.74517825  73.75740142   5.2716648
 -33.2699095   -1.0986409   20.66666426 -22.58457808 -23.43956455
  26.34614418 -17.02600787 -48.16222343  -7.55457104  49.1854595
  20.83170278  12.34433892 -64.23745137  -0.14755734 -32.28410299
   6.17259661  -8.398893    33.40267323  10.90111995   6.94235491
 -15.09803527  44.56745466  70.06871656  38.85578473 -27.25608191
  96.1348583    2.55607394  62.39741594 -36.94768883  22.37742807
   4.47242798  20.37431634  25.10237413 -56.32273483  34.05316953
  20.14971054 -43.38535484 -15.348459    25.91527801  15.35665791
  -3.91962492 -11.22029947   6.19952094  49.17956961 -49.40459843
  -6.09793576 -17.35312871 -58.55614522 -16.30326347  -7.97062544
 -34.41196788 -11.29825916 -14.0251086  -13.64990877  41.46819717
  23.83287188 -50.52236861  35.66858183 -14.77419928 -17.9116951
  34.46192732 -89.09895702 -27.87567441   1.64671495  22.1395839
 -86.89130073   6.55650621  26.28299746 -21.01675378 -75.71255041
  40.31256167  12.17818387 -37.28969235  44.49931586 -61.86875679
  -7.84571697   8.02424272  16.00629775  44.60588594  -4.77272998
 -54.74535965 -46.06649216 -13.10927106   8.6561815  -36.68598037
  -0.33552974  30.7539368    0.64351963   8.93717986 -12.82021046
 -26.18133235 -19.03503732 -28.81036649  -1.00552314  39.63414221
 -24.78759666 -27.36015972 -65.73230443 -14.70625656 -11.86944574
  19.1291863   -9.2237494   -3.62119191 -24.06204793 -18.22950799
  -3.68782199  29.81823327  48.08824855  41.35085393 -43.04108701
  -3.1255868   10.89479441 -44.81999544 -73.01626303 -11.77179289]