[ -3.68825001   7.18260779  -6.85525616  -5.71459019  14.37132191
 -10.64971352 -30.8193353   -6.82565323  24.3148613    0.8133743
  -6.79682193  10.77185478  -3.7054736   15.62825473 -34.53857758
  10.57595578  26.67504115 -44.83946322 -36.88879662  29.94215735
   0.61049241  13.43646674  64.40327154  20.10889414 -13.64007928
  15.60515332 -29.63274864 -26.84785506   2.17567167  -9.06641575
  19.81107485 -23.95167175 -20.11066534   1.09274281  -2.16029438
  16.13501991  -0.30689762   6.33273039  25.25098944  19.30677372
   5.16044725  14.08655631  -7.45158427  -7.36381479 -14.97446328
  14.21473949  16.8109602   49.17280049 -17.26258223   6.90426976
  10.32830596 -25.71238451   0.3264686  -29.95806732 -31.20383917
 -42.81908198 -14.24792535  14.19010358   7.16689527  13.68678953
  -0.85640531 -16.15480144 -11.75970771  20.27556811 -46.58893433
   5.10066783  14.35752124  12.35528384 -24.10043767 -17.95577741
   5.40638464  26.3609047   19.88676402 -36.22370651  -4.78850908
  29.46503526 -35.51366269  -2.36675057  11.51624722  11.07353569
  23.16597953   6.56650187   9.62202116 -50.79383512  22.48924426
 -15.00037747  -8.11170622   0.26284828   0.35443274  -7.84823112
  12.52000497  12.49947925   8.31451744  15.23416552  10.32044359
  -2.08041888  22.4439619    2.71915406  31.89130603  -6.62454465
  -2.99970385 -24.67325914 -32.81574222 -12.0914955   13.81413906
 -38.30317798 -19.4979394   16.38822003  11.42413189 -27.48241799
 -36.18174198  27.50659218  18.23041059 -26.54627331   9.61058057
 -22.29052344  27.65379023  17.46997431  -1.89162687  14.3626148
 -21.80674699  12.98536218  -0.49659983  27.86936618   2.10719025
 -38.50948133 -22.70766678   5.24082881 -20.57512011   4.38930856
   5.734046   -15.09908747  17.23632412  52.59344322   3.598357
  24.97527515  -5.18401322 -15.29854196  15.68502016   2.62224126
  24.11835399  -4.24350873  -6.42730443  -8.8184847   16.07505588
   4.40432576   7.64870163   3.81214948   9.57772324  30.08860301
  -1.03237013   3.81925704  25.39033698 -22.6408857    5.64942294
  11.23295604 -19.96117193   1.55919906  -1.76467204 -27.47913374
  12.24284096   1.72016986 -11.62157377  21.83343685  13.61032277
 -40.26963034  10.48681782  -5.77345852   6.70338354  16.60458863
 -15.87444783 -13.50756743  39.95665439  -7.50497055   4.76294012
   2.93988805  28.47402033 -13.52991278 -16.775402    27.03307199
 -15.38770864  34.477715     8.83181644  42.82524736   5.44594612
 -16.86482415  -2.55696882  13.98547514 -13.01712703 -18.16982314
  16.49062102 -10.86505342 -29.79100358  -3.66649257  29.92179406
  11.9762977   10.04275883 -34.82687314  -1.93801703 -19.05927873
   3.20188749  -6.78291441  21.18309504   9.5451359    3.22436146
  -9.61636097  27.09402064  42.40720025  27.62363412 -18.02514588
  55.46586416   4.8942436   38.88892874 -21.93444468  14.43008779
   3.31633449  12.04180652  12.70969734 -35.24325203  24.51114618
  14.31689527 -26.08499582  -3.68800722  14.81900447  10.08012537
  -1.20925723  -2.96780991   1.11459461  25.36282377 -27.18221269
  -1.62881317  -6.80038418 -33.21906616  -9.35492475  -5.68842622
 -21.04857328  -9.90888351  -7.0212119   -9.56943374  24.47518611
  14.6441577  -28.74899067  23.46295063  -4.39642106  -8.79396562
  21.59222655 -48.44473448 -16.98708539   4.76758787  18.39791028
 -47.8652118    6.60006846  20.02288625 -11.44003021 -42.56892405
  23.21602015   6.07277203 -18.01286968  27.64584049 -37.33494025
  -4.83430443   2.56728607   9.92222848  26.43711803  -2.76337705
 -30.76628567 -28.40230963  -9.72070654   3.81077416 -21.81497219
   3.3374622   19.16051454   0.19923226   0.21720845  -5.61900023
 -12.57195432 -13.55635511 -16.74329232  -2.67368741  23.63795293
 -10.45261124 -13.73542283 -35.98095381  -7.8367686   -8.85031212
  13.00461097  -6.76343086  -3.5877891  -13.21439779 -11.41084307
  -1.39715658  20.71691415  22.40692289  25.31384636 -26.27054435
  -5.19407475   3.7061112  -26.98929664 -43.49757122  -3.02287573]