[-5.76994634e+00  9.56427084e+00 -5.39374789e+00 -7.97001123e+00
  1.90904298e+01 -7.25064227e+00 -2.87150373e+01 -6.58279833e+00
  2.33396759e+01 -7.80581283e+00 -2.63801566e+00  1.34493962e+01
  6.97121659e+00  1.50783424e+01 -3.09561319e+01  4.72928522e+00
  2.39558394e+01 -4.25681104e+01 -2.74582973e+01  2.74965040e+01
  6.86575320e-01  1.10810528e+01  5.10091083e+01  2.00644157e+01
 -9.67899057e+00  1.18099970e+01 -3.14648031e+01 -2.54477061e+01
  3.80616616e+00 -8.88795066e+00  1.19628790e+01 -2.02931808e+01
 -2.20596417e+01 -2.21106584e+00  2.49179277e+00  8.50120289e+00
 -1.57919793e+00  5.98796801e+00  2.18703221e+01  1.35650349e+01
  8.64797820e+00  1.25698057e+01 -7.41753819e+00 -1.11100149e+01
 -1.15031987e+01  1.05297164e+01  1.28361524e+01  4.81035102e+01
 -1.61815518e+01  5.24359094e+00  4.80527282e+00 -2.57129706e+01
 -4.70931348e-01 -2.58616618e+01 -3.04702180e+01 -3.82691136e+01
 -1.26210790e+01  1.53382706e+01  3.52901660e+00  9.17739937e+00
  4.03711293e-02 -1.02538885e+01 -1.87664517e+01  1.35050133e+01
 -4.19984762e+01  2.23856987e+00  1.25465812e+01  1.14856054e+01
 -2.68349006e+01 -2.04204893e+01  7.48709905e+00  2.06338065e+01
  1.76193510e+01 -2.94223177e+01 -2.30423885e-01  2.63339434e+01
 -3.50734015e+01 -1.78786782e+00  1.27970995e+01  9.05747993e+00
  2.13496052e+01  5.61132853e+00  8.82962474e+00 -4.57915225e+01
  1.46864092e+01 -9.72727929e+00 -4.13112903e+00  2.07826953e+00
 -3.57842725e+00 -7.11789741e+00  1.10226473e+01  1.24784119e+01
  9.52889068e+00  8.16748592e+00  6.54472771e+00 -3.17264432e+00
  2.29278403e+01 -3.61971644e+00  3.39417384e+01 -1.47239482e+01
 -7.46669859e+00 -2.15015225e+01 -3.13795936e+01 -8.66966773e+00
  1.18644851e+01 -3.71080232e+01 -2.27379336e+01  1.31582519e+01
  1.01450172e+01 -2.74886798e+01 -3.41271159e+01  2.67983951e+01
  1.73851210e+01 -2.54702183e+01  1.32210084e+01 -1.91773287e+01
  2.48366414e+01  1.86252645e+01  2.25724572e+00  1.51976261e+01
 -1.52238110e+01  1.09306149e+01 -3.95998001e+00  2.54296916e+01
  3.43434306e+00 -3.42454447e+01 -2.02167959e+01  3.71312217e+00
 -1.83358786e+01  3.63434165e+00 -4.13390417e-01 -1.01473405e+01
  1.41658429e+01  4.90293486e+01  4.17974796e+00  1.84575866e+01
 -8.99384083e+00 -1.39093738e+01  1.48882960e+01  3.27477400e+00
  2.21760826e+01 -2.40375078e+00 -5.92227208e+00 -7.20946103e+00
  1.16231067e+01 -5.18662447e-01  1.36815377e+01 -1.74348832e+00
  1.21862837e+01  2.84462825e+01  1.95062745e+00  1.85496685e+00
  1.59822152e+01 -2.02864940e+01  6.96227788e+00  1.20122114e+01
 -1.41900318e+01  3.64221103e+00  6.91670158e-01 -2.92440885e+01
  1.22929538e+01  6.55263785e+00 -4.49331886e+00  1.51209941e+01
  1.16017293e+01 -3.34130799e+01  7.05518541e+00 -7.30825830e+00
  5.52662622e+00  1.77547548e+01 -1.71993515e+01 -1.47389485e+01
  2.99673910e+01 -4.29418560e+00  3.13392157e+00  6.20223789e+00
  2.13620030e+01 -1.04504921e+01 -1.10468098e+01  2.58935696e+01
 -1.51846559e+01  3.21582908e+01  1.14191506e+01  3.98880899e+01
 -4.97353443e+00 -2.23427592e+01  1.75031525e-01  1.39965252e+01
 -1.31715125e+01 -1.21364945e+01  1.87059826e+01 -8.60088355e+00
 -2.60254994e+01 -7.34057913e+00  2.60358736e+01  1.41822410e+01
  1.05580857e+01 -3.30632637e+01  2.20567670e+00 -1.87601909e+01
  5.73679362e-02 -5.21169413e+00  1.78379040e+01  6.25912244e+00
  9.95924704e-01 -5.71169398e+00  2.18086747e+01  3.58205325e+01
  1.72981123e+01 -1.61182872e+01  5.20626655e+01 -2.22406352e+00
  3.48027637e+01 -1.87149817e+01  1.29042994e+01  1.00661383e+00
  1.61771073e+01  1.17395708e+01 -3.15853582e+01  1.49942013e+01
  1.07355750e+01 -2.23802052e+01 -1.13546291e+01  1.60169332e+01
  6.69460085e+00 -7.74633728e-01 -6.41840820e+00  7.88237632e-01
  2.61848523e+01 -2.40259633e+01 -5.49745919e+00 -1.09571152e+01
 -2.83290619e+01 -4.28275605e+00 -3.91989588e+00 -1.95791132e+01
 -3.71234656e+00 -5.74656295e+00 -7.81150210e+00  2.30141485e+01
  1.00305981e+01 -3.32905261e+01  1.90530089e+01 -5.81589821e+00
 -8.67177277e+00  1.88059626e+01 -4.61109331e+01 -1.17350774e+01
 -4.79002651e+00  1.60008774e+01 -4.32811926e+01  4.25522593e+00
  1.75989971e+01 -1.46618852e+01 -3.88348495e+01  2.33350120e+01
  4.97931458e+00 -1.79970020e+01  2.47524828e+01 -3.45946391e+01
 -5.39826369e+00  3.00502358e+00  6.07610318e+00  2.41388455e+01
 -3.45006411e+00 -2.72165655e+01 -2.11568352e+01 -1.14743106e+01
  8.01883785e+00 -1.79176340e+01  1.19046003e+00  1.72216757e+01
  2.99520745e+00  7.88047212e+00 -8.18282068e+00 -1.61714056e+01
 -9.78975473e+00 -1.58766159e+01 -6.33697231e-01  2.47353631e+01
 -9.11410719e+00 -1.39512544e+01 -3.38905553e+01 -7.13843785e+00
 -5.71147797e+00  9.26292850e+00 -4.04802833e+00  6.54547349e-01
 -1.06937809e+01 -1.01990049e+01 -2.46446524e+00  1.07353439e+01
  2.22378570e+01  2.28963690e+01 -2.48255957e+01 -3.29129062e+00
  7.03487063e+00 -2.57924858e+01 -3.88845102e+01 -5.57271558e+00]