[ -4.0333903   11.16905237 -11.87303461  -5.40955408  18.66179488
 -10.56448587 -36.08033079  -5.37911022  22.86461275  -2.99578228
  -5.17073109  12.37775406  -1.79004652  19.1640757  -39.93623396
  14.51554896  30.7987717  -47.99422255 -38.60597123  33.98554348
  -2.61989668  11.68058574  71.04355995  27.07756148 -13.76186481
  14.22588818 -36.01807038 -30.83121678   1.55814616  -8.59958351
  19.95526153 -27.18073422 -24.67570699  -0.88280286  -0.65773069
  16.71581781  -1.35187234   6.68771079  28.96478746  22.37409585
   3.68943476  14.93384595 -10.40644101  -6.2745465  -15.17815635
  13.62154642  17.04767539  54.70028042 -19.96476479   8.37491736
   9.55452128 -30.68756965   1.58576318 -34.37977775 -34.6486432
 -47.41824214 -15.03104428  11.95074664   5.5506497   12.59338411
  -0.97820906 -17.82026947 -12.59460606  24.14193603 -54.06950018
   3.32311278  14.88198751  13.53751386 -30.3245444  -23.28177935
   6.82251651  27.49085962  25.37407119 -40.86343507  -0.15276905
  32.69071171 -36.38205685  -0.4887649   13.82932822  13.58061904
  28.59334906   7.13786879  11.14802878 -56.36791449  21.46752751
 -10.84414495  -9.41536515   6.8887755    0.09229959  -4.84783574
  12.09786535  12.33304241   7.79629633  15.67767736   8.84864143
  -5.04419775  23.05692535  -0.1768563   38.52866266  -9.27663342
  -2.60904286 -27.06203292 -39.71726925  -9.71335024  13.59837718
 -44.50919409 -23.30665713  17.50608753   9.69102467 -34.398504
 -42.01652922  31.7617546   15.44651664 -31.04299279  10.86116473
 -25.52363151  31.38031804  21.09199231  -3.64893155  12.85121472
 -22.77702992  16.16629821  -4.89661056  32.13207034   5.20205135
 -40.18253128 -25.47338374   7.08219489 -23.43417917   5.26995585
   4.00671908 -13.9634215   19.35605447  55.74852185   5.12656905
  30.08383863  -6.15251871 -16.91604472  17.0925436    2.8854969
  23.85972401  -4.18961288  -7.1657447  -10.29036314  15.00440774
   1.90856708   8.74743953   2.43289022   9.50154105  32.87077689
   2.27116151   3.96478028  25.86885956 -26.69713263   6.9788938
  13.05705131 -18.56589349   0.53220376  -0.14295225 -31.96889455
  18.47712166  -0.20563284  -9.19335097  21.18526144  15.03986116
 -46.86749463  10.47628798  -8.13796654   4.82682527  20.97701845
 -17.45764213 -14.31767113  41.86927207  -7.8306379    7.7651475
   2.88035976  30.49457807 -15.3981822  -17.62569932  33.18435902
 -18.92478153  40.38080607  12.91096519  49.30306435   2.42919248
 -22.43359178  -8.42986386  16.72342818 -17.28025416 -17.83782034
  19.89041116 -10.23411799 -30.83874442  -6.53248922  30.97899832
  11.13256162  10.55512916 -38.53686262   0.18298751 -18.45597928
   2.36547892  -5.34335044  24.06845911  14.31608224   5.71639134
 -10.50730038  28.62018682  45.95986305  28.14176696 -19.38440516
  58.84418387   1.0730776   35.59361767 -23.80809818  13.63775951
   1.75883291  15.6518276   12.83355081 -41.25351434  30.04760318
  15.32469457 -30.47641108  -5.99280501  14.97247306  10.21585979
   1.56091552  -3.04057858   4.80241498  29.1115029  -30.12440907
   0.4317105   -6.15714282 -35.5943595   -9.72385178  -4.89347797
 -26.84678928  -9.99599089  -6.84806266 -10.93992434  27.28943969
  16.28023257 -32.15513713  24.87937003  -2.56065328  -9.65447437
  26.626449   -54.29236747 -18.97337441   2.13369359  21.5308359
 -53.25212896   7.23091286  22.89422672 -13.01098115 -46.94992307
  25.58350648   7.66978317 -19.85191687  31.36597138 -40.87444549
  -5.56712947  -0.1468569   13.43713991  31.76883195  -3.28607428
 -37.47044885 -34.2680622  -14.47514288   6.33363325 -22.85106144
   2.31093704  21.37823053   3.49744378   3.30972318  -9.57190149
 -13.93330808 -11.25749132 -17.65049527  -2.16432183  27.95173885
 -12.7836967  -17.16322543 -43.49624013  -9.91757128  -4.3494121
  14.73138616  -8.59986095  -1.65206497 -14.3412803  -13.09705194
  -5.09946564  22.41617951  23.10258071  30.43185032 -33.33037159
  -7.90109841   5.86292633 -32.06334656 -46.38118089  -6.2440366 ]