[ -26.20110795   74.22984653  -59.97940137  -49.72889544  109.48037467
  -61.13053609 -190.04983693  -39.93993363  151.70950501  -27.70252207
  -26.01086723   90.51326661   29.92128328  102.23513396 -209.6426603
   42.52918253  185.48038267 -274.15937059 -208.34060104  203.20925587
    3.90703702   85.31239781  387.02799521  135.75923962  -71.96650977
   97.88356439 -202.70050991 -171.2775791    23.58119261  -65.68813691
  110.15544069 -146.11119678 -165.60696763   -2.09559394    7.5312009
   76.44267979   -7.05685831   29.75587152  160.03780502  101.21841799
   30.20654807   91.42770718  -55.42319346  -57.46894634  -87.58462001
   91.68036671   78.59683312  324.27527432 -112.67285273   48.64394732
   60.88190705 -174.57904508   10.50894707 -190.48598997 -220.93963166
 -274.36744892  -94.14604031   89.14593456   37.21930909   77.57445331
   -5.12421042  -78.40989159 -116.89600255  121.49202391 -320.07620261
   23.4266379    97.77779527   79.51354817 -171.92681774 -122.12918533
   34.71984767  149.60296484  140.93707964 -224.2307795    -3.24046961
  187.82056932 -237.35248313  -14.20989034   68.35950974   63.49312137
  150.39193343   36.25081568   62.42391733 -309.39753492  112.15021099
  -75.73178335  -44.17248629   10.75364995  -16.37126688  -35.17457404
   73.1084997    79.73089384   59.62116112   63.52862551   52.00430433
  -10.96272246  157.37887973   -2.10860772  244.57597915  -88.1132978
  -43.97030228 -147.88510191 -216.76892477  -65.14976037   84.87512937
 -260.15927043 -140.68569051  110.01767837   76.48532398 -187.76935507
 -243.64681575  187.96414732  105.47550822 -180.9791869    68.9283965
 -136.13954643  195.16574707  129.60210874  -10.79741628   94.90909911
 -111.84802001   82.08514261  -27.04901743  195.34990949   29.43721739
 -245.32768565 -135.7277815    38.4767495  -138.49669139   24.50767404
   13.88941089  -81.79256328  100.3665284   334.72066587   32.15968344
  161.10216574  -47.74913411 -100.83626381   97.68837136   16.04126889
  155.69305788  -23.65141905  -49.36365752  -77.46289918   82.32229496
    9.12028473   75.79427557   18.30643593   68.49021011  187.11019563
   16.45185628   14.66304216  151.1505418  -137.70137068   49.74881203
   72.76604336 -101.24935736   31.06850047   -6.49952894 -197.21153416
   89.51475803   16.07193099  -42.84940589  118.56327955   88.61797133
 -262.42996532   46.5082753   -42.08758612   32.98379346  110.02267402
 -108.8126007  -100.04718464  223.58751547  -23.0779196    46.79958167
   16.41006637  171.63867547  -75.50584581  -72.26731752  179.81613017
  -95.98911797  222.98817406   86.07703885  282.45568027  -13.8535794
 -130.38741167  -20.77414156   92.45650043  -81.8091945  -108.43669963
  121.66238705  -57.03541311 -181.52461054  -26.62549533  182.61046662
   72.43623191   69.46108814 -231.47253853   16.74107559 -117.33814273
   -0.44588291  -26.1332435   127.77731473   61.37523243   47.59727256
  -58.25638953  159.698689    260.00732745  143.75832591 -106.07799311
  359.50950704   11.18418557  234.27117209 -141.48523014   91.92803573
    8.71818606   96.94972554   85.50452728 -239.48721726  126.94684006
   95.64539158 -163.86806931  -50.63668903  104.38684951   40.06986345
   -3.14158077  -35.28269807    5.69218835  162.09140277 -177.59086977
  -22.83561393  -79.1672209  -204.56691275  -50.9607479   -26.85919539
 -146.51696077  -36.14490674  -35.97685045  -72.42388357  165.08131725
   83.19489984 -200.97816691  148.66689449  -25.64369053  -55.86248654
  141.59124817 -313.16362171  -90.20784975  -12.08752283  117.19932105
 -308.13738432   49.33275007  134.32145667  -89.54291854 -282.47699203
  158.51984307   53.50685448 -115.74530833  176.19372284 -249.94835826
   -7.12103422    7.66900342   46.88933767  172.74798165  -21.25525669
 -190.77835108 -163.3660301   -67.15686824   30.07826612 -125.37201039
   12.42303565  133.75002875   15.41509683   44.09619777  -43.95051634
  -96.81389371  -76.04461082 -109.82008618   -4.5983191   163.46123945
  -65.51567292 -106.81628457 -236.69215161  -55.95872533  -47.70274741
   87.49119593  -49.74166846   -8.35177021  -74.9219073   -66.86662181
  -11.74769875  100.00695659  133.79882916  166.86318483 -184.81016015
  -36.7609366    30.15323347 -180.67674623 -275.72028688  -31.76713831]