[-3.12003829e+01  5.73697006e+01 -5.18310479e+01 -2.35653057e+01
  1.05740681e+02 -5.31519012e+01 -2.04721091e+02 -4.30209617e+01
  1.66572502e+02 -2.81640483e+01 -3.66213067e+01  8.03439712e+01
  1.28014667e+01  9.39636394e+01 -2.17784077e+02  4.35808328e+01
  1.76691792e+02 -2.81024402e+02 -2.05556612e+02  1.98337785e+02
  9.05762890e+00  9.45688154e+01  3.84264965e+02  1.42577798e+02
 -7.93562126e+01  8.67770929e+01 -1.94266177e+02 -1.92915190e+02
  2.60141124e+01 -6.34984505e+01  1.29456728e+02 -1.49928249e+02
 -1.50710121e+02 -2.36520291e+01  1.58741108e+01  7.80861690e+01
 -3.85938366e+00  3.67592322e+01  1.64874985e+02  1.05287190e+02
  3.48050025e+01  7.52426111e+01 -6.26173799e+01 -5.69893596e+01
 -1.04224607e+02  8.81222723e+01  8.35837115e+01  3.25577022e+02
 -1.15772268e+02  4.73221057e+01  5.43646178e+01 -1.73483703e+02
 -4.93628115e+00 -1.92553095e+02 -2.06518516e+02 -2.66448019e+02
 -9.72384389e+01  9.28803575e+01  3.94088354e+01  7.59633094e+01
  9.52185948e+00 -1.05256296e+02 -1.13369125e+02  1.15238923e+02
 -3.11580475e+02  2.11159590e+01  1.04064809e+02  7.79261219e+01
 -1.68102998e+02 -1.18005407e+02  3.55787631e+01  1.42086174e+02
  1.35879973e+02 -2.12394072e+02 -1.26054301e+01  1.87772105e+02
 -2.36697413e+02 -3.05353877e+00  7.04774269e+01  6.57650614e+01
  1.53105123e+02  3.05738358e+01  4.72159678e+01 -3.23026552e+02
  1.07179043e+02 -8.19129482e+01 -5.40182779e+01  1.30325908e+01
 -1.22195313e+01 -4.93916784e+01  7.49344062e+01  8.18229906e+01
  5.97062042e+01  8.19208086e+01  5.49274110e+01 -1.75010649e+01
  1.58334182e+02 -2.14854478e-01  2.36302848e+02 -7.86860708e+01
 -5.62562087e+01 -1.56369669e+02 -2.19098990e+02 -9.11656222e+01
  9.13194420e+01 -2.52199866e+02 -1.28995399e+02  9.42659459e+01
  7.49150149e+01 -1.82945847e+02 -2.55334053e+02  1.78096689e+02
  1.18434022e+02 -1.68167806e+02  7.80368063e+01 -1.39272403e+02
  1.95986631e+02  1.31614970e+02 -7.14059827e+00  9.73520660e+01
 -1.30946978e+02  7.53752539e+01 -3.39384717e+01  1.86156697e+02
  2.71035945e+01 -2.35293923e+02 -1.57165316e+02  2.47830129e+01
 -1.39526828e+02  2.57235427e+01  1.15000239e+01 -7.48792119e+01
  1.18697058e+02  3.40575039e+02  1.39817884e+01  1.57175905e+02
 -2.49134496e+01 -9.65977035e+01  1.10360552e+02  1.52280984e+01
  1.57832651e+02 -2.11464201e+01 -4.59060744e+01 -5.15366704e+01
  9.40176880e+01  1.76509353e+01  8.00748905e+01  1.27761469e+00
  7.17569151e+01  2.02331395e+02  2.31234337e+01  1.96242344e+01
  1.47684533e+02 -1.42655825e+02  3.70419096e+01  7.85012075e+01
 -1.07421087e+02  1.54236369e+01  1.22375435e+00 -1.85536129e+02
  7.79248312e+01  2.05854309e+01 -5.39977100e+01  1.05169755e+02
  8.37145829e+01 -2.58546668e+02  4.73591387e+01 -4.34205632e+01
  3.87308620e+01  1.14107787e+02 -1.14693485e+02 -1.07962643e+02
  2.31354354e+02 -3.24186358e+01  3.62144896e+01  3.10595860e+01
  1.59674152e+02 -9.47407232e+01 -8.96013451e+01  1.83439793e+02
 -1.03926604e+02  2.29144061e+02  7.07204511e+01  2.79523700e+02
  3.54521776e+00 -1.31942522e+02 -1.06243171e+01  7.96673349e+01
 -8.43170335e+01 -9.67855216e+01  1.11307606e+02 -5.47800063e+01
 -1.77475047e+02 -3.15038428e+01  1.73525053e+02  8.01197537e+01
  5.63249648e+01 -2.39433841e+02  4.30692254e+00 -1.20120081e+02
  1.20524995e+01 -3.26340873e+01  1.24852575e+02  4.98030862e+01
  3.44241037e+01 -5.62458375e+01  1.68188665e+02  2.61539996e+02
  1.45216533e+02 -1.05234770e+02  3.59879118e+02  6.80869058e+00
  2.33860871e+02 -1.43793392e+02  8.83821680e+01  7.44770893e+00
  8.65138078e+01  9.29042453e+01 -2.26451137e+02  1.26162634e+02
  8.24284833e+01 -1.64817370e+02 -6.16072256e+01  1.05238473e+02
  4.51963937e+01 -1.51641588e+01 -4.41872235e+01  1.50126421e+01
  1.78406930e+02 -1.80196259e+02 -2.46233200e+01 -7.13612484e+01
 -2.11948319e+02 -6.05202539e+01 -2.58498961e+01 -1.37317541e+02
 -3.51957044e+01 -4.25243709e+01 -5.95400896e+01  1.64484874e+02
  9.25330453e+01 -1.98117092e+02  1.45421618e+02 -4.19193613e+01
 -6.74945610e+01  1.37271484e+02 -3.32251254e+02 -1.03016153e+02
 -4.85006312e+00  1.00867485e+02 -3.20218719e+02  4.36502916e+01
  1.17930938e+02 -8.63953041e+01 -2.82977111e+02  1.58030768e+02
  5.07647980e+01 -1.29545833e+02  1.76416496e+02 -2.46542262e+02
 -2.31956313e+01  1.92616630e+01  5.67594722e+01  1.74438777e+02
 -1.92626615e+01 -2.02689414e+02 -1.64513782e+02 -5.62037688e+01
  3.77222569e+01 -1.31939350e+02  6.66726351e+00  1.24441435e+02
  6.30086153e+00  3.85079688e+01 -4.63858572e+01 -1.00672279e+02
 -7.24086968e+01 -1.03766514e+02 -3.73038424e+00  1.53321364e+02
 -8.25434984e+01 -1.03865102e+02 -2.48777219e+02 -5.66529705e+01
 -4.45332552e+01  8.00500650e+01 -4.04402698e+01 -7.57208458e+00
 -8.25528382e+01 -6.66529602e+01 -1.36802282e+01  1.12065782e+02
  1.59247682e+02  1.57714125e+02 -1.74004220e+02 -2.81388603e+01
  2.81707831e+01 -1.77566915e+02 -2.77388836e+02 -3.59521931e+01]