[-7.62366835e+00  1.63565065e+01 -1.07405721e+01 -1.10212685e+01
  2.91766518e+01 -1.41114597e+01 -5.21853165e+01 -1.22934302e+01
  3.77170349e+01 -3.76091906e+00 -1.14041794e+01  1.94114845e+01
  3.58560887e+00  2.59477841e+01 -5.67727716e+01  1.73830595e+01
  4.31375871e+01 -7.74832885e+01 -5.60013651e+01  4.77175755e+01
  1.71996099e+00  2.12423944e+01  1.03463305e+02  3.24476612e+01
 -1.74225598e+01  2.80846285e+01 -5.27779836e+01 -4.31290322e+01
  3.56318931e+00 -1.39904890e+01  2.86722587e+01 -4.03657008e+01
 -3.55502265e+01 -2.09061491e+00 -1.18478758e+00  2.41878988e+01
 -1.29485653e+00  1.25503833e+01  3.82918078e+01  2.59173705e+01
  1.29831873e+01  2.02480365e+01 -1.47124388e+01 -1.27287404e+01
 -2.48078497e+01  2.04576739e+01  2.27130522e+01  8.45009937e+01
 -2.99849923e+01  9.34720938e+00  1.45463536e+01 -4.36303150e+01
 -3.67988320e+00 -4.81586994e+01 -5.24877556e+01 -7.21176966e+01
 -2.03010933e+01  2.38393940e+01  8.39685754e+00  1.86472925e+01
 -2.11651856e+00 -2.28597747e+01 -2.33927806e+01  3.28767631e+01
 -7.63555343e+01  6.86528801e+00  2.30738846e+01  2.10138220e+01
 -4.78271252e+01 -3.64232445e+01  1.02533428e+01  4.48273422e+01
  3.53161442e+01 -5.85238864e+01 -4.77528736e+00  5.07619104e+01
 -5.81707722e+01 -8.34608259e-01  1.92449069e+01  1.75108046e+01
  3.67020134e+01  1.35582337e+01  1.52902756e+01 -8.40584162e+01
  3.34632516e+01 -2.04431141e+01 -1.05515212e+01  1.01857297e-01
 -2.45473986e+00 -1.36613718e+01  1.99322754e+01  1.94929333e+01
  1.33765384e+01  1.99284998e+01  1.34964440e+01 -5.22646084e+00
  3.77939883e+01 -1.72318246e+00  5.82206917e+01 -1.75784678e+01
 -8.64162941e+00 -4.24851163e+01 -5.71064607e+01 -1.87135236e+01
  1.90653291e+01 -6.52798107e+01 -3.60572800e+01  2.49909303e+01
  1.96326494e+01 -4.92419512e+01 -6.37813644e+01  4.62794083e+01
  3.33033152e+01 -4.73278647e+01  1.94161966e+01 -3.45702417e+01
  4.74759089e+01  2.90593197e+01 -5.06842714e-02  2.53310466e+01
 -3.37923517e+01  2.26229557e+01 -2.07409451e+00  4.69271151e+01
  3.65115301e+00 -6.15124256e+01 -3.78025716e+01  1.19498338e+01
 -3.39432148e+01  7.11244333e+00  4.25878858e+00 -2.36315931e+01
  2.63633120e+01  8.94254616e+01  5.53313991e+00  3.53879797e+01
 -9.49390052e+00 -2.42626121e+01  2.31378171e+01  9.06664013e+00
  4.00776975e+01 -5.45547460e+00 -7.94369721e+00 -1.59355365e+01
  2.14733490e+01  5.15151065e+00  1.87131307e+01 -3.49606311e-01
  1.90692560e+01  5.01223582e+01  3.32500791e+00  2.38124263e+00
  3.69188177e+01 -3.70237525e+01  1.21870873e+01  2.17730559e+01
 -3.24004069e+01  3.96846538e+00 -6.95253326e-01 -5.06545631e+01
  2.25746810e+01  2.50740565e+00 -1.20646897e+01  3.61451782e+01
  2.12230105e+01 -6.88953977e+01  1.49888797e+01 -1.16759244e+01
  1.18731987e+01  2.86655299e+01 -2.90186519e+01 -2.22453066e+01
  5.86897071e+01 -1.11069842e+01  3.63264808e+00  8.91632608e+00
  4.38867544e+01 -2.21867694e+01 -2.59590257e+01  4.23012176e+01
 -2.62161178e+01  5.90437087e+01  2.18199435e+01  7.31928713e+01
 -5.78646832e-01 -3.52936117e+01 -3.23060846e+00  2.58133047e+01
 -2.26348529e+01 -2.77741176e+01  3.12672404e+01 -1.52493582e+01
 -4.79538782e+01 -9.47391219e+00  5.23028689e+01  2.54527660e+01
  1.79972954e+01 -5.90428941e+01  2.24538208e+00 -3.55264777e+01
  5.84513240e+00 -1.33570105e+01  3.71287262e+01  1.75499095e+01
  7.21530379e+00 -1.39497660e+01  3.98157787e+01  6.74847110e+01
  4.12106065e+01 -2.65864945e+01  9.51822908e+01  7.58390071e+00
  6.08280462e+01 -3.62492447e+01  2.52195625e+01  5.82031356e+00
  2.40680253e+01  2.09412495e+01 -6.10223223e+01  3.71560478e+01
  2.34631144e+01 -4.32338996e+01 -1.10598148e+01  2.67574488e+01
  1.51586931e+01  1.40034243e+00 -9.95925458e+00  5.71798309e+00
  4.56289825e+01 -4.38320632e+01 -4.80386400e+00 -1.83158649e+01
 -5.50870088e+01 -7.18963441e+00 -6.42090295e+00 -3.67650310e+01
 -1.09943408e+01 -1.03102419e+01 -1.47086618e+01  3.88055009e+01
  2.04915243e+01 -5.34491166e+01  3.73793487e+01 -8.00224135e+00
 -1.53252308e+01  3.28205228e+01 -7.96466006e+01 -2.65368054e+01
  2.51907280e+00  3.03337836e+01 -7.86486418e+01  8.86551091e+00
  3.25683717e+01 -2.12623915e+01 -7.02568752e+01  4.34093756e+01
  1.10341949e+01 -3.34621094e+01  4.15745191e+01 -6.44165300e+01
 -5.49028925e+00  3.92127327e+00  1.46094027e+01  4.30249103e+01
 -5.25110435e+00 -5.05100339e+01 -4.57133403e+01 -2.14252460e+01
  9.92392498e+00 -3.11039927e+01  4.34969103e+00  3.33726347e+01
  7.90720025e+00  6.40966489e+00 -1.25551055e+01 -2.41986338e+01
 -2.11874380e+01 -2.93979396e+01 -2.28110083e+00  4.22164909e+01
 -1.73189509e+01 -2.19471732e+01 -6.14354164e+01 -1.05037335e+01
 -1.12364926e+01  1.85603870e+01 -1.17365591e+01 -5.99706642e-01
 -2.08044106e+01 -1.79850311e+01 -5.71800026e+00  2.40490988e+01
  4.00521352e+01  4.55165857e+01 -4.47302344e+01 -4.85414430e+00
  1.04266581e+01 -4.48940447e+01 -7.06505784e+01 -7.66499608e+00]