[ -3.89683768   4.15985926  -4.65244147  -5.12048507  12.44299559
  -6.03589099 -21.9694166   -7.24856594  16.13747326  -3.4835014
  -3.12304964   7.30339898  -0.87262409  11.35741355 -26.0020563
   7.28434836  16.82158798 -32.31702142 -22.53462766  20.68496019
   1.80274846   9.4474311   41.72937268  13.54422196  -6.86686386
   9.79496649 -21.80159395 -19.77326015   2.62336133  -5.4058189
  11.84348764 -15.4909782  -12.18300239  -0.47795844  -0.94483294
  10.76468004  -1.59731306   4.63555502  17.50770031  11.03884977
   6.51496494   7.78385876  -5.23686125  -5.14272296 -12.58849763
   8.8408207   10.52730203  35.16524434 -12.90767287   3.75472703
   5.56376311 -18.41556787  -0.68571365 -19.89476402 -21.68910719
 -30.41911392  -7.13795266  10.69878132   2.3208196    7.13426676
   0.75499204 -12.08972521 -10.45623602  13.6240875  -31.3046211
   2.15087905   7.78049023   7.3464886  -19.90438681 -14.65961492
   5.24623347  17.80156766  13.50092716 -24.20237309  -1.37760823
  20.41064479 -23.38812222  -1.47104671   8.66486538   5.04818865
  16.09797044   3.54585013   6.54691588 -36.67766067  13.40143995
  -8.14528411  -4.99947192  -0.72069813  -0.8605315   -5.53255077
   8.08502259   8.24586833   6.33760466  10.62340914   5.74721
  -2.57353726  15.05598599  -0.43280513  22.88738868  -6.26964042
  -5.11985965 -15.86951637 -23.28790738  -8.96773577   9.53803288
 -25.09575232 -14.17278628   8.64103471   7.19713406 -18.71805413
 -26.23663609  16.51040415  13.75259732 -19.21739145   7.08255797
 -15.16481386  17.75832421  10.84534688   0.19148802  10.20166926
 -14.22072847   7.50087309  -2.54459402  18.89457436   0.78428322
 -26.1173121  -16.73275627   3.12203784 -13.07322932   2.90282483
   1.10796865  -9.80565888  10.94384694  36.74600347   1.48687434
  14.08442003  -5.66975153 -11.08989736  10.32719267   4.10235163
  17.31434668  -3.08690553  -5.69098071  -4.69498424   9.37298238
   1.83978556   7.53462345   0.21376606   9.21831394  21.11274683
   2.44608927   2.36156755  14.27235174 -17.01973358   2.93745564
  10.0047695  -13.70543776   1.02755498  -0.18864623 -18.86291251
   8.62028712   3.64378258  -5.6876402   13.98851714  10.07525035
 -26.72213786   6.24579584  -5.22262344   5.34482815  13.16678634
 -14.26290175 -10.2434544   24.00383905  -4.36505022   2.0203261
   7.36329803  17.48644316 -10.57732394 -11.53115327  17.5569113
 -11.99594287  23.18433106   6.07032805  29.77618537   1.26099053
 -13.1478718   -0.07216976  10.03102119 -10.65388862 -10.06992292
  11.46222653  -6.59754064 -20.18097523  -3.00848674  19.66558803
  10.43751462   7.00610233 -24.98098236  -2.5361544  -15.16273529
   2.93803237  -6.97383378  14.49620505   4.65731882   0.80002992
  -7.34589172  17.28847201  28.85404609  16.20382372 -12.03426921
  37.75080899   2.48739229  24.21330959 -13.57490231  10.01546791
   2.99757106   9.28083679   8.93951018 -22.93858783  14.60993914
  10.40344762 -16.3999255   -4.63093591  10.69398615   7.09818332
   0.3009419   -4.1050311    3.86530129  19.93799239 -18.3269446
   0.38054295  -7.09531825 -24.195869    -2.38718157  -4.00046109
 -15.07708473  -4.59406858  -4.59270124  -4.75022971  15.03227342
   9.3738429  -22.49220908  16.87363423  -6.72947311  -6.5224208
  13.79699311 -34.35988992 -10.76929408   0.24013015  10.8738261
 -33.92912329   3.31566914  13.27253416  -8.87321967 -28.76665227
  17.01976733   3.46967553 -13.82750699  16.97057591 -26.825457
  -3.7669863    1.31377213   6.74807822  17.6583592   -3.14171728
 -20.45415959 -18.09448607  -7.59613904   5.63709304 -13.57144275
   2.48003046  12.64418831   0.75897793   1.21929291  -6.17854076
  -8.67376239  -9.10821648 -11.43571359  -1.2482467   16.31296438
  -8.91426709  -9.17294799 -24.68764828  -4.61624063  -2.1966593
   7.08472296  -2.16821942  -0.8475026   -7.21826217  -8.98431332
  -2.16749735  11.63058495  19.08989325  16.70495796 -16.30543583
  -1.04236618   3.67523422 -19.27439982 -30.6012224   -5.02811877]