[ -4.75763418  14.88492922 -10.42661241  -8.90222029  24.24462059
 -13.26292415 -49.84875576 -12.3087044   38.35775917   0.22534401
 -11.69520578  18.25538085  -3.83081379  23.72830584 -54.53143095
  18.06350129  41.65014958 -72.29653863 -56.55917454  49.92727389
   2.49695969  20.82787393 101.40446511  32.20822116 -20.24573792
  23.68653812 -48.89680753 -43.30998641   2.87040754 -13.93144914
  35.70072461 -39.44967145 -33.41331153  -1.00050341  -1.96172474
  23.01021007  -2.10397858  11.27512292  39.95784504  30.28521234
   8.58311205  20.13911147 -14.04475154 -11.0242139  -27.23989549
  21.2701049   24.29372436  78.0098665  -29.09906693  11.79707032
  16.31238579 -42.65939223  -2.45536757 -46.54055466 -51.55667702
 -68.71886164 -22.14956703  20.07027545   9.91193541  21.24695576
  -1.87031646 -27.78799793 -21.43291352  33.89894279 -74.6250291
   5.90299924  24.91275319  18.08330015 -40.80065138 -31.24113809
   9.34801209  43.31702585  33.36925881 -55.13082571  -4.54301658
  48.91740965 -55.29393952  -0.38033768  18.95457003  17.41099026
  36.10950756  12.16041561  11.65640217 -82.14499897  32.49288686
 -23.52700313 -14.2741794    2.71061169  -1.73512579 -12.52426187
  20.0760545   18.59432725  11.16394685  22.28222218  14.18105577
  -5.42596613  36.48290049   1.63697557  52.93945805 -15.81625695
  -7.47605523 -40.2915981  -54.96234416 -22.5854365   18.37302158
 -59.88122966 -31.37357997  25.11933399  17.58437563 -44.52681269
 -62.3252039   44.05705743  27.83523089 -44.26823828  15.64492972
 -36.69474905  45.96656646  29.21972175  -4.87086355  21.98452287
 -33.76183562  19.79490128  -3.77180295  48.79286754   2.96768632
 -58.80263056 -39.42140687   9.03817884 -31.35055753   7.18567586
   7.8875408  -22.82875863  29.12030217  84.64512787   6.87919312
  36.99844784  -6.12343558 -22.95463822  25.48882297   5.27241202
  39.75595816  -6.99998557  -7.92149287 -13.30314102  22.28877017
   6.67657801  13.78957372   2.26208289  16.1951776   48.59993359
   4.16286533   4.87314017  38.65006258 -33.43753081   6.64847239
  18.87732604 -30.99406131   4.92858452  -1.16100574 -44.29543299
  20.37527724   4.26235319 -16.04752583  33.29276637  20.62845396
 -66.62052491  12.03671111 -10.80328814  11.52229251  24.2244532
 -27.18514557 -21.75719649  59.83029698 -12.09927919   6.73088442
   6.18576908  42.5264972  -22.08423831 -26.4741055   44.63859428
 -24.92898971  57.18050832  16.38480367  69.29874113   4.70463719
 -30.54778004  -4.70375858  22.65847591 -19.53745226 -27.31601777
  26.08764854 -14.82873942 -45.57552181  -7.73378306  46.42339032
  18.8286114   15.33707351 -56.84767053  -3.37798197 -30.84636042
   6.16778126 -11.973688    32.74548493  19.24112378   7.83825867
 -15.49691752  41.26212832  67.66082968  42.76572378 -24.82838108
  89.3751125    6.11304995  59.93632212 -36.78639735  19.42378541
   2.92132844  18.5865836   22.7785975  -58.21173283  38.8202785
  22.24223657 -41.92173036  -7.65803903  26.86448878  14.66525271
  -1.34143288  -8.31286738   2.80143159  41.59570435 -43.11838574
  -0.60486059 -14.46773464 -53.09480634 -15.99243499  -6.36719778
 -35.44238875 -11.36758572 -12.25806015 -13.83083691  36.0707543
  23.27739763 -46.4522153   40.56797028  -6.93487766 -15.53665048
  34.77664273 -79.12827469 -29.01819113   5.24965666  28.22616551
 -79.8231017   10.21505723  31.75982259 -19.64490047 -70.93012653
  40.16571298  11.37191045 -30.02221463  41.84284618 -60.99793318
  -6.89480911   4.05945596  15.65393702  43.3123626   -5.75303857
 -50.67762055 -46.16431431 -15.69599867   6.61381142 -31.20634326
   4.54359455  32.40538312   4.854754     6.22079153 -11.20895609
 -21.517939   -20.40923523 -29.89714322  -1.01574634  39.53103048
 -18.3758888  -24.0331289  -62.52563456 -12.43638162 -11.51697845
  19.23060968 -12.4151485   -4.08580468 -20.97287549 -17.13330172
  -3.7849029   30.93688625  38.24041518  41.18285104 -46.79147622
  -5.87771285   3.48556414 -44.08176862 -70.99546173  -6.32807372]