[ -5.1551939   13.37556796 -10.50544548  -9.80633638  18.5092388
 -11.43667839 -30.76655692  -7.87225503  28.4763945   -5.62969075
  -2.92102195  16.83059322   7.84905497  17.79777083 -34.60060297
   3.2398562   33.47913458 -46.45839154 -36.13317797  35.54078675
   1.30378984  16.68627917  66.29080667  22.90581991 -12.73655164
  18.22913845 -33.99565482 -29.57335676   6.05162112 -13.58484232
  17.51083106 -24.29616979 -30.90830849   0.93161945   1.83726646
  11.77572587  -0.39239481   3.54965208  27.46170721  16.55558199
   4.96792413  17.16930754  -8.5410005  -13.01774852 -13.25837701
  17.75157574  13.64523672  57.35450052 -17.95799986   8.28332399
  10.0533119  -29.83299716   3.64502843 -33.96203077 -39.1897706
 -47.84031253 -17.08264412  17.63460309   7.29554539  14.50175532
  -0.21954778 -10.74614301 -22.08077143  18.47666873 -56.63402317
   4.92258178  17.33961535  15.06794813 -28.76553056 -17.93806517
   5.06993379  24.21342     23.55175838 -39.35018612  -2.69070937
  31.53313441 -45.27116159  -4.57936867  10.31795528   9.88569981
  26.19840178   5.59007177  11.92315085 -51.95848402  18.43808348
 -14.45055229  -8.2136264   -0.51385374  -3.60375672  -6.07596334
  12.51814802  16.08844089  12.01571637  10.04556398  10.06676686
   0.26643436  29.37732232   0.37420055  43.63291174 -16.23738988
  -9.07647551 -23.74786976 -36.2715717  -10.72344421  16.78301861
 -46.4247354  -24.46629728  20.23417863  15.00384577 -31.8160052
 -40.36782807  33.7756293   20.18832752 -31.23662972  13.79066274
 -22.1488296   34.97475588  23.02104184  -0.28373701  18.91268575
 -18.09403993  13.31831322  -3.76189723  31.98058637   6.58673791
 -46.35754903 -21.95092235   5.9568197  -25.10765648   4.31420739
   1.84485132 -14.78450284  16.54397882  58.3590604    4.73112234
  29.0243133  -10.51335092 -18.63715321  17.63182145   2.57087194
  28.49934756  -3.37628419 -10.01092192 -14.98744137  15.69470186
   1.85689074  14.08574805   5.41196571  12.44367369  30.99119592
   0.14221902   2.16004693  26.884991   -23.3882428    9.82915195
  11.99500042 -17.07313142   6.58074623  -3.01447929 -34.46493823
  14.06419078   3.858581    -7.38648872  21.70518253  15.91426124
 -43.5696889    8.65012749  -6.04735396   5.99272335  18.88866331
 -18.46491027 -19.7120181   39.80704368  -2.77218441   9.30110844
   1.44809407  29.42632002 -11.93432069 -10.14059459  31.50518074
 -15.56398202  37.34822614  14.55040137  49.38748691  -3.88882113
 -22.51705623  -0.88837547  15.12851042 -13.25982615 -19.25303495
  22.14802535 -10.03054818 -32.92418892  -4.07357648  30.79275678
  12.90712951  12.97384183 -40.90706309   4.29615413 -19.86033501
  -1.22556889  -2.85197955  22.21177795   8.15529097   8.34086977
  -9.59729529  28.91533162  45.4191192   23.61607046 -19.68536334
  64.66332637   2.36190612  44.5324496  -24.30902448  17.43729497
   0.45066831  17.44352702  14.38574871 -41.54495813  19.61238491
  18.29142933 -28.08057576  -9.60446732  18.24497561   6.64741313
  -2.13922648  -5.90085573  -1.80008625  28.11278723 -30.89572836
  -7.12881998 -15.02750371 -35.88891271  -9.47167199  -5.01971063
 -24.3724457   -6.98240709  -5.87891496 -13.37467138  30.4188204
  14.96102893 -35.60053917  25.41665235  -4.17250376  -8.10025651
  24.29953321 -54.57588277 -13.85568769  -3.96954476  20.70795794
 -52.4018698    9.37537786  23.73721886 -17.06035061 -49.34571053
  27.40570917  10.01357891 -19.54915945  31.8796691  -44.11470448
   0.18448167   1.26471291   6.84537382  29.66106116  -2.9170169
 -30.88806138 -26.56742981  -9.39402216   5.08565988 -22.36634344
   1.77087143  22.97331703  -0.37661257   7.7469327   -6.08380836
 -17.16776953 -12.8404855  -18.49386005  -1.68110257  27.73523125
 -11.1308799  -18.03725022 -38.68243838 -10.26516927  -9.49639597
  16.70673137  -9.12432552  -1.40491823 -14.02470689 -10.99309272
   0.2734589   16.33353844  20.62511904  28.33278445 -30.0495234
  -7.14439159   5.24704686 -31.3226794  -48.38537178  -5.09621249]