[ -8.03668582  10.38363391  -9.94602493  -0.59497618  18.41179551
  -9.69662544 -42.61562442  -8.71095984  37.6974042   -0.182758
 -13.93937453  15.1505732   -5.14562037  15.53695526 -43.41582122
  11.48866494  34.78175873 -54.6786744  -41.9425036   39.0532937
   0.13086258  19.96785043  81.00444592  27.9677508  -16.81732004
  18.47513721 -35.65272045 -39.85911354   4.42189745  -9.9750137
  33.09748403 -32.95014046 -25.48644136  -6.66343772   3.12201223
  16.99128158   1.9380889    7.77183918  33.42603488  22.51066719
   5.85992722  13.62142969 -13.99314877  -7.32356026 -25.34519987
  18.17350858  18.38799743  63.91372827 -24.62615928  10.06015563
  14.02830772 -33.75378593  -4.53099316 -39.68887569 -38.43833747
 -52.51427191 -19.94266997  15.41376638   8.93686847  14.61502554
   2.68988491 -26.53634224 -19.18135574  25.48346625 -62.30849906
   6.49069797  23.67727092  15.31988367 -29.41348502 -21.71544513
   6.27930607  28.68475752  26.82081063 -41.36678773  -3.12564477
  39.52186608 -44.48685015   2.11135792  13.85883239  14.60058227
  29.39291147   6.25169908   6.41826007 -66.31752546  22.8227137
 -19.96650192 -13.14757825  -1.58804483  -0.28944582 -10.7312967
  16.99308937  14.8315985   12.0400663   21.90413113  12.34547202
  -3.47907623  32.28117471   1.0588377   45.18024743 -11.27815299
  -9.82233875 -33.1329102  -43.63554046 -22.70113664  18.29374567
 -49.97887812 -21.67194518  20.06630076  16.83989267 -34.60177505
 -54.55468968  31.94798299  26.38623095 -32.2340931   15.0770534
 -30.20611859  39.57794233  25.63435984  -4.52550276  19.93075874
 -29.66034308  13.3076992   -5.68504747  38.01009077   3.75675923
 -44.78492171 -32.24969643   5.13682261 -27.3286354    5.27699603
   6.24938959 -17.69018474  27.29085135  70.8405752   -0.28291283
  30.78825513   2.75189328 -18.43444878  24.42945288   3.5314953
  32.879997    -4.58175191  -7.21565759  -7.4779692   21.48982734
   7.63270114  14.89962234   0.39779681  13.90843554  41.51935713
   5.22042041   3.33116072  33.58802612 -28.61910859   5.55077729
  15.52177027 -24.09053697   2.14684835   1.9870578  -36.43949018
  12.73257858   2.01713618 -13.93996364  23.74282221  17.10984039
 -54.08657383   9.09456184  -7.33747641   9.59318303  19.83951863
 -22.84696275 -21.08141416  47.71743665  -7.72998508   4.1401795
   8.41968256  32.02571765 -20.54365258 -21.68567698  36.75520253
 -21.71100285  45.14508785  12.87393545  55.71284427   6.44573689
 -23.32879346  -2.0904363   15.19148529 -16.31388819 -20.36052729
  18.14141345 -11.07209646 -35.18854959  -5.87521824  36.6276128
  14.6465903    8.21835729 -47.43699899  -0.96195228 -25.2535752
   4.4844266   -8.10091228  24.77550494  10.62927807   8.46359593
 -12.27313667  34.2058255   54.03052376  32.56386523 -18.79716769
  72.42921814   4.67057409  47.11914157 -29.51309228  16.17525622
   4.84849283  11.28472052  20.10745747 -44.69073835  28.23132427
  15.58675022 -33.6243266   -9.21311557  19.95634424   9.9981495
  -3.01706691  -8.91537272   6.22519704  35.93473934 -38.81698834
  -2.91921512 -15.33521908 -45.40100891 -15.30807739  -7.39702141
 -26.01055426  -8.94546912 -12.2800384  -11.8511639   31.36959357
  19.13514996 -34.81925438  29.24298283  -8.79700445 -16.07567768
  25.66823512 -68.23983213 -23.01213733   4.28083786  16.64096332
 -66.00854052   8.47812916  20.61941124 -15.45783618 -57.75509107
  31.943524    10.02791021 -28.40903773  33.26260299 -48.06729891
  -4.18965862   6.32132134  13.08984258  34.69279476  -3.8614295
 -40.81219139 -36.48295909  -6.95784737   4.71541035 -27.73519813
   0.93186806  27.16226267   1.9095393    8.36788471  -8.01454197
 -18.91308189 -15.07067519 -24.16996921   1.16728721  29.9622419
 -19.66805363 -21.73570641 -52.04840744  -9.84820391  -7.81259462
  15.21873938  -7.94684022  -5.23857427 -19.05171238 -12.29736601
  -3.95652042  25.41090266  37.28971267  31.78297682 -33.41265897
  -2.20415917   5.15279153 -33.19110211 -56.8639345   -6.47104094]