[ -4.65172563  11.36825031  -9.83257448  -9.33834949  18.14213282
  -8.26861373 -28.57866682  -6.20257238  19.12393179  -4.46167948
  -5.27837733  12.16610274   4.47899588  16.19370428 -32.04694882
   8.56485465  27.70425493 -41.69109039 -31.73971043  26.76145261
   0.2217313   10.96418246  60.47795185  19.66261038  -9.30227432
  15.74419644 -31.37562225 -22.80857396   1.68304713  -8.01453064
  15.24129341 -21.66662809 -22.41019032   0.91423924  -1.59827309
  13.2996524   -0.37462868   6.35761417  22.01374743  14.17840082
   5.69532307  13.00654836  -8.16527372  -7.97202118 -12.43793623
  11.71810209  12.25859142  48.04418816 -15.89527778   6.02469237
   8.05497591 -26.71847795   1.7084307  -28.51819044 -31.34105442
 -41.78259448 -10.14371522  11.48590113   4.27952506  10.47473922
  -2.93522245  -8.73303868 -13.24316071  19.28008196 -44.75277494
   4.0637231   12.36336182  11.79627721 -28.2717555  -21.60035725
   5.30766642  25.73602409  21.49491102 -35.73670655  -2.74032947
  28.95196621 -33.50803636  -1.72326081   8.60614312   8.1066828
  22.26323983   7.68521318  10.60418553 -45.40464095  16.92932018
  -8.62311099  -7.10403907   0.41270393  -1.43697672  -3.97224245
  11.19094676  11.27300057   7.7376385    9.73175345   5.96313074
  -2.09375283  21.19857936  -1.64782341  35.35644382 -10.8216098
  -4.00668724 -22.84245409 -33.29835892  -7.05201717   9.5911364
 -39.80162063 -21.98966907  15.73861815  10.74130847 -29.29378957
 -34.53111028  28.17505658  18.41257974 -29.25004058  11.50221319
 -20.47182816  27.35434182  18.05968049  -1.17482745  14.42441411
 -17.28512332  13.67812437  -2.4794213   27.70729974   4.52708788
 -37.3595983  -19.74240001   7.57450599 -19.81249875   3.04986397
   0.96370532 -13.74071562  13.28844768  49.95476772   4.58021687
  22.05377533  -8.12717566 -15.21233808  11.67351678   5.72382143
  22.9746427   -2.94955172  -5.60394036 -12.22589262  12.43708327
   1.76843548  10.43090595   1.82511285   9.95708916  26.37336799
   0.97022056   0.49565035  21.44801807 -21.81611293   9.77286473
  11.07908759 -17.08755803   2.7324846   -0.16745478 -30.64793864
  14.48790971   1.18930993  -4.76493156  22.48583669  13.83772071
 -40.22675987   6.99092241  -6.63533961   6.50665161  17.8604366
 -15.7430301  -10.99534275  33.58209132  -4.51055622   4.89556146
   2.95044765  26.43239851 -11.19830066 -13.94210907  23.82566153
 -14.61775137  32.40018332  14.857847    42.88805738  -2.56380771
 -20.39358274  -4.01139366  15.92952036 -13.1276881  -16.4178012
  19.01357239  -8.42026123 -27.19443131  -4.53282401  28.53555127
  13.32250238  10.00285627 -32.17214111   3.42070344 -18.28279234
   2.55511954  -6.01792455  22.0089375   10.43992115   6.08134911
  -8.20988612  21.68400143  37.04958445  23.03993161 -16.0950986
  55.08391115   3.63373017  32.57621824 -18.51228149  15.53860947
   3.50652234  15.96860322  10.11984094 -37.11400433  21.7996093
  15.69762369 -24.78895082  -6.7467628   14.0026614    7.83417721
   1.41121145  -4.31240717   3.46958519  25.26904106 -25.26402051
  -3.28507153 -10.37039705 -31.73482311  -2.6576336   -4.08805485
 -22.60029227  -7.93520279  -4.62822207 -10.13083432  22.14302961
  10.84410741 -30.41941643  21.13785913  -1.08932002  -5.88842998
  21.06794137 -43.30339744 -13.28666394  -0.71579196  19.1385627
 -44.16582808   5.56818792  19.80049239 -13.1943781  -40.12810416
  23.73229783   6.83674298 -17.12092019  24.43290555 -37.06883683
  -0.942355     0.49445809   7.63099308  25.34959327  -3.52522891
 -26.68201404 -28.25296006 -14.3020536    5.22884233 -16.01856456
   1.42859681  19.69984443   3.94055664   4.22341255  -7.15506551
 -12.02384857 -10.77959634 -16.77059769  -0.90550911  25.37680352
  -9.03602281 -12.6237482  -35.32036372  -7.81735153  -5.17128402
  12.28218865  -8.06267107   1.11951801 -10.96115018 -10.00820618
  -4.18793231  12.95719497  19.77314093  27.16831987 -28.42700132
  -4.51087388   7.04410524 -27.16231392 -39.15289985  -5.76093143]