[ -13.76759723   23.94207653  -16.94018037  -14.42428535   40.10883488
  -17.80031597  -61.14976979  -15.21411385   56.96387347  -12.57915932
  -10.78248628   29.1737862    12.77803696   31.89157362  -68.01254538
    8.6053739    60.15260211  -91.37398126  -63.0296055    63.66696493
    0.3516763    29.40841929  122.52128366   45.42870981  -22.40389072
   32.36310063  -65.04831777  -57.71897596   10.7526709   -21.01598325
   32.94455665  -48.13699211  -52.31905535   -5.7215563     6.96325488
   21.66550745   -1.03123501   10.05998749   49.53711688   31.69085939
   13.99347038   28.39729496  -19.69471399  -22.0693022   -26.71420868
   26.19722878   26.30726107  108.54831652  -33.81943471   14.45354124
   15.19604092  -57.27459151    0.4163603   -64.20990733  -68.05943456
  -88.73616308  -29.92737238   32.17136224   10.56245342   22.24260483
    2.2377106   -24.55446807  -38.14438713   33.56834914  -99.77105183
    6.42060056   31.24433283   29.79092641  -56.23889866  -38.38354574
   13.18434848   45.46443349   44.16894728  -69.15581337   -4.71347497
   61.44300951  -82.01637466   -3.71814076   25.18275197   21.53735501
   49.79773977   11.47758886   21.00258077 -100.68737627   32.02049914
  -25.67751041  -14.88422766   -1.63123116   -6.32712401  -14.20902427
   25.27586573   29.07529512   22.82644129   23.38325998   17.86708635
   -5.11067154   55.21495176   -7.01342642   80.62406905  -31.04963312
  -18.42862588  -47.58262857  -71.16604894  -22.30783296   28.58297988
  -86.19421386  -46.15486586   32.24977077   26.91997996  -61.70305866
  -79.80168719   59.80814639   42.03505191  -59.28498645   31.94351652
  -45.13680532   62.56136128   43.88879412    3.11162502   37.59554364
  -35.00211832   23.11313391   -9.24095332   57.98995493   11.56174776
  -81.35737347  -43.44971454   10.88107076  -43.09173897    9.56306005
    1.78500482  -28.47814768   32.08516408  111.2360347     5.7608703
   47.17250933  -14.62288774  -33.52084456   34.18000457    8.94377678
   51.18650468   -5.99545026  -14.59822449  -20.29365462   30.13074219
    3.2747809    31.35630913    1.14082819   25.31816254   62.91972643
    1.76096025    3.0789695    44.64938351  -47.20124943   16.22203857
   26.90837915  -33.37947661    9.70413139   -0.75383292  -65.28090518
   25.49562114   11.58733022  -14.37954535   38.33796998   28.39382558
  -79.98788958   17.08001895  -12.18464935   13.27197307   36.2697394
  -37.25998046  -36.37344448   69.84651982   -6.68936903   11.89280795
   10.89184361   48.90381803  -25.23367748  -23.63363124   59.17826226
  -33.6518344    71.55448189   25.87277753   92.48542779   -8.49621847
  -45.98725829    2.05096582   30.28099002  -25.67441106  -30.33443552
   41.03967051  -18.14572299  -60.76614295  -12.25479257   60.78857927
   29.52122961   21.18459267  -76.33306243    7.62805331  -41.47736302
    1.37145416   -5.79672351   43.14963513   11.7182136     9.58671267
  -17.35628286   52.10038401   83.67812725   41.44189464  -35.2510342
  122.50193872    2.29523133   80.25376826  -42.55441738   30.14806503
    4.20976268   33.701232     24.52499707  -73.37421934   36.15539205
   28.74859798  -51.94041716  -21.44585435   33.77686524   15.46298581
   -2.57146958  -14.07375751    1.69183363   59.71990826  -58.04933949
  -13.3019094   -27.30699157  -69.65459962  -12.96924713   -9.11309361
  -43.53103937  -11.29710757  -14.39167034  -20.05699336   52.37064436
   26.29844835  -69.17621865   43.20719561  -13.00684386  -17.07659503
   43.12979973 -105.59977934  -27.3500229    -7.30669959   34.12692127
  -98.64948705   11.22448482   39.23833178  -31.4792253   -92.34114669
   51.67791047   16.6424365   -43.04081573   54.89029451  -80.23847652
   -4.96903706    4.33548945   13.52349766   54.1679913    -6.68603906
  -61.38393119  -51.78988195  -21.07311902   13.40034109  -41.29733934
    1.44174306   39.22590439    2.54392802   16.58846317  -15.7309557
  -35.2961766   -22.04458741  -36.28417495   -0.39728027   53.15674391
  -25.80589144  -31.90390407  -74.81711769  -17.8468782   -12.84518383
   25.98880517  -13.52449052   -1.1038838   -29.2260539   -20.84324384
   -3.12712614   26.72139501   47.86714484   53.66923493  -54.07670131
   -5.5012854    15.79457421  -58.42212911  -88.77936505  -13.76634947]