[-4.80164238e+00  8.89856006e+00 -1.15549731e+01  2.90007506e-01
  1.48093616e+01 -8.31171482e+00 -3.38117831e+01 -6.56524963e+00
  2.69133913e+01 -1.81564475e+00 -1.13228385e+01  1.04204987e+01
  5.38197383e+00  1.06449815e+01 -3.18453927e+01  5.89749207e+00
  2.71339631e+01 -4.26418966e+01 -3.00506545e+01  2.74839139e+01
  2.52847637e+00  1.90491613e+01  5.72627877e+01  2.14929703e+01
 -1.22697840e+01  1.46828745e+01 -2.59570364e+01 -2.80589418e+01
  3.16911102e+00 -7.77649087e+00  2.57395329e+01 -2.48385807e+01
 -2.41739100e+01 -4.51368482e+00  3.74009827e+00  1.44122805e+01
  3.02172739e+00  6.31283470e+00  2.51356953e+01  1.12904562e+01
  4.35938365e+00  1.10480398e+01 -1.30874902e+01 -5.47523386e+00
 -1.69560177e+01  1.22989908e+01  8.41637946e+00  4.89164473e+01
 -1.92073111e+01  7.51930964e+00  1.06592009e+01 -2.76328227e+01
 -5.11104703e+00 -2.83389095e+01 -2.89373502e+01 -4.06226928e+01
 -1.89251609e+01  1.29762952e+01  1.03192993e+01  1.20379553e+01
  2.26480480e+00 -2.05023933e+01 -1.98418319e+01  1.99409465e+01
 -4.83552041e+01  7.50889779e+00  1.85599835e+01  1.38865772e+01
 -2.11400747e+01 -1.62519770e+01  3.00605790e+00  2.17171532e+01
  2.24942505e+01 -2.86586753e+01 -1.77840492e+00  2.97496288e+01
 -3.28662215e+01 -1.00166605e+00  8.68758249e+00  9.68006590e+00
  2.18498511e+01  4.36654024e+00  7.50633907e+00 -4.89596308e+01
  1.54557108e+01 -1.29327684e+01 -9.45753482e+00  9.87089055e-01
 -1.23214475e+00 -1.07194753e+01  9.56062388e+00  1.17277983e+01
  7.96923087e+00  1.22865955e+01  9.83366617e+00  4.13512912e-01
  2.34606683e+01  5.87796672e-01  3.75244539e+01 -1.19828961e+01
 -1.35192507e+01 -2.76306417e+01 -3.29553338e+01 -1.72308115e+01
  1.35414209e+01 -3.89301097e+01 -1.56896970e+01  1.47995250e+01
  1.34389386e+01 -2.82098428e+01 -4.63588264e+01  2.79962943e+01
  2.08690589e+01 -2.35796932e+01  1.00007644e+01 -2.25226744e+01
  3.23245412e+01  2.25747016e+01 -1.07287621e+00  1.49911584e+01
 -2.18838613e+01  1.13905555e+01 -7.48028446e+00  3.02296716e+01
  3.49110283e+00 -3.51833187e+01 -2.38122897e+01  1.84433214e+00
 -2.42420090e+01  7.13976107e-01  2.54417634e-01 -1.04610520e+01
  2.07366802e+01  5.35833002e+01 -1.58785926e+00  2.49538608e+01
  4.61560873e+00 -1.32053287e+01  1.51176693e+01  2.52144032e+00
  2.19014327e+01 -3.30372218e+00 -6.43051068e+00 -7.83204819e+00
  1.38792501e+01  5.06768628e+00  1.30603228e+01 -3.52443963e+00
  1.33050724e+01  3.22822533e+01  7.38935290e+00  3.55130212e-01
  2.73654480e+01 -2.27985291e+01  8.81979734e+00  1.16119493e+01
 -1.64882143e+01  7.97456560e-01  8.35067043e-01 -2.93908731e+01
  1.06635790e+01 -1.30995477e-01 -9.68026435e+00  1.47514212e+01
  1.19322630e+01 -4.55672920e+01  5.89991435e+00 -5.98760723e+00
  4.56040464e+00  1.64716070e+01 -1.63113929e+01 -1.48191520e+01
  3.43137837e+01 -2.93214124e+00  5.31851368e+00  5.32187046e+00
  2.81458551e+01 -1.69443374e+01 -1.70642845e+01  2.71663523e+01
 -1.58647260e+01  3.52398109e+01  1.21732541e+01  4.33531575e+01
  3.03035848e+00 -1.79004025e+01 -1.22711246e+00  1.10430082e+01
 -1.19050572e+01 -1.49838095e+01  1.48708780e+01 -7.99739775e+00
 -2.71159837e+01 -3.92020390e+00  2.93583579e+01  1.11314352e+01
  6.38045521e+00 -3.89911256e+01  1.02637409e+00 -2.00565607e+01
 -1.80244003e-02 -4.34918397e+00  2.10062692e+01  8.20070629e+00
  1.11055758e+01 -9.63610887e+00  2.44996492e+01  3.87808346e+01
  2.28035816e+01 -1.47056594e+01  5.63111288e+01  1.97552914e+00
  3.25642372e+01 -2.44467127e+01  1.42771033e+01  3.21479284e+00
  1.13684220e+01  1.98180073e+01 -3.70504020e+01  1.78011257e+01
  1.23371640e+01 -2.52787425e+01 -1.16123811e+01  1.47573739e+01
  4.23480321e+00 -4.39716991e+00 -8.99492039e+00  3.25417746e+00
  2.71583910e+01 -2.77585926e+01 -4.80509094e+00 -1.49986988e+01
 -3.41392448e+01 -1.02090448e+01 -7.80557360e+00 -2.14083839e+01
 -3.86400479e+00 -7.46006291e+00 -1.14086787e+01  2.77706795e+01
  1.41814749e+01 -2.87384739e+01  1.88849562e+01 -8.59284973e+00
 -1.39394320e+01  1.74821151e+01 -5.05644004e+01 -1.44579203e+01
  8.16679024e-01  1.41662470e+01 -5.15663995e+01  6.31617694e+00
  1.36076982e+01 -1.10854995e+01 -4.45607414e+01  2.49035832e+01
  7.82545108e+00 -2.08006641e+01  2.81175613e+01 -3.63858324e+01
 -1.43434747e+00  5.40112532e+00  8.32527973e+00  2.60127623e+01
 -2.58796941e+00 -3.03017610e+01 -2.34664054e+01 -7.46078119e+00
  2.93811899e+00 -2.06636498e+01 -4.79480485e-01  2.32721140e+01
  3.32609761e+00  4.88744996e+00 -6.81739472e+00 -1.51808779e+01
 -1.44019449e+01 -1.53151805e+01  5.61382541e-01  2.35615894e+01
 -1.37345786e+01 -1.78960117e+01 -3.90705139e+01 -7.81194857e+00
 -1.07272443e+01  1.35612776e+01 -7.15395468e+00 -2.17988892e+00
 -1.32087589e+01 -9.90187791e+00 -4.93429606e+00  1.57649132e+01
  2.78486431e+01  2.52963220e+01 -2.47023470e+01 -4.58049547e+00
  7.49696477e+00 -2.34409065e+01 -4.15364282e+01 -4.74707429e+00]