[ -15.58792163   27.17115367  -13.2794875   -24.51044646   59.16724845
  -22.03594981  -89.09620979  -22.28710169   67.94075186  -19.38891454
  -10.17656109   36.91474211    3.02833592   51.38009919 -108.30307682
   29.12474441   73.98109729 -137.27100268  -92.84592913   90.47038397
    0.23542786   26.9069601   173.04569398   62.91281292  -30.34130021
   36.79825973 -101.86812877  -83.44806042    8.51799579  -24.40707326
   40.30360763  -66.41639294  -59.15401683   -7.28286314    1.80043884
   34.39705263  -10.83113669   20.79026505   71.22092909   54.69073423
   27.39946856   35.70491255  -22.78357083  -26.28668969  -42.12680827
   30.97061091   45.74422645  150.57157216  -50.29661656   18.49141863
   16.82729245  -76.49427368   -1.06715706  -81.87842819  -93.00901203
 -124.64402737  -32.6758661    42.17629226    5.37433058   27.20074401
    0.18892012  -42.16788259  -43.21845352   50.20693506 -128.99449981
    0.55913512   32.03999643   31.19254057  -86.48541834  -68.81367689
   27.95706956   71.5166303    56.82345275  -98.05359353   -0.24216787
   85.45718414 -103.23124192   -1.42817493   46.23608604   31.10887097
   70.77048124   21.1992273    24.84658479 -150.86289315   51.68235856
  -32.57884336  -14.18891802    7.81366062   -9.35184356  -18.66506496
   36.98114327   33.57891172   27.17004547   36.19835426   17.79431044
  -19.37474816   67.07399688  -11.33300983   99.92236332  -38.04105799
  -13.53803208  -65.42102867 -100.54939796  -27.78871642   35.92251817
 -108.86035683  -68.76142328   35.59170523   26.50799802  -85.70177753
 -105.08541759   78.09920366   47.61108504  -84.82344416   35.78511119
  -66.40383582   75.92392131   52.13300958    3.04488766   41.26671549
  -54.04901039   36.22408099  -11.84806176   83.3724826     4.6821606
 -102.99591173  -69.04170812   15.50793117  -49.78140016   16.58327788
    5.48137635  -36.80899408   43.15321604  150.65581726   16.16043974
   55.44218975  -28.84486815  -44.90439779   43.93821291   12.21584111
   68.43816835  -11.43403576  -17.28879126  -18.86282714   36.9908537
   -2.60921719   33.36243434   -1.70365695   33.4120194    93.7684803
    5.02661803   11.04221859   51.52264189  -66.53658793   10.45304867
   40.12386385  -49.23399174   10.85315495    3.20121462  -85.89227624
   42.7989459    20.71267625  -19.94813357   50.40583877   38.01202583
 -105.96355701   24.12051942  -24.6234132    20.9482218    52.52731213
  -56.23047464  -43.91413576   96.65440718  -21.06249492    9.45509212
   23.2880541    65.71165129  -37.59141191  -40.98714449   81.78411963
  -50.24622082  104.51710981   30.13172089  124.12231511   -7.92527246
  -68.63571723   -4.76695248   45.83531335  -43.14980564  -38.736011
   55.330129    -29.72217712  -83.48694504  -20.76741389   83.25759633
   43.42772343   34.04083727 -101.14804815   -2.94071592  -58.44691831
    9.25417474  -22.75355899   55.94776846   24.13627636   -2.41384856
  -23.12180774   68.94029213  119.83419361   59.88121707  -50.35086122
  157.21982924   -0.79803142  104.88260402  -58.22475109   36.56303844
    5.36420995   45.65869037   31.55867348  -95.66236693   61.17761375
   32.30988863  -70.95676399  -23.37659564   49.09445877   30.24279756
    5.84588122  -15.60506224   10.00880418   82.13511737  -76.32307979
   -5.07055842  -24.6481904   -93.59909397  -12.48163234   -4.76926076
  -61.51036162  -15.45161675  -19.4245263   -18.95831984   61.5639372
   33.45466935 -100.10430888   67.87212162  -21.558057    -25.10703402
   64.30258017 -146.71124871  -45.07141978   -5.77664565   49.15515569
 -138.7931397     8.89980765   59.65105475  -42.84907994 -122.22272583
   73.06853245   16.67077595  -57.02453365   72.32443771 -108.64761996
  -21.86050257    4.45669163   27.61946006   76.79223816  -12.61040219
  -94.34462665  -76.86891166  -40.00354467   25.13668603  -54.7985368
    6.83180219   46.1678953    10.96161284   19.29232902  -30.17916858
  -45.46879141  -30.61364838  -52.24232158   -2.14681772   75.71334737
  -30.72760052  -41.8276433  -109.33995703  -22.22754046   -9.70098235
   26.87546538  -12.0054933     0.75777558  -31.4219417   -35.02707241
   -7.53988561   42.95377342   73.26817942   73.28375288  -81.84206668
   -5.09352353   18.01122963  -86.61547836 -123.32933653  -22.35509248]