[  -8.18586011    9.92780939   -9.81652602   -8.95866644   33.9447355
  -18.39029178  -69.07407445  -19.28331748   49.73335099  -10.99576401
   -5.07395128   21.21071121   -8.21665105   35.18502162  -80.49514599
   22.86900464   50.3275844  -100.1145149   -71.42030651   68.21941575
    4.60619026   26.2792915   125.67544611   44.54358301  -25.9501022
   24.72131304  -67.28760278  -67.70452987    6.71661339  -19.99672918
   36.45018006  -47.36789129  -39.33970621   -4.68548334   -0.87946683
   30.25759787   -7.27599425   14.73117438   56.9855379    42.43032101
   17.52700165   22.50539261  -15.9356862   -17.63713249  -37.26952721
   28.85470589   35.06988255  106.26615605  -39.01281196   13.53963821
   16.08564683  -53.58366888   -1.65632748  -61.4187026   -66.24048226
  -89.07090609  -25.05098223   33.53016791    8.19743584   24.91894601
    4.59523372  -41.90833968  -30.84639899   37.82815369  -96.85641593
    2.92617893   24.69061427   20.76688605  -59.42167     -42.23019875
   16.83649929   50.83014074   38.72778592  -72.56633724   -3.33858304
   60.03727037  -74.1335249    -2.46607613   29.94547119   21.93833367
   52.6448759    10.80055845   16.10986613 -112.74946712   42.64570644
  -28.20927501  -15.98032151    8.23969035   -3.07598631  -18.64229206
   23.85211871   26.28873003   18.20611861   32.6989589    18.95459421
  -10.72207059   45.78160915    1.67923833   66.60381068  -19.00190282
  -12.59812848  -48.61632837  -71.47815461  -30.17557177   31.82695166
  -73.0776459   -43.67199027   24.76654818   17.28038034  -56.87656162
  -78.85914843   53.01083074   34.61991314  -54.92036447   19.94471397
  -44.57292836   55.08143089   34.04232955    0.22703044   26.47704567
  -47.37334804   23.94765505   -9.28166019   55.98237226    3.13333971
  -76.00112611  -56.8731051     7.52136949  -39.96824811   12.27870883
    6.57316991  -24.81368495   38.39771182  108.78568812    7.54329772
   47.69689511  -15.54560186  -31.26148824   36.76908718    4.92850769
   51.92847999   -8.10027408  -17.15375933  -10.75139733   29.57122837
    3.74988871   18.73060586    1.81176009   23.59254266   67.66983401
    5.62346564   13.46981293   41.25730113  -49.6745569     2.94703518
   29.31946915  -39.81783375    0.87509271   -1.27697933  -52.91348295
   27.46740117   12.12898099  -21.08680953   33.53734886   27.12412853
  -76.72746239   21.50223004  -16.70040894   13.75577477   40.09418891
  -41.55086196  -35.9867599    79.27810542  -19.19257302    9.28203061
   17.6574637    51.00916971  -33.18802616  -33.48221894   59.94690375
  -36.12725384   75.89409833   12.8167595    88.83501041    7.35322125
  -41.95336828   -4.63902052   26.35017753  -33.48587107  -29.0520056
   34.77008849  -21.97252628  -60.21260938  -10.53234939   55.52783511
   28.08791151   22.42840018  -78.82538825  -10.36457139  -39.66792153
    9.10432014  -18.84813866   39.2701116    17.28908745   -2.61531971
  -18.9181282    57.74963205   90.91699159   49.88791314  -37.23806819
  109.66755474    0.76586049   77.23748684  -45.92728368   26.06990985
    0.18117718   27.99280781   28.54955828  -66.30164077   47.13173982
   26.54506389  -52.68092664  -13.99213075   35.14113757   23.64346115
   -1.28426765  -10.87453475    7.20214883   59.49440313  -54.58726647
    1.84045609  -11.79739712  -67.30135754  -16.9154728    -6.06824977
  -46.0281954   -13.88702221  -13.51565814  -11.75000024   49.77709873
   32.32518989  -67.50310718   52.88630826  -20.14583187  -20.75752043
   46.50910872 -108.69622169  -38.24098375    2.06658702   33.55233992
 -105.26483796   10.92013723   41.88749973  -26.03826344  -87.33516039
   49.46436032   11.14144262  -40.96882082   56.79363219  -79.2936544
  -18.83229789    4.55142764   23.77331217   56.39737734   -7.23845367
  -71.34819034  -53.94454392  -20.90175507   17.99039113  -46.31368621
    7.70860222   33.39314889   -1.13882386    2.91948753  -18.30746547
  -29.40004385  -24.58772098  -31.05450018   -7.37168747   47.33776162
  -26.56401967  -30.20237528  -78.389154    -16.63059423   -9.69548985
   20.35174278   -7.04165159   -3.09471709  -23.51052208  -28.00389566
   -1.91410642   43.6712329    54.76945224   47.59554757  -53.19953823
   -8.6884012     4.75416225  -60.14977896  -94.47871775  -12.83358293]