[ -3.50134721   4.9345129   -2.30757959  -5.71249077  10.74453371
  -4.81137003 -17.72573626  -4.90738537  13.44084503  -2.07162343
  -1.83528358   7.59422661  -0.38283208  10.77867107 -19.90872644
   5.27376002  13.20535003 -25.25765084 -18.36937815  17.14922701
   0.44236733   5.40511123  33.99136347  11.37752523  -5.52820781
   7.91110067 -18.96238252 -15.36393233   1.89230511  -4.27728328
   7.37574866 -12.5373819  -10.72035582  -0.12618689  -1.04537855
   6.27472144  -1.16086332   3.62277475  13.5585795    9.31187404
   5.1243639    8.12084658  -3.64433739  -6.22705319  -9.36198598
   7.75029565  10.17392802  28.94380771 -10.2666318    2.97301529
   2.79213497 -13.65943034   0.18567525 -15.85362956 -18.21900975
 -23.42463557  -6.00522953   9.32752929   0.83902966   5.46299201
  -0.5024852   -6.10541217  -8.71149824   9.06951138 -24.41419838
   0.48940339   6.15521566   4.91992068 -17.63484887 -12.42756501
   5.1629602   13.88030873  11.104082   -20.17200162  -0.38696307
  16.45887786 -20.3869153   -0.17765381   6.9971271    5.06777349
  12.57026451   3.38239136   4.16691816 -29.24757957  10.40997623
  -5.86982852  -2.6207034   -0.09892613  -0.34154356  -3.59909686
   7.03820443   6.44821309   5.52420143   6.54510894   3.39885578
  -2.64926361  13.00015598  -0.94942893  18.45550261  -5.7525579
  -2.11001382 -12.38422222 -18.15116483  -5.29239237   7.01457122
 -23.18096184 -13.74931359   8.05889003   5.96519837 -16.44263855
 -18.48659726  14.66199916  10.72909291 -15.37246594   7.22132716
 -11.26257873  14.47293625   8.79238583   0.07981472   9.59212567
 -10.04614038   7.20880843  -0.46570135  15.08289374   0.48103405
 -20.88603778 -12.58096712   3.37735503 -10.47292721   2.60996219
   0.34090213  -6.74252697   8.15330833  30.36824614   2.38105383
  11.11657832  -6.49216998  -9.48381077   8.95473092   3.70315614
  13.76030543  -1.7741212   -2.94874431  -4.41922999   8.27678689
   0.90443621   6.82036731   0.93111103   6.24655762  16.00284007
   0.68057911   1.48825272  10.3070728  -12.41471175   3.26972789
   8.42200245 -10.6432236    1.43588929   0.36945772 -17.56577999
   7.63662368   3.3396053   -2.73102481  12.7071505    6.55224166
 -19.69634663   5.31773257  -5.43660059   5.12052973  10.43109602
 -11.05490727  -8.07921777  19.29473842  -3.91341111  -0.15808906
   3.88937158  13.38490724  -5.95073815  -8.40322253  14.67574646
  -9.82982662  18.94430419   6.77357694  23.93537803  -0.92364777
 -13.45830648  -0.11122604   8.82333972  -9.42322984  -8.31624726
  10.88871792  -5.50456934 -16.0123062   -3.80975248  15.52581364
   8.65542136   6.04810779 -18.79469177   0.71170105 -12.25767947
   2.521019    -4.91661163  10.97133872   4.20996344  -0.10026426
  -4.61936393  14.26146888  22.33871886  12.92897474 -10.50627677
  31.30046482   1.24851634  21.31274994  -9.9747828    8.4260917
   2.82152875   8.14020633   5.0995948  -18.8113109   11.61020369
   7.94661295 -13.65362566  -4.6201398    8.85841061   5.4151193
   0.17208965  -2.52633205   1.73590086  15.88158791 -15.56684546
  -1.47415769  -5.67991946 -18.14461736  -2.08586378  -2.21285381
 -10.78222708  -4.20867551  -2.92784833  -4.04364268  12.01939884
   5.78372006 -18.86121468  13.29909407  -3.04543014  -4.56287462
  11.68562506 -27.42257234  -7.83942912  -1.19084008   8.49481048
 -25.44451467   2.18251552  11.24926082  -8.65504231 -22.67976047
  14.90809559   2.59620519 -11.25510996  13.72605404 -21.79571754
  -2.65747943   1.3507181    5.93455215  14.44749871  -2.04167059
 -15.60300801 -15.46995968  -6.48912548   5.51731148 -10.85405117
   1.58180565   9.45538102   2.22206489   3.68971371  -5.2157566
  -7.69167968  -5.39987141 -10.55859208  -0.86769088  14.44151199
  -4.92053546  -7.04845155 -20.53877101  -3.9468457   -1.39990911
   5.88542887  -2.69485007  -0.16285781  -6.13023581  -7.16796834
  -1.83192637   8.0138336   14.28131008  14.34115923 -14.0672147
  -0.98953259   3.152029   -15.67007513 -23.62615374  -3.54347772]